0000000000000000
1111111101100110
0001001011000110
0111010000110001
1111010100110100
1001000001110001
0010001100001001
0110100001110110
1100011111101011
1010001001111011
0100101101100001
0100110101100011
1010001111011110
1100010111101111
0110011100110111
0010010001101101
1001000101000100
1111001001110101
0111001100110000
1111001101100001
1000110111010011
0010001100010000
0110100100100111
1100100010000100
1010000001001110
0100110110000000
0100111000101100
1010001101101010
1100010101100110
0110100100000100
0010010101111000
1000111100010100
1111001100110011
0111001001011110
1111010101001110
1000111110111110
0010000111011000
0110100010010101
1100011001110000
1010001110001101
0100110001010011
0100110110001011
1010010001000101
1100011000001111
0110100100110101
0010010000110100
1000111101110011
1111001001110000
0111001001011000
1111001101001001
1001000000010100
0010001011100111
0110100100011100
1100011101000011
1010001011001110
0100101111011010
0100110101011001
1010001101000011
1100010100100000
0110011111001100
0010010000011111
1000111111011010
1111001111100000
0111001101001000
1111010010101110
1000111101010001
0010001100101001
0110100000101011
1100100001000000
1010001000001000
0100101101110010
0100110101001010
1010001111110011
1100011000010001
0110011111101110
0010010001010011
1000111011010101
1111001100001100
0111001100001010
1111010001111110
1000111101110011
0010001010000111
0110100010110101
1100011110101011
1010000110010010
0100101111100101
0100110100000011
1010010000011111
1100010110100001
0110100001100111
0010010000101011
1000111111100011
1111001111111110
0111001010101110
1111010111010010
1001000000100011
0010001011010110
0110100101000010
1100011101100101
1010001001101101
0100101100001010
0100111001100000
1010001010110110
1100010110000011
0110100011100100
0010010001100001
1000111011110010
1111001110111100
0111001001011011
1111010011010111
1000111100011110
0010001100110000
0110101000100101
1100011101110011
1010001100000110
0100101110010010
0100110110010100
1010001101100101
1100010101100010
0110100010110100
0010001110110000
1001000010011101
1111001001011100
0111010000101011
1111010010101100
1001000001101110
0010001011001011
0110100101101100
1100011100000000
1010001011111111
0100110000101111
0100110100011111
1010001101010111
1100011011000111
0110100000010101
0010010000110100
1001000101101011
1111001011110111
0111001011001110
1111010101101011
1000111110100101
0010000111111100
0110100101001010
1100011010101110
1010001011101101
0100101110111011
0100111001001100
1010001100110000
1100011001001111
0110100000011111
0010010101001111
1000111101001101
1111001100110010
0111001100100001
1111010101111110
1001000001100101
0010001001010111
0110100011101001
1100011100110001
1010001100110010
0100110000001110
0100110100000110
1010001001101110
1100010000111011
0110011110100101
0010010000000001
1000111001111111
1111001001100001
0111001000000001
1111010110010111
1000111110100001
0010001100010111
0110101010010011
1100011010110101
1010001010100011
0100101111100011
0100110100111111
1010001111100010
1100010011010101
0110011011011001
0010010100111011
1000111110111101
1111001011100111
0111000110101100
1111001111100010
1000111110111110
0010001010011001
0110100011100111
1100011101000011
1010001010011101
0100110101011001
0100110110000100
1010001101100011
1100010100000010
0110100010111110
0010010011010001
1000111111110000
1111001110000110
0111001011010011
1111010010000100
1001000000101010
0010000110110101
0110100100100110
1100011110000100
1010000110001001
0100101110010101
0100110000111111
1010001111101000
1100011000011111
0110100111011110
0010010001001100
1001000001111110
1111001111101001
0111001010011101
1111010111000011
1001000000111111
0010001101000011
0110100011011100
1100011101111000
1010001001001010
0100101111000000
0100111010010110
1010001001111100
1100010010010111
0110100101110011
0010010011010100
1001000000101010
1111001111000011
0111001101010110
1111010101101000
1000111000111101
0010001001000110
0110100101010010
1100011110001101
1010001000110101
0100101010101010
0100110111111110
1010010000101011
1100010110110111
0110100011001000
0010010100101101
1000111100101011
1111000111011010
0111001111000011
1111010100101101
1000111010111111
0010001100000111
0110100100011011
1100011110101011
1010000110001011
0100110001100101
0100111011010111
1010010000010101
1100010010000110
0110101000010000
0010010111011010
1000111110011100
1111001101100001
0111001001011000
1111010101101101
1000111110111110
0010001101100100
0110100100100100
1100011100001100
1010000011110010
0100110010100001
0100110100000101
1010010011100001
1100011100100110
0110011110111001
0010010000110101
1001000000101101
1111001101000000
0111001100011100
1111010011001111
1000111100110000
0010001000101100
0110100111110100
1100011111000000
1010001100001001
0100110001000111
0100111010010111
1010001100110010
1100010111110011
0110100000100101
0010010000010001
1000111100100100
1111001101011111
0111001001001010
1111010101010110
1000111101011000
0010001100100010
0110100100101101
1100011110001011
1010001001011000
0100110000100001
0100111001111000
1010001100110111
1100010101111110
0110100000000101
0010010011011010
1001000000011110
1111010000011000
0111001010100000
1111010011001011
1000111100101111
0010000110101110
0110100100111010
1100011001011001
1010001000010101
0100110011100110
0100110010110101
1010001011001101
1100010100101110
0110100110101000
0010010001011000
1001000000100000
1111001011010101
0111001101011111
1111010101000100
1000111101010110
0010001101101100
0110101001100110
1100011110100110
1010000111011010
0100101010111100
0100110101011111
1010001101111010
1100010100001111
0110100001001010
0010010010101010
1000111111111100
1111010011000000
0111001001010101
1111010001111000
1000111011111110
0010000111100000
0110100011111100
1100011101010010
1010001010101011
0100110100100001
0100110000001011
1010001011000001
1100010110101100
0110100100100011
0010010011001011
1000111111111100
1111001111110011
0111001001101101
1111010000101110
1001000011111010
0010001001000110
0110100100100101
1100011011001001
1010000011100111
0100101110100110
0100111001001101
1010001011101010
1100011001001011
0110100011110010
0010010100011010
1000111100101001
1111001010100110
0111001100010001
1111010011010100
1001000000000001
0010000111010110
0110100011101000
1100100000110011
1010001100000100
0100110000010010
0100111000011001
1010001110100011
1100011010011101
0110100010110001
0010010010010010
1000111111011011
1111001100101110
0111000110000111
1111010011001111
1001000001001000
0010001001001111
0110100011000010
1100011011101111
1010001010100000
0100101010101011
0100110011001101
1010010000111000
1100010101110110
0110100100101101
0010010101111101
1000111101101100
1111001100000110
0111001011100010
1111001111111101
1000111111010010
0010001100110000
0110100110110011
1100011010000001
1010000110110011
0100101110000101
0100110101001101
1010010000001000
1100010011010001
0110100101001100
0010010011100101
1001000000000001
1111001010001110
0111001100000000
1111010110010000
1000111111100010
0010000111100100
0110100011011110
1100011100001111
1010001011101110
0100110001111101
0100111001111011
1010001111101000
1100010011000110
0110100000111100
0010001100110011
1001000001001011
1111001010100101
0111000111101111
1111010000011011
1000111111011100
0010000110010001
0110100001000111
1100100010101001
1010001010001011
0100110010011101
0100110110110110
1010001100000011
1100011001001011
0110011110011010
0010010000011111
1001000001110011
1111001110010010
0111001010011011
1111010011101011
1000111011100101
0010001001101100
0110101000000011
1100011101100100
1010001011001010
0100101110001011
0100111000001101
1010010000110110
1100011011010111
0110100011010011
0010010100101101
1001000011011110
1111001100101001
0111001011010001
1111010110010011
1000111101101110
0010000111000100
0110100101001001
1100100001101000
1010000001101101
0100101100101000
0100110111001110
1010001110111101
1100011000111101
0110011100100101
0010010011000000
1001000010111001
1111001001111100
0111001111100000
1111010100110011
1000111101110110
0010001010100111
0110100011011011
1100011101100011
1010001100100111
0100110100011110
0100110110111100
1010010010111100
1100010110000000
0110100000011110
0010010000011110
1001000010100111
1111001110000010
0111001100011000
1111010000010001
1000111110010011
0010001001100000
0110100101000101
1100011100100011
1010001011111110
0100110001000010
0100110111100110
1010010110000001
1100010111110100
0110100011110000
0010010001101000
1001000010100110
1111001101000000
0111001011001001
1111010000101100
1000111001101000
0010001011011111
0110100110110100
1100011101110100
1010001110110100
0100110001001101
0100110111001100
1010010011010101
1100010110001100
0110100101010111
0010001111101001
1000111111001001
1111001001010101
0111001110111100
1111010010011101
1000111101011100
0010001000010010
0110100111000111
1100011011111100
1010001010100011
0100101110010111
0100110111001000
1010001100011101
1100010111010010
0110100101000011
0010001110111100
1000111110100001
1111001100001010
0111001001011101
1111010011101000
1001000001001010
0010000110010011
0110100000011100
1100011111101010
1010001010111110
0100101101011000
0100110111000100
1010001100111110
1100010000100100
0110100110101110
0010010001100100
1000111100000000
1111001010010001
0111001011101110
1111010011100010
1000111110111001
0010001001011011
0110100011100010
1100011101010100
1010000100101110
0100110000011110
0100110101111010
1010001100100100
1100010110100011
0110011110010001
0010010001101111
1001000000000101
1111001000110001
0111001001001110
1111011000111111
1000111101111010
0010001001111011
0110100101110011
1100011111111101
1010001000100001
0100110000101111
0100111000100001
1010010000110100
1100010110110101
0110100011100000
0010001111101001
1000111110100000
1111001001111010
0111001010011110
1111011001100011
1001000001101100
0010001001101110
0110100011110111
1100011011110101
1010001010011001
0100101111011110
0100110111000101
1010001011011110
1100010100111111
0110100000011001
0010010000000011
1000111101000000
1111001100101010
0111001010000101
1111010000111110
1000111110110100
0010001001101000
0110100101011100
1100011110001010
1010001010100110
0100101111000111
0100110011010110
1010001101010110
1100010101111101
0110100011011110
0010010010001010
1000111101011110
1111010000010001
0111001011100000
1111010110010011
1000111011010011
0010001000001001
0110100110011110
1100011010110011
1010001101010101
0100110000111100
0100110011011100
1010001110110011
1100011010100101
0110100100001111
0010010011010111
1000111011000010
1111000111001011
0111001100101101
1111010001100000
1001000000101011
0010001000110111
0110101001000100
1100011101111000
1010001010100101
0100110001111010
0100110110101111
1010001001010110
1100011000100010
0110100010100100
0010001101100000
1001000010101111
1111001100101101
0111010001101101
1111010101011111
1001000000010001
0010001010110111
0110100011001110
1100100000101001
1010001001001000
0100101110111101
0100110111111000
1010010000110111
1100011001010011
0110100010111001
0010001110000010
1001000000110111
1111001011011111
0111001010110001
1111010110000001
1001000010000100
0010001010010001
0110101001011000
1100011100111010
1010001011100111
0100110000000010
0100110110010011
1010001100111100
1100010010010010
0110100100110101
0010001101100001
1000111100110011
1111001011000110
0111001111100000
1111010000110100
1000111100001000
0010001010000110
0110100111000010
1100011100010111
1010001001011000
0100110001011101
0100110010010100
1010001111110001
1100001101101111
0110100011101000
0010010011100110
1000111111011100
1111001001100010
0111001011101111
1111010011010011
1000111100000011
0010001100011111
0110101000001110
1100011111101001
1010000101011111
0100101110100010
0100110111101110
1010001101110111
1100010110110010
0110100000011100
0010001101011010
1000111110000100
1111001001001101
0111001011110110
1111010110110010
1000111101001011
0010001000100100
0110100001001001
1100011101101100
1010000101111100
0100110101001000
0100110101101001
1010001101000001
1100010111101000
0110100001101000
0010010000100011
1001000000100011
1111001000100010
0111001100011110
1111010000100111
1001000001111111
0010001011100100
0110100100010011
1100100001101011
1010001001110010
0100101110010101
0100110111111011
1010010010011000
1100010010111110
0110100111100000
0010010011001000
1000111101111110
1111001100101001
0111001101110011
1111010100010011
1000111110101110
0010000011101100
0110100110101010
1100011011011000
1010001000111001
0100110000101111
0100111000101110
1010001110010000
1100011000101010
0110100001111110
0010010011010110
1001000100010110
1111010000100010
0111001011101110
1111010000010100
1000111111010001
0010001001000000
0110100110011111
1100011011110010
1010001001101101
0100110000110000
0100110111101101
1010001011101001
1100010011110010
0110100010001111
0010010110011101
1001000000001000
1111001011011001
0111001111000000
1111010100111000
1000111101110110
0010001101000010
0110100110001111
1100011110100101
1010001101110011
0100101100010110
0100110111111100
1010001101111101
1100011101101010
0110100001011010
0010010000111001
1000111101111110
1111001011110011
0111001010010011
1111010001000011
1000111100100001
0010000111111101
0110101001001100
1100011110001110
1010000101010011
0100110000100010
0100110100111111
1010010000001100
1100010100110001
0110100011001110
0010010101100011
1000111101001001
1111001011110010
0111010001010011
1111010011110010
1001000001001001
0010001000111000
0110100000011101
1100100000001101
1010000111101100
0100110011101001
0100111001011011
1010001101100010
1100010100100000
0110100001001001
0010010100001101
1000111011100000
1111001100000100
0111001010111110
1111010101100100
1001000001100100
0010000111111001
0110100000100111
1100011010100110
1010001000011001
0100110010110000
0100110011110100
1010001100110111
1100010011010001
0110100001110011
0010010100010100
1001000001101100
1111001000001011
0111001011111011
1111010100101000
1000111111010101
0010000111110011
0110100100111001
1100011110000100
1010000111001001
0100101111100010
0100111000101011
1010001111000001
1100010001010110
0110100001101000
0010010100000111
1001000011100001
1111001011001110
0111001100100011
1111010110100111
1000111110101010
0010001101101001
0110100100010011
1100100000001111
1010001010111101
0100110100010010
0100110100000100
1010001011111110
1100011001010100
0110100001001010
0010010011010110
1000111100110111
1111001100001111
0111001011111110
1111010010010000
1000111100111100
0010001010110010
0110100011111011
1100011111010110
1010001001000000
0100101101001111
0100110110111011
1010001111110000
1100010100010000
0110011111111101
0010010100100010
1000111101011101
1111001010001110
0111001110101011
1111010100011111
1000111101001011
0010001010010110
0110101011000100
1100011010110011
1010001010100111
0100101110010011
0100110100100010
1010001101010101
1100011000001111
0110100010001101
0010010000101110
1000111101110001
1111001100010010
0111001011101000
1111010011010110
1001000001111010
0010001110001101
0110100010011010
1100011101010100
1010001011101001
0100101011010101
0100110101001100
1010000111011100
1100010110000000
0110100001000001
0010001111011100
1001000000101111
1111001101111100
0111001010111001
1111010011111101
1001000010100011
0010001111100010
0110100011001101
1100011011000001
1010000110111000
0100110001000100
0100110111110100
1010001010011010
1100010110011011
0110011110000011
0010010001111000
1001000010011011
1111001010001001
0111001110010111
1111010001001010
1001000010011001
0010001101011011
0110100011001010
1100011001001011
1010001011111000
0100101111011001
0100111000111110
1010001111100011
1100010010111001
0110100000101110
0010001111010000
1000111111011010
1111001100001011
0111001100010011
1111010101001001
1000111110010111
0010001000010001
0110100100111000
1100100000110011
1010000111011101
0100110110110100
0100111011001011
1010001110010101
1100010101001110
0110100011010010
0010001111100101
1000111100000100
1111001010001111
0111001101000000
1111010010111101
1000111001100101
0010001001110010
0110100101110111
1100011101101001
1010001010011101
0100101111001011
0100110100010100
1010010000010010
1100011010010100
0110011100010100
0010010010110100
1000111011111111
1111001010111000
0111001100100110
1111011001111000
1001000011101000
0010001010110000
0110100011100111
1100011110011001
1010001010101101
0100101110101111
0100110101111011
1010010000010101
1100010110110110
0110100100100011
0010010000010010
1000111101111110
1111010011111010
0111001101011110
1111010100011111
1001000000101010
0010001000000000
0110100110110110
1100011110000000
1010000110111000
0100110001011111
0100110101000111
1010001100110000
1100010011100111
0110100000110110
0010001111011000
1000111111001111
1111000110110000
0111001010111110
1111010010011001
1000111101001110
0010001000100100
0110100101110001
1100011111010100
1010001011111110
0100110000001111
0100110010100011
1010001101100000
1100011000000100
0110100000000000
0010010010110011
1001000011000010
1111001100010001
0111001011001111
1111010011000010
1001000000001100
0010001010110111
0110100010000001
1100011101010010
1010001011100101
0100101011100010
0100111000000111
1010010000000001
1100010100100100
0110100110000100
0010010001011110
1000111110111001
1111001101011011
0111001110000110
1111011000101011
1000111110001100
0010001010000011
0110100111101110
1100011100010101
1010001000000100
0100110000000001
0100110111100011
1010001111101111
1100010101111101
0110011110011001
0010010010101111
1000111101100011
1111010010001010
0111001000111011
1111010111010100
1000111100100000
0010001000111001
0110101001001001
1100011110010001
1010001010001110
0100101110000000
0100110100111101
1010010000100101
1100010110111000
0110100001011000
0010010010101100
1001000001001001
1111010010100011
0111001000010100
1111010100010111
1000111100101010
0010001100000001
0110011110111100
1100011101100010
1010001011111110
0100110011110110
0100110100010000
1010001101010110
1100011000100111
0110100001000101
0010010001011010
1000111111010011
1111001100111011
0111001001101100
1111010101101010
1000111110101010
0010001000101000
0110100100100101
1100011110001001
1010001000011101
0100101101101001
0100110111001110
1010010000001001
1100011100011101
0110100000001100
0010010001011111
1001000011000001
1111001100001000
0111001110000011
1111010010100111
1000111001010111
0010001011011100
0110100011010001
1100011110010001
1010001011011101
0100110100101101
0100110101010100
1010010000011010
1100011100010010
0110100010010011
0010010010101001
1000111001111001
1111001100000111
0111001000100011
1111011000111100
1000111110001110
0010001100000000
0110100001111101
1100011111001101
1010000111001011
0100110010100101
0100110101010111
1010010001001010
1100010101000101
0110100001111000
0010010010110100
1000111101010100
1111001011000110
0111001101101110
1111010000111000
1000111101111111
0010000111000001
0110100110110111
1100011100101011
1010001011010111
0100101111100101
0100110110011011
1010010000000001
1100010110010010
0110100000111110
0010010010010011
1000111011111100
1111001001111111
0111000111110100
1111010001000000
1000111110010011
0010001100000100
0110101000011111
1100011110001000
1010001101110000
0100110000010110
0100111000101110
1010001111101100
1100010101001101
0110100001111000
0010001111011100
1001000000011010
1111010000100011
0111001010001000
1111001111100000
1001000000010100
0010001011001001
0110100011100011
1100011101001101
1010010001000100
0100110001111010
0100110110000100
1010010000010101
1100011010110000
0110100010010101
0010010101001101
1001000001100010
1111000110101010
0111001010100011
1111010010111101
1001000000010011
0010001101001011
0110100000100110
1100011110000100
1010000011001101
0100101111011000
0100110110011100
1010001111100100
1100011001000011
0110011110010100
0010010001010001
1000111110101010
1111001101101011
0111001111000101
1111010101011010
1000111011111100
0010001001001111
0110100101010100
1100011101001000
1010000111100110
0100110001001011
0100110100100001
1010010001100001
1100010110110001
0110100001001011
0010010100000011
1000111101000011
1111001011101100
0111001110000101
1111010101001010
1000111101000010
0010001011010011
0110100101001000
1100011111100101
1010001100001000
0100101111100110
0100110100101100
1010001110111101
1100010010101000
0110100100001101
0010010010101100
1001000000001011
1111001000101101
0111001011011111
1111010011011011
1000111101011011
0010001000101001
0110100100101001
1100011111010011
1010001110011000
0100101101101100
0100110100111110
1010001111111100
1100010110001010
0110100010000000
0010010011011100
1001000001001111
1111001100101110
0111001011110111
1111010100101100
1000111101101110
0010000011000100
0110100100010001
1100011011000011
1010000100000101
0100101011011101
0100110101100100
1010001100110101
1100010100111100
0110100011100101
0010010011110101
1000111111101100
1111000101111011
0111001010100010
1111010101000011
1000111101011001
0010000110000000
0110100101111110
1100100000001001
1010001011000001
0100110000000110
0100110111111001
1010001111011111
1100010001000111
0110100001110101
0010010000100001
1001000000100100
1111001111100011
0111001101010011
1111011001010100
1000111011000000
0010000111000010
0110100001101001
1100011111010111
1010001010110010
0100101110111101
0100111000111001
1010001001011100
1100010001010011
0110100010001001
0010010011111000
1000111110000010
1111001011101100
0111001011101000
1111011010100000
1001000000000100
0010001011111100
0110100111001011
1100011110011011
1010001011011101
0100101111101001
0100111001001100
1010001011000001
1100010101111000
0110011111111010
0010001011101010
1001000000101111
1111001101000010
0111001001100100
1111010011100000
1000111110100110
0010000111011000
0110100011001001
1100011110100111
1010001000010110
0100101110110110
0100110011101101
1010001100111111
1100010011110000
0110100011011010
0010001010111000
1000111111000100
1111001000000100
0111001100000111
1111010010101101
1000111111111000
0010001010111110
0110100111011000
1100011011011101
1010001001001101
0100110001110100
0100110111011111
1010001110011000
1100011011100010
0110100010100111
0010010101101100
1001000010011011
1111001001111000
0111001011011011
1111010011100100
1001000010101100
0010001001100001
0110100001101100
1100011011101110
1010001010111010
0100101111101111
0100111011101101
1010010000111011
1100010010111011
0110100001000011
0010010100100000
1000111101111011
1111001110011101
0111010000011010
1111010011100001
1001000011011011
0010001010100100
0110100100100101
1100100001000010
1010001110001010
0100110010010111
0100110111111001
1010001010010101
1100011001011010
0110100110000101
0010010000101101
1001000000000111
1111001011101110
0111001010010011
1111010010101101
1000111101101000
0010001101001110
0110101001001011
1100011111010011
1010001011010110
0100101101110100
0100110010101101
1010010001100111
1100011000100011
0110101000111010
0010010011100011
1001000001000101
1111001011000000
0111001010011011
1111010101111001
1000111010101000
0010000111111011
0110101000110111
1100011101111101
1010001001110100
0100110001001000
0100110101100011
1010001100111111
1100010110111101
0110100000101001
0010001011000011
1000111101010010
1111001100100000
0111001000000110
1111010101010100
1000111100001010
0010010000010011
0110101000110011
1100011110101010
1010001011100110
0100110000111110
0100110011010001
1010001111111001
1100011000000100
0110100111101110
0010010000011011
1000111111001111
1111001010110110
0111001100100011
1111010101010101
1000111110101001
0010001000100001
0110100011110111
1100011100000100
1010001001100010
0100110001100101
0100110100101100
1010001101001111
1100011110000101
0110100010110010
0010010011101010
1001000010000010
1111001000100111
0111001100100010
1111010101010111
1001000000101000
0010001000010101
0110100110100110
1100011111111010
1010000110001001
0100101110100010
0100110110101000
1010001111000100
1100010111011010
0110100100011101
0010010100100110
1000111011011111
1111001100000010
0111001011001001
1111010010011011
1000111010010110
0010001101111101
0110101000000111
1100011111101010
1010001010001000
0100101110111100
0100101111111100
1010010000010111
1100011010010010
0110100110110111
0010010000001110
1001000111010111
1111001001111110
0111001100001011
1111011010001001
1000111110011000
0010001001110110
0110101011001011
1100100010000001
1010000011101010
0100110001110010
0100110111100111
1010001111010011
1100010110000000
0110100011100000
0010010010000100
1000111101001100
1111001011111010
0111001011000111
1111010110001111
1000110111111011
0010001110011001
0110100100101101
1100011100010011
1010001001100101
0100110000110101
0100110101101010
1010010000011111
1100010100110101
0110100100011000
0010010011010111
1001000011001110
1111010000010000
0111001001010001
1111010100100101
1000111110000101
0010001001011010
0110100110001011
1100011001011010
1010001001101010
0100110100111110
0100110110001010
1010001011101011
1100010110111110
0110100010110100
0010010000001111
1001000001001010
1111001110110010
0111001100001001
1111010001110011
1000111110101110
0010000111000100
0110101010100100
1100011100100001
1010001000110100
0100101100101111
0100110111110011
1010010000000110
1100011100000100
0110100100101110
0010010100101000
1001000001111010
1111001011101011
0111001001001000
1111010111110111
1000111100011101
0010001001101101
0110100110101110
1100011110000101
1010001011101011
0100110001011011
0100110001100000
1010010010011000
1100010000011100
0110100000110001
0010010100010110
1000111010010101
1111001101010100
0111001011011010
1111010001100100
1001000000101000
0010001011001110
0110100111000011
1100011011100111
1010001001011101
0100101011101001
0100110100010011
1010010000010010
1100010101110101
0110100101101001
0010010101010010
1000111011100010
1111001011100110
0111001011110000
1111011000110100
1000111110000001
0010001000000100
0110100111010101
1100011111010010
1010001110011111
0100110100100100
0100110100001010
1010010000001000
1100011000101101
0110100100111111
0010010100000010
1001000001011011
1111001011000000
0111001010111100
1111010000100001
1000111100100001
0010001011101010
0110100111111100
1100011101101010
1010000101100001
0100110001011110
0100110110110000
1010001101111010
1100011010110000
0110011100101101
0010010000100000
1001000000111101
1111001101110000
0111010000101010
1111010011011111
1001000010010101
0010000110110111
0110100011010100
1100011110111110
1010000101101110
0100110001010011
0100110011110111
1010001110100000
1100011001001001
0110100010110101
0010010100100000
1000111110111101
1111001111000001
0111001100010111
1111010001000011
1001000010010110
0010001010000100
0110100101000000
1100100010101011
1010001001000100
0100101001110001
0100111010011001
1010010001000111
1100010100101110
0110101000101110
0010001110111101
1000111110011011
1111000111101111
0111001101010001
1111011000101010
1000111011011110
0010001010001011
0110100110011111
1100100010011111
1010001011100101
0100110001101011
0100110111010100
1010010000100111
1100010010011111
0110100010101111
0010010011111101
1000111011111001
1111001100110100
0111001100000110
1111010010010100
1000111101001000
0010001001101000
0110100110011011
1100100000111100
1010001010001010
0100110001111010
0100110001000011
1010001011110101
1100010110101111
0110011100101011
0010010010001111
1001000010100011
1111001110110100
0111001000110100
1111010100011110
1000111100110110
0010000111100010
0110100001101111
1100011101000011
1010001011011001
0100110011011101
0100110110111100
1010010010010101
1100010101111100
0110100001110100
0010010101010011
1000111100110101
1111001111111011
0111001000111001
1111010001110111
1000111011001001
0010010010011001
0110100111111111
1100011101000011
1010001010100001
0100110001100010
0100110100101011
1010001010110011
1100011010110101
0110011111011111
0010010101000101
1000111100101100
1111001001000001
0111001010101000
1111010000111100
1000111100110010
0010001010110101
0110100101111011
1100011110111110
1010001001000010
0100101111010010
0100110110001100
1010010001011100
1100011001000010
0110100111100101
0010010000010110
1000111001100100
1111001011100111
0111001101001101
1111010101000101
1000111100111110
0010001101001011
0110100101001100
1100010110111010
1010001100001000
0100110001011001
0100110110101001
1010001100000110
1100010110110000
0110100001000111
0010010010111100
1001000000010101
1111010010011011
0111010000111010
1111010110010000
1000111110001101
0010000111101010
0110100100111111
1100011110101001
1010001001010110
0100110000001001
0100111010100000
1010001011111000
1100010111001000
0110100010111100
0010001111010000
1000111111000001
1111001101100001
0111001001011010
1111010110011110
1000111010110100
0010001000001111
0110100010001110
1100011100011100
1010000110010000
0100110100101010
0100111000100100
1010001111111011
1100011010101000
0110100100111001
0010010100110100
1001000100011101
1111001000100101
0111000101011101
1111010000001000
1001000000111011
0010001001101010
0110100111001110
1100011010010111
1010001010001110
0100101101101000
0100110111111100
1010010001010111
1100010111001111
0110101001001100
0010001110001000
1001000100111011
1111001101110100
0111001111011011
1111010010111000
1000111101010000
0010001010010001
0110100110101000
1100011011111001
1010001111110001
0100101101010111
0100110101000011
1010010000100111
1100010011100101
0110100011011011
0010010101011111
1000111110101101
1111001001111011
0111001001111101
1111010011110110
1001000001000011
0010001000101101
0110100100100011
1100011111110001
1010001101000110
0100101111101011
0100110111010000
1010001110001010
1100010110111011
0110100100100010
0010010000000110
1000111010101100
1111001011110010
0111001110001001
1111010001110011
1000111100001001
0010001010000101
0110100101011010
1100011010110000
1010001101000011
0100110000110101
0100110010001000
1010010000110011
1100010111000110
0110100001000110
0010010011011111
1001000011101110
1111000101101011
0111001001001000
1111010010110000
1000111110001110
0010001001110001
0110100011111011
1100011001010101
1010001010101001
0100110100100110
0100110110010100
1010001011011010
1100010011000001
0110100001001110
0010010101101100
1001000011000000
1111001100111000
0111001001011110
1111010011100101
1000111010111101
0010001000000000
0110101001100111
1100011011010001
1010000110111100
0100110001010100
0100111111101001
1010001101100111
1100010110000101
0110011100001100
0010010001111010
1000111100000010
1111001000100001
0111001001110100
1111010110010011
1000111011111101
0010000111001101
0110100011010110
1100011011001100
1010001001111110
0100110001010001
0100110110000001
1010001110010110
1100011011001110
0110011110011000
0010010011011111
1001000001100011
1111001011111010
0111001100010011
1111010101001110
1001000001001011
0010000110111111
0110100111101100
1100011011011100
1010001001000101
0100110011100010
0100110011101010
1010001101101001
1100010100100100
0110100000000010
0010010000000011
1000111101101011
1111010000110100
0111001000010011
1111010111100001
1000111100000000
0010001011111000
0110100010001011
1100011101010001
1010001001010011
0100110000100011
0100111100100111
1010001111111000
1100010010010001
0110011101000001
0010001111011111
1000111110110000
1111001110101110
0111001100101011
1111010101101101
1000111011000110
0010001100110111
0110101000110000
1100011100011110
1010001000101011
0100110000100011
0100111001011110
1010010010010010
1100010110110010
0110100011010111
0010010010011100
1000111100110111
1111001011010001
0111001010011101
1111010011011100
1000111110001101
0010000101101001
0110100101101110
1100011111101011
1010001010000101
0100101101100110
0100110110111111
1010001111010100
1100010110010010
0110100001101001
0010010011001000
1000111001001010
1111001001101010
0111001010000101
1111001100010101
1000111101001101
0010001101100001
0110100011000111
1100011101101111
1010000111100110
0100110000110011
0100111001100001
1010001110000000
1100010101000111
0110100010111001
0010010010010110
1000111101111010
1111000111010100
0111001010100010
1111010111111001
1000111111011011
0010001001100100
0110100100110111
1100011100111000
1010001010000010
0100101110000011
0100110111100101
1010001110001010
1100010100111011
0110100011000010
0010010000111000
1000111110011101
1111001010011101
0111001010001001
1111010000100111
1000111011010110
0010001000110111
0110100100111001
1100100000111100
1010001000000010
0100110001010000
0100110110111100
1010010001010110
1100010100000001
0110100001100101
0010010010100011
1000111111011010
1111001010100001
0111001000001111
1111010101010111
1000111101110000
0010001011100101
0110100001000100
1100011101101010
1010001001001000
0100110010001100
0100111001011100
1010010001111100
1100010010001011
0110101000001100
0010010011001111
1001000001101000
1111001010010010
0111001110110100
1111010100001111
1000111100100010
0010001110101010
0110100000110111
1100011101101000
1010001011110101
0100110001100011
0100110100110011
1010001101010110
1100010111100110
0110100011001101
0010001110111100
1000111101010001
1111001100010111
0111001011100100
1111010010010101
1001000100001001
0010001110100100
0110011111110000
1100011100110010
1010001001101101
0100101101000100
0100110110010011
1010001110010000
1100010100100000
0110100001110100
0010010000111000
1001000001001011
1111001100011000
0111001011000101
1111010101100100
1001000010000010
0010001100000111
0110100011001001
1100011110100010
1010001011001001
0100110011111010
0100111001111111
1010010000011110
1100010111000110
0110011111100100
0010010000101010
1001000000100100
1111000111101110
0111001100110010
1111010011111010
1000111100100111
0010000111110110
0110100110100000
1100011101111001
1010001000111111
0100110100010101
0100110100101011
1010001010000010
1100010001001101
0110100010111111
0010010100011101
1000111101110011
1111001010101000
0111001010101110
1111010111111111
1001000010110000
0010001100111101
0110100110101001
1100011100111000
1010000110110001
0100110000011100
0100110100101111
1010001110001000
1100010111101101
0110011110101111
0010010010010100
1001000100010010
1111001010111001
0111001000101000
1111010100111110
1000111111101110
0010001000010100
0110100110110000
1100011100110011
1010000100100111
0100101101111110
0100110101110111
1010001111000000
1100011011000110
0110100000011101
0010001111100110
1001000000111101
1111001111101101
0111000111110010
1111010010000001
