0000000000000000
1111111111010010
1111111110010100
1111111110111010
0001001100001100
0011100111101000
0011101001001001
0001010000111100
1110000011111000
1100001100001111
1100110101100010
1111100100011001
0010100111110000
0011111011100111
0010100110001111
1111101001100000
1100110110001011
1100001001001111
1110000000101100
0001001010101100
0011100010110101
0011100101010000
0001010000010011
1110000011101111
1100001011101111
1100110101000101
1111100010101010
0010100100101000
0011111000001111
0010100111100111
1111101010000110
1100111011000000
1100001010000100
1110000001000101
0001001000110000
0011100011101010
0011101001000110
0001001110010110
1101111111001011
1100000101111011
1100110001011000
1111100011100011
0010101000101101
0011111100001000
0010101000011111
1111101001111001
1100111000001011
1100000011111010
1101111101010100
0001001111101100
0011100110010100
0011101001000101
0001001111100111
1110000101010100
1100001000010110
1100110000101001
1111100100111101
0010100111100101
0011111100011111
0010101010011011
1111101011011101
1100110100101001
1100000111101011
1110000010111011
0001001001111000
0011100011001001
0011100110010101
0001010001100100
1110000011101010
1100001000011100
1100110110100010
1111100001100111
0010100101110001
0011111010101100
0010100111101001
1111100110110011
1100110010111101
1100001101011010
1110000000110011
0001001101010010
0011100100000001
0011100100110101
0001010001010110
1110000110001111
1100001010110110
1100110101101000
1111100010100111
0010100111000110
0011111101101111
0010101001000011
1111100111110001
1100110010111011
1100001010111000
1101111110001011
0001001011100101
0011100100110110
0011100100100010
0001001011001101
1110000001111100
1100001100101100
1100110011101000
1111100010011100
0010101001001011
0011111010110010
0010101001101010
1111101001011101
1100110011100110
1100001010101101
1110000000100001
0001001011111011
0011100011011111
0011100101010100
0001010000000101
1110000010111100
1100001010000111
1100110010111111
1111100001100001
0010100110110010
0011111000011010
0010101001011011
1111100111000100
1100110011101101
1100001011101101
1110000001010110
0001001110001010
0011100100100010
0011101000100110
0001001111111101
1110000010110001
1100001001000110
1100110100001011
1111100101110010
0010100110110111
0011111010000110
0010100110100101
1111101001101000
1100110111011000
1100001001101100
1101111110011100
0001001101000001
0011100000110001
0011100110011011
0001001110101111
1110000101010111
1100001010011100
1100110010001101
1111100110000100
0010100101100001
0011111010001101
0010101000111111
1111101000010100
1100110100101100
1100000110101001
1110000000110000
0001001011011100
0011100100111111
0011100111001011
0001001100100011
1110000101011011
1100001001000111
1100110100101100
1111100011010101
0010100110110010
0011111001000010
0010101001110011
1111101001011111
1100110101001100
1100001010000111
1101111100001011
0001001010110111
0011100100101110
0011100011010011
0001010000110000
1110000101111110
1100001010100001
1100110100001111
1111100010010010
0010100110011011
0011111011001100
0010101001101110
1111100110111101
1100110011110101
1100001011101110
1110000010010011
0001001101101011
0011100010110101
0011100111111001
0001001111101111
1110000111100011
1100001100000100
1100110100011111
1111100100011111
0010100110110111
0011111001011001
0010101011101001
1111101000000101
1100110101100000
1100001010010000
1101111111011101
0001000110111101
0011100101001101
0011101001000011
0001010000011101
1110000011111100
1100000110111010
1100110011111000
1111100010001011
0010100110110010
0011111100110010
0010101010110000
1111100110110001
1100110101001001
1100000110101001
1110000000110010
0001001110001010
0011100011100000
0011100101111011
0001010000010100
1110000011000011
1100001011111100
1100110000100010
1111100111101000
0010100101001000
0011111111000110
0010101001011111
1111100111010000
1100110110100011
1100001001100111
1110000010011111
0001001101010010
0011100001000000
0011100100111101
0001010001010111
1110000010000010
1100001011100011
1100110001100000
1111100100000010
0010101000001011
0011111010101001
0010101001111100
1111100100110100
1100110110111011
1100001011100010
1101111110011001
0001001011000011
0011100110110010
0011101001111001
0001001100010110
1110000110010110
1100001011100100
1100110110001010
1111100101000101
0010100110000110
0011111011000000
0010101010101100
1111100111010110
1100110100101010
1100001010101100
1110000001010011
0001001011100111
0011100101001000
0011100110001111
0001001110010000
1110000011111101
1100001001011010
1100110100011011
1111100110101100
0010100010010111
0011111101111110
0010101011010011
1111100101100001
1100111001110011
1100001011111000
1110000000111110
0001001010111001
0011100100110001
0011100110011101
0001010001111101
1110000011101110
1100001001000000
1100110101100101
1111100011001000
0010100100110100
0011111010101010
0010101010100000
1111100110111110
1100110011110000
1100001010101001
1110000001000100
0001001001101101
0011100101001110
0011101000000001
0001010001001011
1110000010100011
1100001010001101
1100110011100001
1111100101101110
0010100101100010
0011111010111101
0010101011010011
1111101001111100
1100110011111011
1100001001010010
1101111110101101
0001001110000101
0011100101000100
0011100111011101
0001010001010110
1110000100101000
1100001001100101
1100111000000000
1111100101110100
0010100011100011
0011111100011011
0010100111001110
1111101000010000
1100110100100001
1100001011101010
1110000001001000
0001001010001011
0011100110000011
0011100100111101
0001001111001001
1110000001110101
1100000111111001
1100110000110001
1111100000001010
0010100101001001
0011111001011100
0010100111011000
1111101000101001
1100110001101001
1100001000010110
1101111110001010
0001001011010111
0011100010111000
0011100101001001
0001010000011101
1110000101111010
1100001001111110
1100110100100011
1111100100010111
0010101000000000
0011111101001011
0010101101001000
1111101000010011
1100110010100010
1100001010100011
1110000000000000
0001001010111000
0011100100101011
0011100110000110
0001001110111001
1110000100100010
1100001011000000
1100110000111011
1111100010011010
0010100011010000
0011111000001001
0010101100110101
1111101000000110
1100110101110100
1100001001001001
1110000000011100
0001001011001011
0011100001011001
0011100101010011
0001001100111111
1110000010100011
1100001010000101
1100110100111001
1111100011100100
0010100110110101
0011111011011011
0010101000001100
1111101001011101
1100110011100110
1100001001010001
1110000001001100
0001001110001010
0011100111001111
0011100110011100
0001001111101000
1110000100110110
1100001000101101
1100110001100010
1111100010100000
0010100111100010
0011111011011100
0010100111011101
1111101011110100
1100110110100011
1100001001001101
1110000000010011
0001001101110011
0011100101101110
0011100101100101
0001001110001100
1110000011111000
1100001100101010
1100110100000000
1111100001111101
0010100100111000
0011111010001111
0010101010010111
1111100111000000
1100110111000100
1100001010011011
1101111011101110
0001001001000001
0011100101010100
0011100011111111
0001001101000000
1110000101110110
1100001001110010
1100110110010101
1111100010001010
0010100111100101
0011111111111001
0010101000010111
1111101000110101
1100110110111111
1100001010111111
1110000001111001
0001001101110000
0011100110000110
0011100100010111
0001010000011011
1110000110101000
1100001011111110
1100110101000001
1111100101100011
0010100111100000
0011111011101011
0010100111110001
1111101000011000
1100110101100000
1100001001100111
1101111111100011
0001001010101111
0011100100010001
0011101010000001
0001010000010101
1110000011010111
1100000110100101
1100110100000010
1111011110010101
0010101000001100
0011111101100111
0010101010101010
1111101000101010
1100110110001101
1100001010011101
1110000010000001
0001001101000010
0011100100000100
0011101001010010
0001010000100001
1110000101000111
1100001001010100
1100101111101001
1111100100100110
0010100100100000
0011111010011110
0010101010110100
1111100101110000
1100111000011101
1100001001110111
1101111110111110
0001001001000100
0011100001100110
0011100110011001
0001010001100101
1110000101111100
1100001010101111
1100110101011001
1111100001011110
0010100111111001
0011111011001111
0010100111101010
1111101101000011
1100110111010010
1100000101011001
1101111101000110
0001001010010100
0011100110110101
0011101000001110
0001010000001010
1110000100100011
1100001001101101
1100110001010010
1111100100110100
0010100111010011
0011111010010110
0010101010000101
1111100111000000
1100110111101011
1100000111101111
1101111110011100
0001001011001101
0011100110011000
0011101000101100
0001010010101011
1110000110100110
1100001001101111
1100110010111011
1111011111001011
0010101001110100
0011111110011100
0010101010000100
1111101101010110
1100110011111011
1100001010100001
1110000001010000
0001001100010001
0011100011110001
0011100101100111
0001001111111100
1110000101110001
1100001001010001
1100110101101101
1111100101101111
0010100111110101
0011111010000110
0010101010011110
1111100110101101
1100110101011111
1100000110101001
1101111101001001
0001001011000100
0011100111011101
0011100100001100
0001001111111001
1110000110000111
1100001101011010
1100110110010010
1111100110010100
0010100011110010
0011111011000111
0010101010001001
1111100110101100
1100111000101010
1100001000000011
1110000000000110
0001001100111010
0011100110011010
0011100110000010
0001001111000100
1110000100001011
1100001010001011
1100110010100101
1111100000110011
0010100111111001
0011111011011111
0010101100010101
1111101010011110
1100110100100010
1100001100010100
1101111111110101
0001001011011110
0011100101101001
0011101001101110
0001010000101001
1110000011100101
1100001001001101
1100110001001010
1111100110101001
0010100100011100
0011111100001001
0010101100100001
1111100011110000
1100110100100101
1100000111111111
1110000001100011
0001001011111100
0011100100100100
0011100100100110
0001010000101100
1110000100101010
1100001001111010
1100110011011110
1111100011111100
0010101000100110
0011111100101100
0010101000000001
1111100101100001
1100111000101010
1100001000000010
1110000001010110
0001001010110000
0011100101110001
0011100111000001
0001010010110111
1110000011101000
1100001001001111
1100110010100000
1111100011011110
0010100101101111
0011111010010110
0010101100000100
1111100111010110
1100110101000111
1100001011010111
1110000001001110
0001001111001010
0011100101000001
0011100101011111
0001010000001100
1110000010111111
1100001000001111
1100110100100000
1111100001011001
0010100101010101
0011111100010101
0010101000100101
1111100100101100
1100110100101101
1100000111111111
1110000000010110
0001001111111000
0011100011101110
0011100011101100
0001001111001001
1110000001110101
1100001001011000
1100110001110000
1111100010111110
0010100111100111
0011111111000001
0010101000011101
1111101000111011
1100110110000000
1100001010100000
1101111110101010
0001001100101011
0011100111011101
0011100110000010
0001001111011001
1110000101101011
1100001010111110
1100110010011000
1111100101110100
0010100111111000
0011111101110110
0010101011110000
1111101000001100
1100110110011010
1100000111111100
1101111111011110
0001000111101010
0011100011010010
0011101000010010
0001001101001101
1110000100110111
1100001001000011
1100110100111001
1111011111010110
0010100101110101
0011111011010101
0010101010011101
1111101000001101
1100110101100111
1100001010010101
1110000011100000
0001001111100000
0011100100011111
0011100100110110
0001001101111010
1110000011111110
1100001010010000
1100110001101110
1111100001101101
0010100101110011
0011111001001001
0010101010110011
1111100111000000
1100110110010010
1100001011010011
1101111111011000
0001001100101000
0011100111111001
0011100101000011
0001001011001000
1101111111101110
1100001011010011
1100110001100100
1111100101001000
0010100111110011
0011111100110000
0010101011000100
1111101000000111
1100110110111010
1100001001000010
1110000001001111
0001001110100100
0011100011100010
0011100110001011
0001001110000100
1110000010101010
1100001110001101
1100110101101101
1111100011111000
0010100101001110
0011111001111001
0010101010101100
1111100100011100
1100110110101101
1100000110111111
1101111100101000
0001001001110101
0011100100110001
0011101000101111
0001010000011110
1110000011111000
1100000111110010
1100110010011001
1111100110110010
0010100111111010
0011111011111000
0010101011010100
1111101001000110
1100110011111011
1100001000101110
1110000001110100
0001001000110010
0011100011111101
0011101000010100
0001010000100110
1110000010101110
1100001100000000
1100110100000001
1111100010010000
0010100101000110
0011111001010011
0010101010010101
1111101010011011
1100110110011000
1100001010111001
1110000001001011
0001001100001110
0011100100000100
0011101000101100
0001001111101101
1110000100010110
1100001010001101
1100110110011101
1111100100000000
0010100110100001
0011111100010000
0010101001101110
1111101000100100
1100110111001001
1100001000010010
1101111111101000
0001001101000110
0011100000011011
0011100101101100
0001001101111100
1110000101010011
1100001101111100
1100110011001100
1111100011010001
0010100101111110
0011111010101110
0010101000010100
1111100110111000
1100110100110111
1100001011001100
1101111111010100
0001001001101000
0011100001000011
0011100101111110
0001001101001111
1110000100111110
1100001011111010
1100101111110010
1111100110000100
0010101000100110
0011111100000111
0010101010110100
1111101011001001
1100110011111001
1100001001110011
1110000000101000
0001001011011110
0011100101101001
0011100101111001
0001001100011000
1110000011100101
1100001011110010
1100110011100000
1111100011110111
0010101000111001
0011111100010011
0010101010100000
1111100101001111
1100110100110010
1100001000110100
1101111101111111
0001001001010000
0011100100110101
0011100100111010
0001010000010011
1110000100111001
1100001011001111
1100110010001010
1111100001000111
0010100111000111
0011111110000101
0010101011111001
1111100111101100
1100110111001000
1100001000111001
1101111111000110
0001001011001000
0011100101101100
0011100110010100
0001001111110011
1110000110011101
1100001010000111
1100110101011011
1111100010001010
0010100101011010
0011111011111100
0010100111100010
1111100111010011
1100110100111100
1100001100001010
1101111111100100
0001001011111000
0011100110000101
0011101001110111
0001010000000100
1110000101011101
1100001010001011
1100110000011101
1111100010101001
0010100111101001
0011111001010011
0010100101111010
1111100110111001
1100110110011110
1100001010101101
1101111111010010
0001001011010011
0011100100001111
0011100011100000
0001001011100001
1110000100111010
1100001011010111
1100110100000101
1111100000001111
0010100110000010
0011111011010101
0010100101110010
1111101010001110
1100111000011011
1100001010110110
1101111111010101
0001001100001010
0011100110010011
0011101010010011
0001001100100011
1110000011001111
1100001000110100
1100110101101010
1111100011100001
0010100101001001
0011111001010001
0010101001100110
1111100110111001
1100110110000010
1100001011110001
1110000001100010
0001001100110000
0011100100010010
0011100110001001
0001001110100110
1110000101000101
1100001101011001
1100101110001100
1111100011011011
0010100110010001
0011111101111100
0010101010000111
1111101000001101
1100110101010111
1100001010010011
1110000000110111
0001001100000111
0011100010000100
0011101000000011
0001010000001010
1110000110000000
1100001010110110
1100110100010101
1111100111000010
0010100110010101
0011111100111110
0010101010111111
1111101001101110
1100110111101100
1100001011110010
1110000010000001
0001001010101000
0011101000001111
0011100011000010
0001010100110100
1110000001011111
1100001010111111
1100110010101111
1111100011101100
0010100011011000
0011111010101100
0010101010011101
1111101001110101
1100110111110011
1100000111011101
1101111010010000
0001001000010010
0011100100010110
0011100110101100
0001010000100010
1110000101010001
1100001001101100
1100110100111100
1111100100000001
0010100011011111
0011111001000110
0010101001011101
1111101001100011
1100110111010001
1100001011101000
1110000000111101
0001001000111111
0011100100111111
0011101010100001
0001001111101010
1110000101001001
1100001001110111
1100110011111111
1111100011011001
0010100111001110
0011110111101001
0010101011110010
1111100110110101
1100110110101110
1100001010110101
1110000001110010
0001001101000110
0011100111011000
0011100111001000
0001001111110100
1110000111000000
1100001011111100
1100110001011001
1111100100100111
0010100111011101
0011111001000001
0010101000101111
1111100111101111
1100110110101001
1100001011111110
1110000000100100
0001001101011110
0011100110000101
0011100110010011
0001001111001010
1110000001000111
1100001001101001
1100110100101010
1111100011100110
0010100101111010
0011111100000000
0010101001000101
1111101001011101
1100110011000110
1100001010000010
1110000001111100
0001001011010101
0011100101101101
0011100111010011
0001010000010011
1110000111110010
1100001110001111
1100110100011010
1111100011011010
0010101001101001
0011111010000111
0010100111101010
1111101001111110
1100110111111111
1100001010100111
1110000001101100
0001001011010100
0011100101110001
0011100101011000
0001001111011010
1110000001010010
1100001011010110
1100101110010010
1111100011011101
0010101000000010
0011111010111010
0010101011111010
1111100111010001
1100110110100011
1100001100101000
1110000010001100
0001001100001101
0011100101000000
0011100101011100
0001010001110000
1110000110001101
1100001101001000
1100110011100011
1111100010101001
0010101000001011
0011111101001100
0010101000010011
1111100111010110
1100110110001100
1100001000111101
1101111101110000
0001001011100101
0011100111001100
0011100111110000
0001010001111011
1110000000100010
1100001000101011
1100110100110001
1111100011110101
0010100100011101
0011111011101010
0010101011011101
1111101000010101
1100110011100111
1100001011000100
1101111111011111
0001001011000010
0011100011010101
0011100101000000
0001010010001000
1110000101001001
1100000111010100
1100110100000010
1111100011010000
0010100101001100
0011111111110111
0010101010001111
1111100100101101
1100110110000001
1100001000100000
1110000010110111
0001001001010011
0011100101110100
0011100011101001
0001001100010001
1110000111010111
1100001101000111
1100110100000011
1111011111111110
0010100110010101
0011110101110111
0010101010100101
1111101000000001
1100110111101001
1100001010110111
1110000000000111
0001001011000100
0011100010010100
0011100101100001
0001010001100011
1110000001111110
1100001011000000
1100110000001011
1111100000011001
0010100111111110
0011111110110000
0010101010011010
1111100111001010
1100110011010111
1100001000101001
1101111100111110
0001001101010011
0011100100100110
0011100111001000
0001001111110101
1110000011101101
1100001100001000
1100110010110001
1111100010101011
0010100110110000
0011111010011010
0010101001001000
1111101000000010
1100110101010010
1100000100101001
1110000000000101
0001001011101101
0011100100110001
0011100110100000
0001001111011010
1110000100001010
1100001000011010
1100110100111010
1111100001101001
0010100101111101
0011111000010100
0010100110011001
1111101011010110
1100110100001111
1100001011110110
1101111101111100
0001001010110101
0011100010111011
0011100110010011
0001010010111100
1110000110000011
1100001010001010
1100110011110000
1111100010010101
0010100111100110
0011111011111010
0010101001111001
1111101001010000
1100110110101101
1100001001100101
1101111110111100
0001001100010111
0011100100011000
0011100111001111
0001010001010010
1110001000001001
1100001000101011
1100110011100001
1111100011010100
0010100111000110
0011111100011010
0010100111100110
1111101000000011
1100110100101100
1100001001110100
1110000000110110
0001001001000100
0011100101010110
0011100101001000
0001010001110011
1110000111110000
1100001110001110
1100110011011110
1111100010101010
0010100111000100
0011111001111101
0010101001111010
1111100111101100
1100110100001001
1100001000000010
1110000010010111
0001001001011110
0011100110000000
0011101000101010
0001001110011011
1110000010110111
1100001000100111
1100110011111000
1111100001000111
0010100011110110
0011111100100011
0010100110110101
1111101001001110
1100110111001010
1100000101110110
1110000000101100
0001001011111110
0011100100010010
0011100101110011
0001001111101101
1110000001010001
1100001001111100
1100110100111000
1111100010100110
0010100111000010
0011111011010000
0010101010001100
1111100110100010
1100110111101000
1100001010101000
1101111111111110
0001001100110111
0011100010010000
0011100110000110
0001001101010000
1110000010110111
1100001010011111
1100110010011110
1111100011011111
0010100111101000
0011111011110110
0010101100000010
1111100110001000
1100110101101000
1100000111110110
1110000001110111
0001001110011010
0011100111100001
0011100011111111
0001001111001001
1110000111001010
1100001001100110
1100110001101101
1111100001011000
0010100110110001
0011111100100000
0010101001111110
1111100111000101
1100110011101110
1100001010001100
1110000011001001
0001001100010100
0011100100101000
0011100011000110
0001010000010110
1110000010101000
1100001100001011
1100110100011000
1111100110001101
0010100110000100
0011111110001011
0010101001100100
1111101001110011
1100110110110001
1100000100010001
1101111100000000
0001001011001011
0011100011010000
0011101001011101
0001001101011111
1110000100000001
1100001100100011
1100110100001000
1111011111111011
0010101000111100
0011111101111000
0010101011001100
1111100101101111
1100111000001001
1100001001011000
1110000001001101
0001001011010011
0011100110100111
0011100101111101
0001010000110010
1101111110011100
1100001010111010
1100110100101100
1111100011110110
0010101001001101
0011111001010111
0010101000011101
1111100101000011
1100110111111101
1100001010110010
1110000001100101
0001001011001000
0011100111110010
0011101001111011
0001010000101111
1110000100110000
1100001100110111
1100110011011010
1111100101011011
0010100101011100
0011111001001011
0010101010000011
1111101001010010
1100110111010111
1100001000011100
1110000000101100
0001001011110010
0011100011001011
0011100111001101
0001010000101011
1110000100101101
1100001100001010
1100110101010000
1111100100000011
0010100101101000
0011111101010001
0010100110001010
1111100111111000
1100111000110110
1100001000000001
1110000001000111
0001001010011000
0011100101000101
0011100101101100
0001010001011011
1110000100100110
1100001011100100
1100110110100000
1111100010110101
0010100111011100
0011111111010100
0010101010000100
1111100110111000
1100110110000010
1100001010000011
1110000001100100
0001001010111010
0011100101001000
0011100101110110
0001010000011101
1110000010010110
1100001010100110
1100101111110101
1111100010011101
0010100111111000
0011111100111101
0010101001000101
1111100100011100
1100110011111010
1100001000111001
1101111111101011
0001001011011011
0011100110100110
0011101000111010
0001001110000100
1110000010110000
1100001001110010
1100110010010110
1111100101000111
0010100100111111
0011111010000011
0010101100111111
1111101000011111
1100110011111000
1100001001000101
1110000000010011
0001001100100100
0011100100111001
0011100110000000
0001001100010100
1110000100010010
1100001011011111
1100101100101001
1111100001000110
0010101000010010
0011111011010110
0010101010000110
1111101001100000
1100110111000000
1100001000011100
1101111111110010
0001001001110000
0011100011110011
0011100111111100
0001001111010101
1110000011111110
1100001001011101
1100110010100110
1111100011101100
0010101000110011
0011111101011111
0010101010101111
1111101001101010
1100110101111111
1100001000000010
1101111101011101
0001001001011010
0011100101001000
0011100100110010
0001010010111100
1110000011001001
1100001010101110
1100110010110110
1111100011111100
0010100011011011
0011111101000001
0010100111000010
1111100110011000
1100110101011110
1100001000100110
1101111111100100
0001001001101001
0011100110001110
0011100101101000
0001010001001010
1110000101101000
1100001011001000
1100110010000011
1111100011101001
0010100100111011
0011111010010101
0010100110110100
1111100111100010
1100110110001010
1100001010001000
1101111011110100
0001001110111101
0011100110001011
0011100111111101
0001001101101100
1110000011110101
1100001001001100
1100110011011100
1111100100001100
0010100101001000
0011111100100000
0010100110110001
1111101001110010
1100110100001000
1100001100011011
1101111011000110
0001001101011100
0011100100100001
0011100111111101
0001010000100100
1110000000000011
1100001110011011
1100110011100100
1111100001101010
0010101001111010
0011111011000100
0010101001001111
1111101000101111
1100111000111100
1100001001101001
1110000000001001
0001001000101110
0011100101100111
0011100101110110
0001010010000101
1110000101111011
1100001100011101
1100110001011111
1111100001011111
0010101011001101
0011111100010011
0010101001111101
1111101001001011
1100110011100111
1100001010010111
1110000001111111
0001001010101010
0011100100100010
0011101001010001
0001010001111100
1110000010010111
1100001010110000
1100110011111110
1111100000011000
0010100011010100
0011111011011100
0010101011001110
1111100111100010
1100110011110110
1100001010001000
1101111110110001
0001001101101101
0011100011000010
0011101001110110
0001001110111000
1110000101111000
1100001000011000
1100110101100010
1111100011001000
0010100111101101
0011111010010001
0010101010011100
1111101000111010
1100111001001101
1100001011001001
1110000001100101
0001001110111101
0011100100011000
0011100111010110
0001001100110111
1110000011011101
1100001010100001
1100110100110000
1111100010101011
0010100110010101
0011111011100110
0010101010111001
1111100110101011
1100110101000111
1100001000100111
1110000001000110
0001001011010111
0011100101011001
0011100101100101
0001010010001000
1110000000101110
1100001010111011
1100110010111111
1111100000110011
0010100110111101
0011111011010010
0010101110100101
1111100111111000
1100111000000110
1100001000000010
1101111101101110
0001001101101011
0011100100001000
0011101010111000
0001001110101101
1110000110001011
1100001001101100
1100110100001010
1111100010101100
0010101010010110
0011111010110110
0010101011011001
1111101000110100
1100110101110001
1100001100011111
1110000001010100
0001001100001010
0011100000001100
0011100110101101
0001010001001111
1110000100000100
1100001001111001
1100110101101011
1111100111111111
0010100110100111
0011111010110011
0010100111011111
1111101001011010
1100110110111101
1100000111000001
1110000010110101
0001001000111110
0011100110100010
0011100011110001
0001001111101100
1110000001010111
1100000111110100
1100110100101101
1111100011100000
0010100100011101
0011111100100001
0010101100101011
1111101000101101
1100110101100001
1100001001111000
1101111011011011
0001001100011001
0011100100001001
0011100100101010
0001010000010101
1110000011001100
1100001101000000
1100110010000000
1111100010110001
0010100101100111
0011111101100111
0010101100110100
1111101000101111
1100110101101001
1100000111100000
1101111110110000
0001001101000010
0011100101110000
0011101011100011
0001010010000100
1110000001101110
1100001011111110
1100110101001011
1111100010011011
0010100110011101
0011111010011011
0010100110000010
1111100111110000
1100111000011101
1100001001100101
1101111110000111
0001001100111110
0011100110101011
0011101000000110
0001010001010101
1110000010000110
1100001011011100
1100101111111010
1111100100100110
0010100111101111
0011111001011010
0010101011010100
1111101000111001
1100110011101111
1100000111110001
1101111111100111
0001001100011101
0011100101001111
0011100101101111
0001001111010111
1110000110001101
1100001110001110
1100110011010110
1111100010001000
0010100101110001
0011111010000101
0010100110100010
1111100110110000
1100110011110110
1100001001110100
1101111110100101
0001001100001101
0011100110100011
0011100111110100
0001001100000000
1110000001100101
1100001011010010
1100110001111000
1111100001011001
0010100101100100
0011111100001111
0010101001111011
1111101010011001
1100110110110000
1100001010111100
1110000000000101
0001001000000110
0011100100001011
0011100111110000
0001010001010110
1110000011010010
1100001100010100
1100110011000001
1111100010000111
0010100101101100
0011111010100011
0010101010010110
1111100111010010
1100110110110010
1100000110001000
1110000001000001
0001001011001101
0011100100010101
0011100110110101
0001010001110110
1110000110001001
1100001000111000
1100110000101101
1111100000101001
0010100101011100
0011111100001100
0010101011011101
1111101000101010
1100110110110011
1100001100101110
1110000000001000
0001001011000110
0011100110100110
0011100101111101
0001001111011010
1110000111001101
1100001101011000
1100110001010010
1111100110110101
0010100110110100
0011111001100110
0010101010101101
1111101000000100
1100111000001011
1100001001110100
1110000001001001
0001001110111000
0011100101011010
0011100100110011
0001001111010001
1110000001110010
1100001010001100
1100110110101111
1111100010100101
0010100111001001
0011111010000001
0010101011011000
1111100111111110
1100110100010101
1100001000100010
1110000010101010
0001001001100101
0011100110011100
0011100101100010
0001001111011111
1110000010110001
1100001010110001
1100110010001011
1111100000100011
0010101010001111
0011111010100000
0010101001011011
1111101000101010
1100110110101100
1100001001000010
1101111111111110
0001001100010000
0011100000111111
0011100111001110
0001001111101101
1110000111001100
1100001000100100
1100110001011001
1111100010110111
0010100101100101
0011111010011000
0010101000010000
1111101100010010
1100110100010111
1100001001000110
1101111111001001
0001001011000101
0011100111100000
0011100111001011
0001010000001000
1110000100010111
1100001011001111
1100110001111100
1111100011010111
0010100110111111
0011111111000001
0010101100000011
1111100110111111
1100110011110100
1100001010001111
1110000000011000
0001001010001110
0011100100000101
0011100100110100
0001001111101110
1110000010100011
1100001010110010
1100110011101001
1111100100100110
0010100111010100
0011111010111001
0010100111101101
1111101001000001
1100110100101011
1100001001000110
1110000001110011
0001001010011111
0011100100000111
0011100111100001
0001001101101001
1110000101101101
1100001010100100
1100110111010110
1111100110001100
0010101000000001
0011111000111111
0010101001011011
1111101010001000
1100110011001100
1100001010011100
1110000001001101
0001001000100111
0011100010101110
0011100101111110
0001001111001110
1101111110111011
1100001000100001
1100110011101000
1111100010011000
0010100110010000
0011111010110001
0010100111101101
1111100111101111
1100110100110010
1100001011111101
1110000011010111
0001001010100101
0011100100101011
0011100110001110
0001001110101111
1110000101001110
1100001100111011
1100110101101000
1111100110101001
0010101000111001
0011111010010100
0010101000111001
1111100101111010
1100110101000111
1100001000001100
1101111110101100
0001001101101111
0011100011010101
0011100111011010
0001010000011010
1101111111001001
1100001011010001
1100110001111001
1111100100100010
0010100101100011
0011111000100000
0010101010111000
1111100111000000
1100110101010011
1100001101001000
1101111111110111
0001001010010010
0011100111110010
0011100110100101
0001001011110010
1110000101011000
1100001010100000
1100110111111001
1111100110010100
0010100111000111
0011111001010000
0010101001111010
1111100100101111
1100110100011100
1100001011000011
1110000000110101
0001001010011110
0011100100111011
0011101000001000
0001010000110110
1110000010101111
1100001100110100
1100110000011111
1111100010011010
0010100110010111
0011111010010111
0010100111110100
1111100111011100
1100110110111001
1100001000100001
1110000001100100
0001001010100111
0011100100010110
0011100111111101
0001010000101111
1110000100011010
1100001010100000
1100110011110111
1111100010100100
0010100101101101
0011111001001100
0010101011101100
1111101001101111
1100110111000100
1100001000100100
1101111110111001
0001001111010110
0011100111011110
0011101010010111
0001010000110100
1110000011010010
1100001011000011
1100110000010010
1111100100111100
0010100110011111
0011111100110011
0010101000101011
1111100110111010
1100110100001011
1100000111111001
1101111101000110
0001001101001001
0011100101011101
0011100111100011
0001001111010100
1110000011101001
1100000111101100
1100110001111001
1111100100000000
0010100101110010
0011111100101000
0010101001001111
1111100110000101
1100110111100100
1100001000011010
1110000010000011
0001001010101001
0011100100100010
0011100110110000
0001001101100100
1110000110010000
1100001010000010
1100110101000110
1111100101001110
0010100011000101
0011111001001111
0010101010000111
1111101000101101
1100110011010010
1100001000101101
1101111110110011
0001001100000101
0011100100001101
0011101000011001
0001010001010111
1110001000100001
1100001100011100
1100110111001100
1111100011000011
0010100111101101
0011111001000111
0010101010100000
1111100110001101
1100111000001100
1100001010111110
1101111111101111
0001001100001001
0011100010100110
0011100110011101
0001001111011110
1110000101110000
1100001010100101
1100110010100010
1111100100010100
0010101000110001
0011111011110010
0010101000101000
1111100111101010
1100110101011000
1100001000100110
1110000010011111
0001010001011011
0011100111001100
0011100110010010
0001001111001110
1110000101010001
1100001101111001
1100110010110001
1111100001100101
0010100110011011
0011111100110111
0010101001111111
1111100111110100
1100110110001100
1100001000100000
1101111110011000
0001001101010100
0011100100001011
0011101000101011
0001001100011100
1110000010110110
1100001001111010
1100110010010101
1111100001010010
0010100101000100
0011111011110010
0010101001001110
1111100110001010
1100110101011010
1100001001110101
1101111111111011
0001000110110101
0011100011001100
0011100111110010
0001010000001001
1110000010010000
1100001010000010
1100110011001100
1111100011001100
0010100101011000
0011111010010110
0010101011011011
1111101000110100
1100110110100000
1100001100001101
1101111111110001
0001001011111001
0011100100010110
0011100011101110
0001001110110101
1110000011110100
1100001001101100
1100110011010111
1111100100101101
0010100101101111
0011111010010001
0010101001111010
1111101000111001
1100111001001100
1100001001110110
1101111111110111
0001001100011010
0011100110000001
0011100101001110
0001001111101110
1110000011010100
1100001011101110
1100110100011110
1111100101100111
0010100101010000
0011111011010011
0010100110101110
1111100111101111
1100110101100011
1100001011101101
1101111111111000
0001001011001111
0011100000010011
0011100101111010
0001010010001101
1110000100101110
1100001011010011
1100110001100101
1111100010111111
0010101010101101
0011111011010111
0010101010110101
1111100110101001
1100110110001001
1100001000110000
1110000000101100
0001001100101111
0011101000010110
0011100101110000
0001010000101011
1110001000000000
1100001000111000
1100110101010100
1111100011001111
0010100110110100
0011111110011011
0010101001010011
1111100111110100
1100110100100001
1100001000111111
1101111111000101
0001001011110101
0011100100001100
0011100111001110
0001010000010101
1110000011101010
1100001100000101
1100110011010111
1111100010100110
0010100110101100
0011110111101101
0010101001111100
1111101000110011
1100110101001000
1100001000011011
1110000010101111
0001001111011011
0011100100101010
0011100100010001
0001010011000100
1110000100010000
1100001010100100
1100110001111100
1111100001100110
0010100111010011
0011111100001111
0010101100111010
1111101000110110
1100110101011011
1100001001001111
1110000000111111
0001001010110001
0011100011001111
0011100110101000
0001001110010101
1110000100100010
1100001100000011
1100110011101110
1111100011001010
0010100110000000
0011111011011000
0010101001001111
1111101001011101
1100110100110011
1100001100010110
1110000001001110
0001010001010101
0011100001000100
0011100111010000
0001010000101111
1110000011101000
1100001001101101
1100110010111101
1111100011101111
0010101000010010
0011111001010110
0010100101100110
1111101000100011
1100110100111111
1100001001011000
1110000010100110
0001001011010110
0011101000100000
0011100101100111
0001001110101001
1110000001100111
1100001011101111
1100110010111000
1111100101101111
0010100111011110
0011111001100111
0010101000010111
1111101001000011
1100110110000001
1100001001010010
1101111111000101
0001001101110110
0011100010010111
0011100111010101
0001010001111001
1110000011110001
1100001010011010
1100110100010000
1111100011111001
0010100100101111
0011111010110100
0010101001110001
1111101001001000
1100110101000001
1100001010100001
1101111101111100
0001001010010010
0011100011010111
0011100110110110
0001010000011000
1110000101110011
1100001010010110
1100110101111001
1111100110100100
0010100110010110
0011111001110110
0010101011010100
1111100110001011
1100111001110111
1100001001001010
1110000000010101
0001001011110011
0011100010011001
0011101011101010
0001001110101011
1110000011111100
1100001000100000
1100110000110111
1111100010110111
0010101000100101
0011111010010111
0010101000111010
1111101000101010
1100110101100111
1100001011001011
1110000000010010
0001001111111101
0011100100110000
0011101000010101
0001001100111111
1110000100110000
1100001011101010
1100110110000110
1111100110001100
0010100101111011
0011111100011000
0010101010101000
1111101000000001
1100110001001010
1100001000101111
1110000001011011
0001001010101100
0011100100100101
0011100011111110
0001010011110110
1110000101000110
1100001010110000
1100110011011110
1111100100101001
0010100111010111
0011111010001010
0010100111110011
1111101001101011
1100110101100010
1100001000111100
1101111110001111
0001001101111010
0011100100101011
0011100110101001
0001001110101110
1110000101110001
1100001011011001
1100110100101011
1111100000011010
0010100101101011
0011111100001101
0010101011011010
1111100111011010
1100110010111111
1100001010010101
1101111101010111
0001001101101111
0011100101110100
0011100111111010
0001001111110011
1110000001000101
1100001010111011
1100110011000100
1111100000110111
0010100110001010
0011111110101111
0010101000001000
1111101001001010
1100110011100001
1100001100100011
1101111110110100
0001001011110000
0011100011110101
0011100111100001
0001001110111010
1110000101100010
1100001010011111
1100110101011111
1111100000110011
0010100011010100
0011111101101010
0010101001101010
1111101000101001
1100110101010000
1100000110101100
1101111111000110
0001001010111001
0011100100011111
0011100011010101
0001001100101000
1110000100011000
1100001001110100
1100110100011111
1111100101110011
0010100110010001
0011111110110001
0010101001101110
1111101000010000
1100110101111000
1100001100000000
1110000001110000
0001001011101010
0011100100101100
0011100111001111
0001010001011111
1110000011101010
1100001100000010
1100110011111001
1111100001010100
0010100111010101
0011111010100011
0010101001101010
1111100101110010
1100110110001111
1100001010001011
1110000001100001
0001001111000010
0011100010111000
0011100111010000
0001001100100100
1110000010111100
1100001011100011
1100110100110001
1111100100010000
0010100110111001
0011111110000000
0010100101100011
1111101000011100
1100110100110001
1100001111001100
1110000001111000
0001001011011100
0011100110011110
0011100100010000
0001010001110100
1110000101001110
1100001011000111
1100110011100101
1111100111001011
0010100110000100
0011111100010001
0010101100001101
1111101001000000
1100110101111000
1100001011101010
1101111110000111
0001001000100011
0011100101001100
0011100101010111
0001001111011000
1110000011100101
1100001101101011
1100110010101000
1111100011100000
0010101001101011
0011110111100100
0010101001000010
1111101000011011
1100110101101001
1100000101101011
1101111101100010
0001001011011010
0011100011111110
0011101000000001
0001001110011011
1110000011001101
1100001100010111
1100110110001111
1111100010110100
0010100101001110
0011111001000110
0010101000110011
1111101000011110
1100110100110000
1100001001111010
1110000001011001
0001001100010010
0011100110001101
0011101000111000
0001001111110110
1110000101100100
1100001010110010
1100110001001010
1111100010111011
0010100110010100
0011111001110101
0010101011011111
1111100111111010
1100110101001110
1100001001001000
1101111110011110
0001001011111000
0011100101010011
0011100101110111
0001001110101010
1110000111101111
1100001001110010
1100110011111000
1111100010111001
0010100111010110
0011111001110101
0010101011000001
1111101001000010
1100110110011011
1100000110101000
1101111101111000
0001001101110100
0011100110101110
0011100111010111
0001010010001000
1110000011000010
1100001000101101
1100110100010101
1111100100000111
0010100111001100
0011111100010101
0010101000110011
1111101010000110
1100110101011111
1100001101001101
1101111110111011
0001001011101100
0011100011111010
0011100101100111
0001001111000101
1110000101110011
1100001001001010
1100110001101101
1111100000111011
0010100110101011
0011111101100010
0010101001101000
1111101001000100
1100110101001100
1100001010111111
1101111101100000
0001001011001101
0011100010101010
0011101000110101
0001001111100111
1110000011110100
1100000111100101
1100110101110110
1111100011111001
0010100100110000
0011111010011011
0010101010001110
1111101001011011
1100110101111000
1100001100000001
1110000010010111
0001001001110001
0011100011111011
0011100011101110
0001010001010000
1110000110000011
1100001001111001
1100110000100110
1111100101100100
0010100110000001
0011111011111111
0010101010101110
1111101000101110
1100110101110110
1100001011011001
1110000000101110
0001001100000000
0011100100011010
0011100111011101
0001001111111000
1110000100110100
1100001010011000
1100110011010110
1111011111011011
0010100011101001
0011111010100000
0010101001110001
1111100100111000
1100110110001011
1100000111100011
1101111100100010
0001000110011010
0011100101000011
0011100111011010
0001001110001010
1110000010011011
1100001010011010
1100110010011000
1111100010100100
0010100111101100
0011111011111001
0010101101011100
1111100110011001
1100110110010011
1100001001011001
1101111100111111
0001001000111100
0011100011111001
0011100110101001
0001010000001110
1110000100110101
1100001010001111
1100110011001010
1111100001000011
0010100100111101
0011111011111111
0010101001111111
1111101000010111
1100110111110010
1100001011000010
1101111111111111
0001001100010100
0011100011110010
0011100101011111
0001010010011010
1110000011110001
1100001011101110
1100101101100010
1111100011100101
0010100100001110
0011111101100111
0010101000100110
1111100111111011
1100110111011010
1100001001001010
1101111101101110
0001010001110101
0011100110101001
0011100110101010
0001010010101101
1110000110100111
1100001001101111
1100110001010001
1111100001110111
0010100101001011
0011111001011110
0010101000001011
1111101001101010
1100110101101101
1100001000101110
1110000010000100
0001001100110011
0011100010001010
0011101000101100
0001010000001101
1101111110111111
1100001010011101
1100110000101110
1111100000100101
0010100100000001
0011111110001000
0010101100100101
1111100111010011
1100110100010000
1100001001110010
1110000000111001
0001001010110011
0011100011110110
0011100111110010
0001010011001000
1110000111011000
1100001010110011
1100110101010001
1111100110100001
0010100101011011
0011111101010001
0010101001111010
1111101000010110
1100110110000101
1100001100110111
1101111110100110
0001001010000011
0011100101100110
0011101000001100
0001010001000000
1110000010011011
1100001000100110
1100110001010010
1111100100100110
0010100111001100
0011111000101110
0010100110011000
1111100101010010
1100111000001011
1100001000100100
1110000000101000
0001001100011010
0011100011111100
0011100101101000
0001010001101100
1110000001110100
1100001011011000
1100110011001110
1111100001111011
0010100101011101
0011111010010110
0010101000110011
1111101010111000
1100110011101111
1100000111010100
1110000001000010
0001001001000011
0011100101110011
0011100010111010
0001010000110011
1110000010110010
1100001010001101
1100110011000011
1111100000101101
0010100110000011
0011111101010111
0010100101111110
1111100100111010
1100110100011010
1100001010101010
1101111011110111
0001001100001101
0011100110000010
0011100110000101
0001001101011111
1110000101001110
1100001010010111
1100110101100001
1111100101110010
0010100101001100
0011111010101000
0010101100110000
1111101000000111
1100110011010110
1100001000100111
1110000000100110
0001001100010001
0011100101100011
0011100011110000
0001010011101111
1110000001111111
1100001100011001
1100110101000011
1111100110011111
0010100111110100
0011111010110011
0010101011000100
1111101010101000
1100111010001011
1100001000010000
1110000000111101
0001001000111011
0011100011110001
0011100111101010
0001001111110010
1110000011110010
1100001101011110
1100110101001110
1111100100010101
0010100101001100
0011111011011110
0010100110001110
1111101000000001
1100110011101101
1100001000010011
1110000010100111
0001001110100110
0011100001001001
0011101000101000
0001010011000101
1110000111010100
1100001001100111
1100110010000000
1111100000111011
0010100101101011
0011111011011000
0010101001010011
1111101011001101
1100110100111010
1100001001000001
1110000001010100
0001001101001001
0011100110011011
0011101001111111
0001010000010011
1110000011001110
1100001101010000
1100110110001011
1111100101100110
0010100100111110
0011111000111100
0010101011101001
1111101000011110
1100111000100100
1100001101001011
1110000000111111
0001001111101101
0011100010101010
0011100111101000
0001010000010001
1101111111000111
1100001011001110
1100110010111100
1111100110011110
0010101000111111
0011111101000110
0010101001001111
1111100111011110
1100110110001010
1100001001111101
1110000011000010
0001001000101100
0011100100100100
0011100101101111
0001001110111000
1110000011110101
1100000111011100
1100110110001100
1111100110011111
0010100110101111
0011111110001010
0010101011000001
1111101010111000
1100110100011011
1100001010010110
1110000001000000
0001001000111001
0011100100111011
0011100101000010
0001001101101011
1110000110011100
1100001011001011
1100110101100101
1111100010111110
0010101010101111
0011111110001011
0010101011110011
1111100111110000
1100111000011000
1100001000101101
1110000001000100
0001001001111100
0011100100000110
0011100110010101
0001010001000101
1110000100110100
1100000111110000
1100110010111000
1111100011001011
0010100100110000
0011111110000000
0010101010110111
1111101001110010
1100110100001011
1100001010011111
1101111111010101
0001001110010110
0011100010110010
0011100110011011
0001001111001000
1110000100111010
1100001000000101
1100110010000101
1111100100111000
0010100101110011
0011111010110110
0010100101110100
1111100101001111
1100110010111000
1100001010011010
1101111111111000
0001001100101000
0011100011110010
0011100100010100
0001001110110011
1110000110100001
1100001001101101
1100110010011101
1111100110101100
0010101001100111
0011111011001000
0010101101101011
1111101000111011
1100110101101111
1100001011000001
1110000000100101
0001001010000010
0011100110111100
0011100101001010
0001001110000111
1110000101101010
1100001010001111
1100110011111010
1111100100001010
0010101010100000
0011111101001110
0010101000100011
1111100111111000
1100110110100111
1100001000101000
1101111111010000
0001001011100110
0011100110100001
0011100110000010
0001001110011110
1110000110110111
1100001010001001
1100110100100000
1111100001100011
0010100110111110
0011111011101110
0010101000001001
1111100100010101
1100110111101111
1100001001100100
1101111111111110
0001001101010101
0011100100010000
0011100111011111
0001001101001101
1110000100101100
1100001000100011
1100110110001110
1111100111110111
0010100111100110
0011111011001100
0010101001011101
1111101010001101
1100110110001010
1100001011111000
1101111100101110
0001001011111001
0011100100000000
0011101000100010
0001010000100100
1110000100110011
1100010000000011
1100110000100101
1111100011010110
0010100100111111
0011111101100000
0010101001000110
1111101010110111
1100110101000011
1100000111101101
1101111110011100
0001001011001011
0011100011010111
0011100111110111
0001001110110001
1110001000011001
1100000110101011
1100110010110111
1111100100100011
0010101000100100
0011111011111001
0010101100110100
1111100111110010
1100110100100101
1100000110111010
1110000001011001
0001001010101001
0011100110100010
0011100100100111
0001001111111010
1110000010100001
1100001001011000
1100110000111110
1111100010100000
0010101011011101
0011111100110100
0010101011010011
1111100111111000
1100110111110010
1100001001110010
1110000000010110
0001001010010011
0011100100101001
0011100100000010
0001001011111010
1110000100111001
1100001011011110
1100110110011011
1111100011110111
0010101001101101
0011111101001010
0010101000100101
1111100111101001
1100111000000010
1100001111010101
1101111111101001
0001001010010101
0011100100010101
0011100111110110
0001010100010111
1110000101110010
1100001011111101
1100110010011011
1111100100001000
0010100101101110
0011111100111101
0010101110001110
1111101000001100
1100111001110101
1100000111000111
1101111100100011
0001001100001010
0011100101101000
0011100101101100
0001010001111011
1110000101001111
1100001010000100
1100110001001001
1111100100110111
0010100111010011
0011111100001101
0010101001011100
1111101000101000
1100110111010010
1100000101111010
1101111111001001
0001001100110001
0011100100101001
0011100110011110
0001010000000111
1110000110001000
1100001000100001
1100101111011010
1111100101101100
0010101000101101
0011111011100100
0010101001001001
1111100101000001
1100110111010010
1100001001011000
1110000000001101
0001001011100001
0011100101010100
0011100101101100
0001001111111110
1110000100101110
1100001011110001
1100110001001110
1111100011100111
0010101001000001
0011111011010111
0010101001001011
1111101010001100
1100111000001001
1100001011000101
1110000010101100
0001001101100100
0011100100101111
0011100100100010
0001001111001111
1110000101010110
1100001011010100
1100110010110001
1111100010000101
0010100111010101
0011111001101000
0010101100100011
1111100100110110
1100110100100100
1100001001011110
1110000000001100
0001001101001001
0011100111110101
0011100110110101
0001001111010101
1110000001001100
1100001010011111
1100110101001010
1111100001110100
0010100111100011
0011111011010001
0010101100000101
1111100100001010
1100110100111000
1100001100010010
1110000100111111
0001001001110011
0011100110111000
0011100101010001
0001010000010101
1110000001011110
1100001011010011
1100110011011011
1111100010111001
0010100100001011
0011111111010001
0010101011010011
1111100101010000
1100110111010001
1100001010001010
1101111110101010
0001001011010001
0011100001011110
0011101000011001
0001001111011010
1110000100001100
1100001011111010
1100110100111000
1111100111001100
0010101000111001
0011111011110101
0010101101000001
1111100111100111
1100110111001001
1100001010110001
1101111111110010
0001001011111001
0011100011010111
0011100101110001
0001010001000010
1110000110110101
1100001100100001
1100101111111100
1111100101100101
0010100100001000
0011111100101100
0010101010000010
1111100111101010
1100110110011011
1100001011011010
1110000000010001
0001001100001011
0011100101010000
0011100011001001
0001001110010111
1110000110010011
1100001100000101
1100110000000101
1111100000010111
0010101000100011
0011111000001110
0010101100010011
1111101000000011
1100110001110010
1100001000100011
1110000000000000
0001001101010100
0011100100110000
0011100110101010
0001001110111101
1110000010100111
1100001101100101
1100110011000011
1111100100100000
0010100110101110
0011111011101111
0010101011010100
1111101000110110
1100110010110001
1100001010001000
1101111111010101
0001001000011100
0011100011001101
0011100110011101
0001001101110110
1110000100101110
1100001011100100
1100110011111010
1111100001111011
0010100110101100
0011111110111101
0010101101000101
1111101000001101
1100110011000000
1100001000100010
1110000010011110
0001001001001000
0011100101111000
0011100101111000
0001010010100110
1110000110001110
1100001001110011
1100110100001110
1111100011000000
0010100101000100
0011111011000101
0010101100010000
1111101000011000
1100110110111010
1100001010111010
1110000011100101
0001001110010111
0011100110001101
0011100100001101
0001001111111101
1110000011110010
1100001100010110
1100110011000000
1111100101101101
0010100110010110
0011111110101001
0010101011101101
1111101000010101
1100110101011101
1100001011111110
1110000000011001
0001001010100111
0011100101010001
0011100101101011
0001001110001101
1110000010010100
1100001001011011
1100110011000110
1111100011101111
0010100111111011
0011111100010111
0010101011100101
1111100111111010
1100110101110000
1100000111010000
1101111110010001
0001001101010111
0011100100000111
0011100110101001
0001010000000111
1110000100100100
1100001001010110
1100110110101011
1111100100000101
0010100100110011
0011110111111010
0010101010000100
1111100110011100
1100110111010110
1100001001100111
1110000000111011
0001001100110101
0011100110100111
0011101010000011
0001001111100101
1110000011111010
1100001110000001
1100110100010100
1111100011011001
0010100011011110
0011111010100000
0010101000110100
1111101001110011
1100110101001011
1100001000111111
1101111100101111
0001001011110110
0011100101011101
0011100001110111
0001010010000000
1110000011001110
1100001011010010
1100110000110110
1111101000010011
0010100101111110
0011111100110111
0010101101011011
1111100111000101
1100110100011101
1100001010100000
1110000001001110
0001001101110011
0011100011111110
0011101000011001
0001010001001010
1101111111111001
1100001101101110
1100110100101000
1111100011011111
0010100110100101
0011111100001011
0010101000110101
1111101000110011
1100111001111000
1100001001011110
1101111111100110
0001000111110101
0011100001111100
0011101010010011
0001010000000110
1110000111001101
1100001001111010
1100110001100111
1111100011000111
0010101011000111
0011111101100111
0010101000001100
1111100110110001
1100110101000100
1100001001010111
1101111110101101
0001001001000010
0011100101010101
0011100111111100
0001010001101111
1110000110111011
1100001010011000
1100110001000110
1111100010011001
0010100111110010
0011111100100111
0010101001111000
1111101001101011
1100111000110100
1100001100001011
1101111111011010
0001001010000101
0011100111100110
0011100110111101
0001010000010111
1110000101101110
1100001010111001
1100110011010010
1111011111001101
0010100111010011
0011111011011100
0010101010100000
1111101001011101
1100110011011001
1100001000100000
1101111111011101
0001001101010111
0011100101010001
0011100110110101
0001001111100011
1110000010110001
1100001001001001
1100110011111111
1111100010000110
0010100111100010
0011111011100111
0010101010110100
1111101001111011
1100110111000001
1100001001010001
1110000000111001
0001001011000011
0011100110110111
0011100101101001
0001001011011010
1110000001001101
1100001010101000
1100110010100111
1111100100001000
0010100010001001
0011111010100010
0010101010111110
1111100111010001
1100110111101100
1100001010110111
1110000001101011
0001001101001001
0011100100111011
0011100011111001
0001001111001111
1110000101001111
1100001011000100
1100110001110010
1111100010101000
0010100100111010
0011111001001000
0010101000100111
1111101001011111
1100110011100100
1100001001110111
1110000001100010
0001001100111110
0011100110011111
0011100111001010
0001001111110010
1110000100110011
1100001101100010
1100110010110111
1111100011000101
0010101000000101
0011111001101111
0010101100110101
1111101000011110
1100110101100010
1100000111010011
1110000100100010
0001001011011001
0011100101101101
0011100011001100
0001001110111000
1110000010111111
1100000111000010
1100110100000111
1111100101011011
0010101100111110
0011111111001100
0010101000110011
1111100110011111
1100110110100100
1100001000111100
1110000001100101
0001001100010011
0011100101001111
0011100111011101
0001001101001110
1110000001000011
1100001001110000
1100110011011110
1111100111010111
0010100101011111
0011111010000000
0010101010101011
1111101010011010
1100110010111000
1100001001110100
1101111111110010
0001001001001111
0011100101111011
0011100100101101
0001010001100010
1101111111011010
1100001001001011
1100110011100111
1111100010001011
0010101000101010
0011111011100111
0010101010010100
1111101010100001
1100110100011101
1100001000001110
1110000000110100
0001000111100111
0011100111101011
0011100110000010
0001010000001010
1110000110100000
1100001010111100
1100110100010001
1111100100110001
0010101000011110
0011111111000111
0010100111110110
1111101000100000
1100110010110011
1100000110110001
1110000000010001
0001001011010110
0011100011001001
0011101010000100
0001010001010111
1110000011101110
1100001001010010
1100110011101100
1111100110011001
0010100110110010
0011111100010011
0010101000111001
1111100010001000
1100110100110010
1100001100100100
1101111111100100
0001001100000011
0011100101010110
0011100111010001
0001001111011000
1110000001011111
1100001010100111
1100110011010011
1111100011011101
0010100100100001
0011111100100110
0010101000110000
1111101010001100
1100110110101101
1100001001101000
1110000010111000
0001001111100011
0011100111111000
0011101001000010
0001010000101011
1110000101100101
1100001100100011
1100110001101010
1111100010010111
0010100101010011
0011111011001111
0010101001110000
1111100110101001
1100111000000000
1100001010001000
1101111111001110
0001001100011000
0011100011110001
0011100110011110
0001010100000010
1110000101110100
1100000110000100
1100110011111101
1111100011001011
0010100110011001
0011111100100011
0010101000101110
1111100110100010
1100110110110101
1100001000001100
1110000000111001
0001001100101000
0011100011100011
0011100101110111
0001010011111100
1110000010100010
1100000111001101
1100110011100111
1111100011000010
0010100101001101
0011111011111001
0010100110010101
1111101001001110
1100110011001110
1100000110010000
1110000000000000
0001001101001111
0011100111011011
0011100101110101
0001010010101111
1110000100100001
1100001011011010
1100110011111011
1111100110101101
0010100111100001
0011111101011000
0010101100101100
1111101000001000
1100110111110011
1100001100101010
1101111011001001
0001001101011100
0011100000000001
0011100101011100
0001001110101011
1110000001011101
1100001011110010
1100110101001001
1111100101011000
0010100100010010
0011111011110101
0010101011011001
1111100110000010
1100110100010101
1100001001100001
1110000000101101
0001001010001001
0011100011011111
0011101001100101
0001001110010111
1110000110100010
1100001010110101
1100110011101000
1111100011100111
0010101001100000
0011111111101100
0010100111110110
1111100110010010
1100111000110100
1100001100000111
1110000001010011
0001001100100001
0011100110110001
0011101000101010
0001010000000010
1110000010110110
1100001010100011
1100110010101101
1111100011100001
0010100110110000
0011111010111001
0010101011101111
1111100111000010
1100110100110111
1100001101100111
1110000010001010
0001001011000010
0011100010010101
0011100110001110
0001001110110101
1110000100010010
1100001100010101
1100110011000110
1111100000011111
0010100110001101
0011111101001110
0010101001011010
1111101100000101
1100110110001100
1100001000100001
1101111110011100
0001001011011111
0011100100101110
0011100101001111
0001001110100100
1110000101010010
1100001010000100
1100110110111111
1111100100100010
0010100100001011
0011111101110011
0010100110110000
1111101001010011
1100110110011110
1100001010110011
1110000010010011
0001001011000100
0011100100100111
0011101010011110
0001001100110010
1110000011111010
1100001010010000
1100110100010011
1111100010101000
0010100110111100
0011111101100110
0010101001001010
1111100110111100
1100110011110011
1100000110111001
1110000000111011
0001001010110111
0011100101111101
0011101000001100
0001010000001001
1110000001101010
1100001001101011
1100110010011110
1111100100000110
0010100101111111
0011111100010100
0010101001000110
1111100111101101
1100110011000011
1100001011100011
1110000001100000
0001001100001100
0011100100101001
0011100010110100
0001001111010100
1110000101110101
1100001010111110
1100110001101111
1111100101010111
0010100110111000
0011111010001110
0010101011101010
1111100111110101
1100111001000100
1100001010101010
1101111100100011
0001001001001000
0011100011110100
0011100101010100
0001001111100010
1110000011001110
1100001010110000
1100110011011110
1111100100010000
0010100101100001
0011111011000000
0010101000111011
1111100111011000
1100110001111101
1100001011000101
1101111111100100
0001001101001111
0011100111010111
0011100111010101
0001001110111111
1110000100010110
1100000111000100
1100110000011111
1111100010100010
0010101000001100
0011111001000010
0010101011000101
1111101010100111
1100110111000110
1100001011111010
1110000001101000
0001001011010000
0011100011011000
0011100110000110
0001001111111011
1110000011101010
1100001001111111
1100110000111110
1111100000001000
0010100111111000
0011111111010100
0010101010010011
1111100111001110
1100110100000011
1100000111111000
1101111111000100
0001001011110101
0011100101011111
0011101100111000
0001010010110001
1110000011010110
1100001010010001
1100110011011110
1111100010100111
0010100110001110
0011110101111110
0010101001110100
1111101000000110
1100110110011101
1100000101100101
1101111110010100
0001001010001101
0011100010110000
0011100111000100
0001010001011001
1110000100111010
1100001011001111
1100110000101110
1111100000101110
0010100110011111
0011111000111101
0010101010011001
1111100101111100
1100110101010000
1100001001101000
1110000000010110
0001001110010011
0011100010111110
0011100111010100
0001001110101101
1110000010001100
1100001100001010
1100110100100001
1111100110101101
0010100101010011
0011111001000101
0010101010011011
1111101001000100
1100110101000100
1100001100011111
1110000001011000
0001001010100010
0011100100010001
0011101000000010
0001010010110000
1110000010011110
1100001011101111
1100110101011100
1111100001101110
0010100101010001
0011111100001000
0010101011100100
1111100101101110
1100110101101110
1100000111010001
1110000001110100
0001001101111101
0011100101100101
0011100110001101
0001001101011101
1110000011101111
1100001001111010
1100110011110010
1111100000110010
0010100111110110
0011111000001100
0010100111010110
1111101000101101
1100110100100000
1100001001001011
1110000010011110
0001001110010110
0011100011011100
0011100100110111
0001010000000100
1110000111011101
1100001010000010
1100110001111110
1111100001011001
0010101010011111
0011111010010000
0010100111111011
1111100110111101
1100110110010100
1100001001001110
1110000000000101
0001001010000100
0011100110011111
0011101001011001
0001010011001110
1110000101010111
1100001010100001
1100101110101001
1111100011101000
0010100010010100
0011111010101101
0010101001100110
1111100101111001
1100110101001101
1100001001100011
1110000001001001
0001001101100101
0011100110110101
0011100101110110
0001001111001111
1110000110011110
1100000111001001
1100110011111101
1111100110110100
0010100110000011
0011111110100000
0010101010010000
1111100110011111
1100110101111111
1100001000101000
1110000000000011
0001001011111011
0011100100101000
0011101001010010
0001010000001100
1110000100101010
1100001101101000
1100110011100001
1111100011010001
0010100110111010
0011111100011101
0010100111110101
1111101010100111
1100110101100110
1100000111010001
1101111110011110
0001001100110011
0011100100010001
0011100110001100
0001001110101100
1110000100110000
1100001000111101
1100110101010000
1111100010101000
0010100011000001
0011111010110100
0010101010111010
1111101001100101
1100110110000110
1100001010110111
1101111111001110
0001001010111101
0011100010101001
0011100100111110
0001010010000001
1110000101100100
1100001001110000
1100110001101111
1111100100100011
0010100110111010
0011111010101111
0010101010100101
1111101000100011
1100110100100010
1100000100101000
1101111111000010
0001001010101000
0011100100010001
0011100101110100
0001001011011100
1110000000111001
1100001000100100
1100110100101001
1111100110101101
0010100110110100
0011111001100100
0010101001100011
1111101000001100
1100110101100011
1100000110101100
1110000000111010
0001001100101001
0011100100001010
0011101000011110
0001010001000011
1110000011001001
1100001010110111
1100110100001010
1111100000111101
0010100111000010
0011111011110111
0010101100001110
1111100110001000
1100110100010110
1100001001100100
1101111110100011
0001001000110001
0011100101100110
0011100100111100
0001010010010000
1110000101101001
1100001100100100
1100110010110111
1111100011010101
0010100110001111
0011111001001111
0010101011101000
1111100110011010
1100110110011110
1100001010001101
1101111111110101
0001001000000100
0011100101111111
0011101000110001
0001001110110100
1110000100111111
1100001001001011
1100110011011000
1111100001100011
0010100111001101
0011111011110101
0010101001000101
1111100111110011
1100110011011000
1100001011000101
1110000011101010
0001000110110011
0011100100101000
0011100101100001
0001010000011000
1110000000001111
1100001001011100
1100110001111010
1111100011111110
0010100100111001
0011111100011010
0010101000011111
1111101010001010
1100110110110010
1100001001011100
1101111110100110
0001001011011111
0011100101110001
0011100111001000
0001001111110100
1110000111010001
1100001010000101
1100110010111001
1111100001001000
0010100100011100
0011111101001001
0010101001110000
1111101000110011
1100110101100110
1100001001110100
1101111101100111
0001001100111010
0011100001001100
0011100111000011
0001010000010000
1110000101000111
1100001001111111
1100110011110001
1111100100111001
0010100110101100
0011111000011100
0010101000101000
1111100110010011
1100110111010111
1100001001010000
1101111111111000
0001001110010010
0011100011111010
0011100111110110
0001010001100110
1110000110110110
1100001011000110
1100110000001100
1111100001111111
0010101010111110
0011111101001110
0010101010101100
1111101000100011
1100110110000001
1100001011100111
1110000000000000
0001001010010010
0011100101110000
0011101001000100
0001001110110110
1110000101011001
1100001001111111
1100110010100011
1111100100100010
0010101010001000
0011110111111000
0010101000111111
1111100111111000
1100110101110000
1100001001110010
1110000010000011
0001001111100110
0011100001111101
0011100100111110
0001001111110101
1110000011111110
1100001001011000
1100110011110110
1111100011110000
0010100110000100
0011111101001001
0010101000001011
1111100110110001
1100110011011000
1100001001111001
1110000010110010
0001001001100101
0011100100110011
0011100110110001
0001010000001001
1110000010001100
1100001110000000
1100110110001001
1111100101000010
0010101001100010
0011110111100100
0010101000001100
1111101000111000
1100110011111010
1100001001101101
1110000000000000
0001001000111011
0011100100001001
0011100111110001
0001001110100010
1110000000011111
1100001101110001
1100110010101100
1111100001110100
0010100101001101
0011111100100111
0010101010000110
1111100110110010
1100111000111101
1100001000001110
1110000100000111
0001001000010001
0011100101010110
0011100101101111
0001010010100101
1110000010111111
1100001100100101
1100110101011101
1111100100010010
0010100111110101
0011111100101001
0010100110100000
1111100110001010
1100111000011000
1100001001010101
1110000001110100
0001001100001010
0011100111110000
0011101001111101
0001010000000010
1110000101001000
1100001011010110
1100110000011111
1111100110100111
0010100100110010
0011111010110010
0010101001110011
1111100110110111
1100110101011111
1100001011000101
1101111101111100
0001001001110010
0011100110011100
0011100110010110
0001001110000101
1110000101110101
1100001010100001
1100110010000110
1111100011010001
0010100100100101
0011111010100001
0010101011111111
1111100111111101
1100110101111100
1100001001100000
1101111111011111
0001001111011001
0011100100111100
0011100011000110
0001010001100101
1110000011001001
1100000110111001
1100110001111011
1111011111010010
0010100101001111
0011111101110000
0010101000101111
1111101011101110
1100110100111101
1100001000110110
1101111110110100
0001001011110100
0011100011101000
0011100111000110
0001010011100110
1110000100011001
1100001110001110
1100110100100010
1111100100111010
0010101000000011
0011111110010011
0010101000010110
1111100111010110
1100110101100010
1100001000101111
1101111110000010
0001001010101101
0011100101101111
0011100111001101
0001001101100010
1110000011110010
1100001010010110
1100110011000101
1111100100101000
0010100101010100
0011111001011011
0010101001101001
1111101000101011
1100111000001000
1100001100001010
1101111110101011
0001001100001110
0011100001011010
0011100111001110
0001010001011100
1110000011100010
1100001100000100
1100110011101010
1111100010110010
0010100101100010
0011111011110011
0010101010111101
1111100110101000
1100110110001011
1100000111101111
1101111100111000
0001001011011011
0011100010100011
0011100110110010
0001001111000101
1110000101010001
1100001001101111
1100110110010110
1111100100110000
0010100101111000
0011111010100101
0010101011001110
1111100100011000
1100110110111110
1100001001111111
1110000001000011
0001001110101010
0011100011010100
0011100100011110
0001001100000001
1110000110000000
1100001010101001
