0000000000000000
1111110111111010
0011001110000110
0111111111111111
1111010001010011
1000000000000000
0100101110111001
0111111111111111
1001000101110110
1000000000000000
0111111111111111
0111111111111111
1000000000000000
1001010011111101
0111111111111111
0101010101111100
1000000000000000
1111001011001110
0111111111111111
1111010010010111
1000000000000000
0100101100001101
0111111111111111
1001000110001000
1000000000000000
0111111111111111
0111111111111111
1000000000000000
1001010000010111
0111111111111111
0101010000110010
1000000000000000
1111000110001011
0111111111111111
1111001111000111
1000000000000000
0100110000000010
0111111111111111
1001000010010101
1000000000000000
0111111111111111
0111111111111111
1000000000000000
1001010001110001
0111111111111111
0101010110000010
1000000000000000
1111000100100100
0111111111111111
1111010010000011
1000000000000000
0100110001100011
0111111111111111
1000111111001101
1000000000000000
0111111111111111
0111111111111111
1000000000000000
1001010110110001
0111111111111111
0101010101011010
1000000000000000
1111001010011101
0111111111111111
1111001111100001
1000000000000000
0100110001101010
0111111111111111
1001000100011100
1000000000000000
0111111111111111
0111111111111111
1000000000000000
1001010011011000
0111111111111111
0101010111010010
1000000000000000
1111000110111111
0111111111111111
1111001111101001
1000000000000000
0100110100100111
0111111111111111
1001000001110110
1000000000000000
0111111111111111
0111111111111111
1000000000000000
1001010000110011
0111111111111111
0101010101110100
1000000000000000
1111001010010001
0111111111111111
1111010011101100
1000000000000000
0100101111010110
0111111111111111
1001000101010000
1000000000000000
0111111111111111
0111111111111111
1000000000000000
1001010111000110
0111111111111111
0101001101110111
1000000000000000
1111001001011110
0111111111111111
1111010000111000
1000000000000000
0100110001001111
0111111111111111
1001000111000101
1000000000000000
0111111111111111
0111111111111111
1000000000000000
1001010001001010
0111111111111111
0101010011011000
1000000000000000
1111000101110110
0111111111111111
1111010010001001
1000000000000000
0100101011010011
0111111111111111
1001000110011110
1000000000000000
0111111111111111
0111111111111111
1000000000000000
1001010010011110
0111111111111111
0101010001011010
1000000000000000
1111001001001000
0111111111111111
1111011000101000
1000000000000000
0100101111101100
0111111111111111
1001000000101100
1000000000000000
0111111111111111
0111111111111111
1000000000000000
1001010101001010
0111111111111111
0101010000010110
1000000000000000
1111000111100000
0111111111111111
1111010000011100
1000000000000000
0100101110001111
0111111111111111
1001000001110000
1000000000000000
0111111111111111
0111111111111111
1000000000000000
1001010001000100
0111111111111111
0101010001111111
1000000000000000
1111000110011000
0111111111111111
1111010110011000
1000000000000000
0100101101101101
0111111111111111
1001000100110010
1000000000000000
0111111111111111
0111111111111111
1000000000000000
1001010101111011
0111111111111111
0101010001001100
1000000000000000
1111001001000000
0111111111111111
1111010100110110
1000000000000000
0100101111100010
0111111111111111
1001000000111111
1000000000000000
0111111111111111
0111111111111111
1000000000000000
1001010011111011
0111111111111111
0101010100010000
1000000000000000
1111001000101000
0111111111111111
1111010011000001
1000000000000000
0100101010100110
0111111111111111
1001000110001001
1000000000000000
0111111111111111
0111111111111111
1000000000000000
1001010010110011
0111111111111111
0101010100001010
1000000000000000
1111000100100001
0111111111111111
1111010001011111
1000000000000000
0100101110001011
0111111111111111
1001000011110101
1000000000000000
0111111111111111
0111111111111111
1000000000000000
1001010011010111
0111111111111111
0101010110111100
1000000000000000
1111000111111110
0111111111111111
1111010010010100
1000000000000000
0100101100010110
0111111111111111
1001000100010111
1000000000000000
0111111111111111
0111111111111111
1000000000000000
1001010001000000
0111111111111111
0101001111110010
1000000000000000
1111001001100100
0111111111111111
1111001110110100
1000000000000000
0100101111011111
0111111111111111
1001000001010000
1000000000000000
0111111111111111
0111111111111111
1000000000000000
1001010110110111
0111111111111111
0101010011101100
1000000000000000
1111000111100111
0111111111111111
1111001100110111
1000000000000000
0100101101000100
0111111111111111
1000111110000011
1000000000000000
0111111111111111
0111111111111111
1000000000000000
1001010100100100
0111111111111111
0101010010100110
1000000000000000
1111000100001010
0111111111111111
1111001101110001
1000000000000000
0100101111001110
0111111111111111
1001000010111110
1000000000000000
0111111111111111
0111111111111111
1000000000000000
1001001111010001
0111111111111111
0101010101100000
1000000000000000
1111001000001011
0111111111111111
1111010000110010
1000000000000000
0100110001111111
0111111111111111
1001000010111011
1000000000000000
0111111111111111
0111111111111111
1000000000000000
1001010111101111
0111111111111111
0101010011101111
1000000000000000
1111000111111100
0111111111111111
1111010011011010
1000000000000000
0100101110011000
0111111111111111
1001000100101001
1000000000000000
0111111111111111
0111111111111111
1000000000000000
1001001111001010
0111111111111111
0101010011101111
1000000000000000
1111000101110111
0111111111111111
1111010001001010
1000000000000000
0100110000100110
0111111111111111
1001000011010011
1000000000000000
0111111111111111
0111111111111111
1000000000000000
1001011000100010
0111111111111111
0101010000101000
1000000000000000
1111001101001000
0111111111111111
1111011000001011
1000000000000000
0100110101000010
0111111111111111
1001000100100011
1000000000000000
0111111111111111
0111111111111111
1000000000000000
1001010000101001
0111111111111111
0101010100010101
1000000000000000
1111000101101001
0111111111111111
1111001110111111
1000000000000000
0100110000011000
0111111111111111
1001000011100111
1000000000000000
0111111111111111
0111111111111111
1000000000000000
1001010101010001
0111111111111111
0101010010010000
1000000000000000
1111001001111000
0111111111111111
1111001111101010
1000000000000000
0100101110100011
0111111111111111
1001000000010000
1000000000000000
0111111111111111
0111111111111111
1000000000000000
1001011000111000
0111111111111111
0101010000100101
1000000000000000
1111001000010110
0111111111111111
1111001111011111
1000000000000000
0100101011110110
0111111111111111
1001000010110010
1000000000000000
0111111111111111
0111111111111111
1000000000000000
1001010010011101
0111111111111111
0101010101001011
1000000000000000
1111000111000101
0111111111111111
1111001100111111
1000000000000000
0100101111010111
0111111111111111
1001000100101100
1000000000000000
0111111111111111
0111111111111111
1000000000000000
1001010110101001
0111111111111111
0101010100111111
1000000000000000
1111000111101001
0111111111111111
1111010000100101
1000000000000000
0100101100000110
0111111111111111
1001000100100001
1000000000000000
0111111111111111
0111111111111111
1000000000000000
1001010110000101
0111111111111111
0101010000011110
1000000000000000
1111000110101101
0111111111111111
1111001111111100
1000000000000000
0100110000001011
0111111111111111
1001000010100111
1000000000000000
0111111111111111
0111111111111111
1000000000000000
1001010100111101
0111111111111111
0101010110010101
1000000000000000
1111001001100011
0111111111111111
1111010010001100
1000000000000000
0100101011000100
0111111111111111
1001000111000001
1000000000000000
0111111111111111
0111111111111111
1000000000000000
1001010100011000
0111111111111111
0101010110000101
1000000000000000
1111001100101101
0111111111111111
1111001111101101
1000000000000000
0100110001110000
0111111111111111
1001000100010000
1000000000000000
0111111111111111
0111111111111111
1000000000000000
1001010011100011
0111111111111111
0101010001101100
1000000000000000
1111000110011000
0111111111111111
1111010011010110
1000000000000000
0100110001110100
0111111111111111
1001000100010001
1000000000000000
0111111111111111
0111111111111111
1000000000000000
1001010101100001
0111111111111111
0101010010110000
1000000000000000
1111001000100001
0111111111111111
1111001110100001
1000000000000000
0100101110110101
0111111111111111
1001001000001101
1000000000000000
0111111111111111
0111111111111111
1000000000000000
1001010011010011
0111111111111111
0101010011010110
1000000000000000
1111001001110010
0111111111111111
1111010010011000
1000000000000000
0100110100100011
0111111111111111
1001000000001101
1000000000000000
0111111111111111
0111111111111111
1000000000000000
1001010100001001
0111111111111111
0101010100000010
1000000000000000
1111001001101000
0111111111111111
1111010101001110
1000000000000000
0100110010000010
0111111111111111
1001001000010111
1000000000000000
0111111111111111
0111111111111111
1000000000000000
1001010010100011
0111111111111111
0101010000010010
1000000000000000
1111000111100010
0111111111111111
1111010110100101
1000000000000000
0100110000110001
0111111111111111
1001000100111101
1000000000000000
0111111111111111
0111111111111111
1000000000000000
1001010001110011
0111111111111111
0101010101100101
1000000000000000
1111000100010001
0111111111111111
1111010000100100
1000000000000000
0100101011011101
0111111111111111
1001000001001011
1000000000000000
0111111111111111
0111111111111111
1000000000000000
1001010011000111
0111111111111111
0101010111110101
1000000000000000
1111001010110001
0111111111111111
1111001111000001
1000000000000000
0100101110000011
0111111111111111
1001000011001101
1000000000000000
0111111111111111
0111111111111111
1000000000000000
1001001111011110
0111111111111111
0101010011111010
1000000000000000
1111001011000110
0111111111111111
1111001101001010
1000000000000000
0100101101001011
0111111111111111
1001000110000001
1000000000000000
0111111111111111
0111111111111111
1000000000000000
1001010110001011
0111111111111111
0101010101011110
1000000000000000
1111001100111110
0111111111111111
1111010001000101
1000000000000000
0100110000011100
0111111111111111
1001000010011010
1000000000000000
0111111111111111
0111111111111111
1000000000000000
1001010010010010
0111111111111111
0101001110010000
1000000000000000
1111000111110001
0111111111111111
1111010001111111
1000000000000000
0100101001110110
0111111111111111
1001000011011010
1000000000000000
0111111111111111
0111111111111111
1000000000000000
1001010001001101
0111111111111111
0101010110000100
1000000000000000
1111001010110100
0111111111111111
1111001110101101
1000000000000000
0100101110111010
0111111111111111
1001000011101100
1000000000000000
0111111111111111
0111111111111111
1000000000000000
1001010100110100
0111111111111111
0101001110000101
1000000000000000
1111000110110111
0111111111111111
1111010001010011
1000000000000000
0100110100010000
0111111111111111
1001000001000100
1000000000000000
0111111111111111
0111111111111111
1000000000000000
1001010011100101
0111111111111111
0101010011111010
1000000000000000
1111000101110011
0111111111111111
1111010000011011
1000000000000000
0100101111100001
0111111111111111
1001000001110111
1000000000000000
0111111111111111
0111111111111111
1000000000000000
1001010100000001
0111111111111111
0101010011001011
1000000000000000
1111001000110101
0111111111111111
1111010100010100
1000000000000000
0100101101110001
0111111111111111
1001000010001000
1000000000000000
0111111111111111
0111111111111111
1000000000000000
1001010101010101
0111111111111111
0101010110001011
1000000000000000
1111001101010001
0111111111111111
1111010010101001
1000000000000000
0100101010011001
0111111111111111
1001000001101000
1000000000000000
0111111111111111
0111111111111111
1000000000000000
1001010111001110
0111111111111111
0101010110001001
1000000000000000
1111001000000010
0111111111111111
1111010011000010
1000000000000000
0100110010011001
0111111111111111
1001000010011010
1000000000000000
0111111111111111
0111111111111111
1000000000000000
1001010111000000
0111111111111111
0101010001000011
1000000000000000
1111000111100001
0111111111111111
1111010001001000
1000000000000000
0100101111001100
0111111111111111
1001000000110111
1000000000000000
0111111111111111
0111111111111111
1000000000000000
1001010100100000
0111111111111111
0101010011101001
1000000000000000
1111000101110010
0111111111111111
1111001111111111
1000000000000000
0100110001101000
0111111111111111
1000111110000111
1000000000000000
0111111111111111
0111111111111111
1000000000000000
1001010101011010
0111111111111111
0101010001101011
1000000000000000
1111001011100101
0111111111111111
1111010001100001
1000000000000000
0100110011000011
0111111111111111
1000111100101101
1000000000000000
0111111111111111
0111111111111111
1000000000000000
1001010010011000
0111111111111111
0101010001000100
1000000000000000
1111001011000101
0111111111111111
1111010011000001
1000000000000000
0100101111110101
0111111111111111
1001001001000100
1000000000000000
0111111111111111
0111111111111111
1000000000000000
1001010110011011
0111111111111111
0101010000001101
1000000000000000
1111000111001101
0111111111111111
1111010000101111
1000000000000000
0100110010000010
0111111111111111
1001000101101010
1000000000000000
0111111111111111
0111111111111111
1000000000000000
1001010101010000
0111111111111111
0101001110100010
1000000000000000
1111001010010000
0111111111111111
1111010101011101
1000000000000000
0100101101001010
0111111111111111
1001000111000000
1000000000000000
0111111111111111
0111111111111111
1000000000000000
1001010000011010
0111111111111111
0101010101010000
1000000000000000
1111000111100001
0111111111111111
1111010000100101
1000000000000000
0100101101001110
0111111111111111
1001000011000101
1000000000000000
0111111111111111
0111111111111111
1000000000000000
1001010000011001
0111111111111111
0101010100110101
1000000000000000
1111000111100000
0111111111111111
1111010010101110
1000000000000000
0100101010010101
0111111111111111
1001000110101001
1000000000000000
0111111111111111
0111111111111111
1000000000000000
1001010001101001
0111111111111111
0101010100111011
1000000000000000
1111001011110111
0111111111111111
1111010010011010
1000000000000000
0100101011000011
0111111111111111
1001001001100101
1000000000000000
0111111111111111
0111111111111111
1000000000000000
1001010001001111
0111111111111111
0101010010010100
1000000000000000
1111001011110010
0111111111111111
1111010001011010
1000000000000000
0100110110010000
0111111111111111
1000111110001010
1000000000000000
0111111111111111
0111111111111111
1000000000000000
1001010111001110
0111111111111111
0101010000110010
1000000000000000
1111001011010110
0111111111111111
1111010101100011
1000000000000000
0100101111010010
0111111111111111
1000111111011100
1000000000000000
0111111111111111
0111111111111111
1000000000000000
1001010010010111
0111111111111111
0101010000011101
1000000000000000
1111000111101111
0111111111111111
1111001111101000
1000000000000000
0100101110001011
0111111111111111
1001000001100101
1000000000000000
0111111111111111
0111111111111111
1000000000000000
1001010000001011
0111111111111111
0101010111110010
1000000000000000
1111001011000000
0111111111111111
1111011000010101
1000000000000000
0100101110110000
0111111111111111
1001000011000000
1000000000000000
0111111111111111
0111111111111111
1000000000000000
1001010100010000
0111111111111111
0101010000010110
1000000000000000
1111000110110100
0111111111111111
1111001110011011
1000000000000000
0100101111101111
0111111111111111
1001000001010001
1000000000000000
0111111111111111
0111111111111111
1000000000000000
1001010001110010
0111111111111111
0101010101111111
1000000000000000
1111001000001000
0111111111111111
1111010101110111
1000000000000000
0100110000101000
0111111111111111
1001000011011100
1000000000000000
0111111111111111
0111111111111111
1000000000000000
1001010101000110
0111111111111111
0101010011011001
1000000000000000
1111000010110001
0111111111111111
1111010110100100
1000000000000000
0100101110000110
0111111111111111
1001000001011011
1000000000000000
0111111111111111
0111111111111111
1000000000000000
1001001111101100
0111111111111111
0101001110100101
1000000000000000
1111001010001110
0111111111111111
1111010001010001
1000000000000000
0100110010010010
0111111111111111
1001000100011010
1000000000000000
0111111111111111
0111111111111111
1000000000000000
1001010011010000
0111111111111111
0101010010010111
1000000000000000
1111000011000000
0111111111111111
1111010000010100
1000000000000000
0100101111111100
0111111111111111
1001000011011010
1000000000000000
0111111111111111
0111111111111111
1000000000000000
1001010100100100
0111111111111111
0101010111000000
1000000000000000
1111001000010110
0111111111111111
1111001110111111
1000000000000000
0100101110101010
0111111111111111
1001000010111001
1000000000000000
0111111111111111
0111111111111111
1000000000000000
1001010011101000
0111111111111111
0101010011010101
1000000000000000
1111001010011110
0111111111111111
1111001111110010
1000000000000000
0100110100110111
0111111111111111
1001000011000101
1000000000000000
0111111111111111
0111111111111111
1000000000000000
1001001101100111
0111111111111111
0101010001011110
1000000000000000
1111001011111100
0111111111111111
1111010100010100
1000000000000000
0100101100101010
0111111111111111
1001000011010111
1000000000000000
0111111111111111
0111111111111111
1000000000000000
1001010010011010
0111111111111111
0101010000110101
1000000000000000
1111001001011011
0111111111111111
1111010001011000
1000000000000000
0100110000110100
0111111111111111
1001000011001010
1000000000000000
0111111111111111
0111111111111111
1000000000000000
1001010111110111
0111111111111111
0101010100001001
1000000000000000
1111000101101100
0111111111111111
1111001111101001
1000000000000000
0100101110111111
0111111111111111
1001001010101111
1000000000000000
0111111111111111
0111111111111111
1000000000000000
1001010001100001
0111111111111111
0101010111010001
1000000000000000
1111000101011010
0111111111111111
1111001111110101
1000000000000000
0100101101101001
0111111111111111
1001000001100000
1000000000000000
0111111111111111
0111111111111111
1000000000000000
1001010001101001
0111111111111111
0101010111011010
1000000000000000
1111000110001011
0111111111111111
1111001110101101
1000000000000000
0100101100010110
0111111111111111
1001000011101101
1000000000000000
0111111111111111
0111111111111111
1000000000000000
1001010000001001
0111111111111111
0101010011000100
1000000000000000
1111001010001000
0111111111111111
1111010011011010
1000000000000000
0100101110101001
0111111111111111
1001000111010010
1000000000000000
0111111111111111
0111111111111111
1000000000000000
1001010110100011
0111111111111111
0101010001110100
1000000000000000
1111001001011101
0111111111111111
1111010010000110
1000000000000000
0100110000101001
0111111111111111
1001000010001010
1000000000000000
0111111111111111
0111111111111111
1000000000000000
1001010110001000
0111111111111111
0101010110000001
1000000000000000
1111000110001101
0111111111111111
1111010001010010
1000000000000000
0100101111011000
0111111111111111
1000111111010001
1000000000000000
0111111111111111
0111111111111111
1000000000000000
1001011000001110
0111111111111111
0101010110010101
1000000000000000
1111001000110111
0111111111111111
1111001101010111
1000000000000000
0100101110101110
0111111111111111
1001000100010011
1000000000000000
0111111111111111
0111111111111111
1000000000000000
1001010110100011
0111111111111111
0101010000011101
1000000000000000
1111000111111010
0111111111111111
1111001101010101
1000000000000000
0100101110011010
0111111111111111
1001000010101011
1000000000000000
0111111111111111
0111111111111111
1000000000000000
1001010000100001
0111111111111111
0101010110001010
1000000000000000
1111000111110101
0111111111111111
1111010010100000
1000000000000000
0100101011011001
0111111111111111
1001000101010101
1000000000000000
0111111111111111
0111111111111111
1000000000000000
1001010101000010
0111111111111111
0101010001011010
1000000000000000
1111000111100110
0111111111111111
1111010100101111
1000000000000000
0100101110010111
0111111111111111
1000111111010110
1000000000000000
0111111111111111
0111111111111111
1000000000000000
1001010111010111
0111111111111111
0101010011110001
1000000000000000
1111000110100000
0111111111111111
1111010001111000
1000000000000000
0100101000011001
0111111111111111
1001000010100111
1000000000000000
0111111111111111
0111111111111111
1000000000000000
1001010011001010
0111111111111111
0101010100011110
1000000000000000
1111000110100110
0111111111111111
1111010010001001
1000000000000000
0100101101101101
0111111111111111
1001000011100010
1000000000000000
0111111111111111
0111111111111111
1000000000000000
1001010011001011
0111111111111111
0101010100011010
1000000000000000
1111001101001010
0111111111111111
1111001110111111
1000000000000000
0100101011011001
0111111111111111
1001000100100111
1000000000000000
0111111111111111
0111111111111111
1000000000000000
1001010111101101
0111111111111111
0101010010110100
1000000000000000
1111001000001001
0111111111111111
1111010010100100
1000000000000000
0100101101010000
0111111111111111
1000111110101100
1000000000000000
0111111111111111
0111111111111111
1000000000000000
1001010001110001
0111111111111111
0101010000100101
1000000000000000
1111000100011100
0111111111111111
1111010000100101
1000000000000000
0100110001111001
0111111111111111
1001000111110011
1000000000000000
0111111111111111
0111111111111111
1000000000000000
1001010011110101
0111111111111111
0101010010111100
1000000000000000
1111001000010110
0111111111111111
1111001111000110
1000000000000000
0100110000001011
0111111111111111
1001000000101100
1000000000000000
0111111111111111
0111111111111111
1000000000000000
1001010010010010
0111111111111111
0101011000001100
1000000000000000
1111001001010000
0111111111111111
1111001111110010
1000000000000000
0100101100101101
0111111111111111
1001000101000010
1000000000000000
0111111111111111
0111111111111111
1000000000000000
1001010010101110
0111111111111111
0101010101010110
1000000000000000
1111000101011001
0111111111111111
1111010010111100
1000000000000000
0100110000101101
0111111111111111
1001000010101110
1000000000000000
0111111111111111
0111111111111111
1000000000000000
1001010011001011
0111111111111111
0101010011011100
1000000000000000
1111000100100111
0111111111111111
1111010010000110
1000000000000000
0100101011111111
0111111111111111
1001000010100001
1000000000000000
0111111111111111
0111111111111111
1000000000000000
1001011000111110
0111111111111111
0101010100010001
1000000000000000
1111000100110011
0111111111111111
1111001101110100
1000000000000000
0100101100001011
0111111111111111
1001000011110101
1000000000000000
0111111111111111
0111111111111111
1000000000000000
1001010000100101
0111111111111111
0101001111010010
1000000000000000
1111010001010001
0111111111111111
1111010100000111
1000000000000000
0100101110111110
0111111111111111
1001000101101001
1000000000000000
0111111111111111
0111111111111111
1000000000000000
1001010010011110
0111111111111111
0101011000010000
1000000000000000
1111000011110110
0111111111111111
1111010000101110
1000000000000000
0100101110001000
0111111111111111
1001001001001011
1000000000000000
0111111111111111
0111111111111111
1000000000000000
1001010010010110
0111111111111111
0101010111011011
1000000000000000
1111000101011101
0111111111111111
1111010011011001
1000000000000000
0100101110001000
0111111111111111
1001000010100111
1000000000000000
0111111111111111
0111111111111111
1000000000000000
1001010001001100
0111111111111111
0101010101000111
1000000000000000
1111001100100101
0111111111111111
1111010010011111
1000000000000000
0100101100011001
0111111111111111
1001000110010111
1000000000000000
0111111111111111
0111111111111111
1000000000000000
1001011011001101
0111111111111111
0101011001000000
1000000000000000
1111000111011010
0111111111111111
1111010001100110
1000000000000000
0100101111110001
0111111111111111
1001000001011110
1000000000000000
0111111111111111
0111111111111111
1000000000000000
1001010010000001
0111111111111111
0101001111001110
1000000000000000
1111001010000001
0111111111111111
1111001101110000
1000000000000000
0100110000110101
0111111111111111
1001000100101001
1000000000000000
0111111111111111
0111111111111111
1000000000000000
1001001111111110
0111111111111111
0101010100010110
1000000000000000
1111000101100000
0111111111111111
1111001111110010
1000000000000000
0100101010111111
0111111111111111
1001000101100101
1000000000000000
0111111111111111
0111111111111111
1000000000000000
1001010010100100
0111111111111111
0101010101011110
1000000000000000
1111001001010100
0111111111111111
1111010010101110
1000000000000000
0100101110000010
0111111111111111
1001000011110110
1000000000000000
0111111111111111
0111111111111111
1000000000000000
1001010000011000
0111111111111111
0101001111111101
1000000000000000
1111001001001011
0111111111111111
1111010000000011
1000000000000000
0100101110011101
0111111111111111
1001000100001001
1000000000000000
0111111111111111
0111111111111111
1000000000000000
1001011000000000
0111111111111111
0101010000111001
1000000000000000
1110111111100011
0111111111111111
1111010101111100
1000000000000000
0100101111000101
0111111111111111
1001000101100001
1000000000000000
0111111111111111
0111111111111111
1000000000000000
1001010100000011
0111111111111111
0101010011011111
1000000000000000
1111001010110011
0111111111111111
1111001101001101
1000000000000000
0100101100001010
0111111111111111
1001000010100100
1000000000000000
0111111111111111
0111111111111111
1000000000000000
1001010011000001
0111111111111111
0101001101111010
1000000000000000
1111001011001111
0111111111111111
1111010011101010
1000000000000000
0100101100010111
0111111111111111
1001000011101000
1000000000000000
0111111111111111
0111111111111111
1000000000000000
1001010100010001
0111111111111111
0101010010110110
1000000000000000
1111000111010101
0111111111111111
1111010100100111
1000000000000000
0100101100101101
0111111111111111
1001000011000111
1000000000000000
0111111111111111
0111111111111111
1000000000000000
1001010000101111
0111111111111111
0101010001111101
1000000000000000
1111000101011011
0111111111111111
1111001100100100
1000000000000000
0100101101111001
0111111111111111
1001000010101001
1000000000000000
0111111111111111
0111111111111111
1000000000000000
1001011010111111
0111111111111111
0101010101110110
1000000000000000
1111001001111001
0111111111111111
1111001111111000
1000000000000000
0100101110110000
0111111111111111
1001000000001010
1000000000000000
0111111111111111
0111111111111111
1000000000000000
1001010010001101
0111111111111111
0101001011101010
1000000000000000
1111001011111001
0111111111111111
1111010100101111
1000000000000000
0100110000011101
0111111111111111
1001000111000011
1000000000000000
0111111111111111
0111111111111111
1000000000000000
1001010001101001
0111111111111111
0101010101101101
1000000000000000
1111000101110111
0111111111111111
1111001111100110
1000000000000000
0100110000011011
0111111111111111
1001000100111110
1000000000000000
0111111111111111
0111111111111111
1000000000000000
1001011001011110
0111111111111111
0101010010001000
1000000000000000
1111000111010100
0111111111111111
1111010101001100
1000000000000000
0100110010100100
0111111111111111
1001000110010000
1000000000000000
0111111111111111
0111111111111111
1000000000000000
1001010101000001
0111111111111111
0101010110111101
1000000000000000
1111000011111011
0111111111111111
1111010001000011
1000000000000000
0100101000110001
0111111111111111
1001000110001100
1000000000000000
0111111111111111
0111111111111111
1000000000000000
1001010111101010
0111111111111111
0101010101001010
1000000000000000
1111001010011101
0111111111111111
1111010010011001
1000000000000000
0100101100100110
0111111111111111
1001000101110011
1000000000000000
0111111111111111
0111111111111111
1000000000000000
1001010011101111
0111111111111111
0101010110111110
1000000000000000
1111000101110010
0111111111111111
1111010000101111
1000000000000000
0100110000101111
0111111111111111
1001000011001001
1000000000000000
0111111111111111
0111111111111111
1000000000000000
1001010011110101
0111111111111111
0101010000111000
1000000000000000
1111001001101010
0111111111111111
1111001111110110
1000000000000000
0100101100011111
0111111111111111
1001000010111001
1000000000000000
0111111111111111
0111111111111111
1000000000000000
1001010100111101
0111111111111111
0101010101110010
1000000000000000
1111000111110000
0111111111111111
1111001101111000
1000000000000000
0100101011111110
0111111111111111
1001000011100010
1000000000000000
0111111111111111
0111111111111111
1000000000000000
1001010010011110
0111111111111111
0101011010001111
1000000000000000
1111000111011100
0111111111111111
1111001010111101
1000000000000000
0100101111010010
0111111111111111
1001001000101011
1000000000000000
0111111111111111
0111111111111111
1000000000000000
1001010011101111
0111111111111111
0101010011010101
1000000000000000
1111000100100100
0111111111111111
1111001101011100
1000000000000000
0100110001101000
0111111111111111
1001000001011001
1000000000000000
0111111111111111
0111111111111111
1000000000000000
1001010001010011
0111111111111111
0101010101000101
1000000000000000
1111000011011101
0111111111111111
1111010001001100
1000000000000000
0100101101101100
0111111111111111
1001000011001010
1000000000000000
0111111111111111
0111111111111111
1000000000000000
1001010100011111
0111111111111111
0101010011111101
1000000000000000
1111000101100100
0111111111111111
1111010011010100
1000000000000000
0100101100001011
0111111111111111
1001001000110011
1000000000000000
0111111111111111
0111111111111111
1000000000000000
1001010111000111
0111111111111111
0101010010001101
1000000000000000
1111000110011101
0111111111111111
1111010000110101
1000000000000000
0100101101100100
0111111111111111
1001000101111100
1000000000000000
0111111111111111
0111111111111111
1000000000000000
1001010101011011
0111111111111111
0101010011010110
1000000000000000
1111001010111110
0111111111111111
1111001100110100
1000000000000000
0100110001100010
0111111111111111
1001000100101100
1000000000000000
0111111111111111
0111111111111111
1000000000000000
1001010011110011
0111111111111111
0101010100100010
1000000000000000
1111000100110001
0111111111111111
1111001011110111
1000000000000000
0100110001010001
0111111111111111
1001000100010110
1000000000000000
0111111111111111
0111111111111111
1000000000000000
1001010010000001
0111111111111111
0101010011000001
1000000000000000
1111001010001111
0111111111111111
1111010001011100
1000000000000000
0100101110100110
0111111111111111
1001000010110011
1000000000000000
0111111111111111
0111111111111111
1000000000000000
1001010101111101
0111111111111111
0101010110010011
1000000000000000
1111000101110101
0111111111111111
1111010001011001
1000000000000000
0100101100010011
0111111111111111
1001000100011100
1000000000000000
0111111111111111
0111111111111111
1000000000000000
1001010101001011
0111111111111111
0101010010110011
1000000000000000
1111001010010010
0111111111111111
1111010010100110
1000000000000000
0100110011100110
0111111111111111
1001000011110101
1000000000000000
0111111111111111
0111111111111111
1000000000000000
1001010011000100
0111111111111111
0101010010110001
1000000000000000
1111000011110011
0111111111111111
1111010010001001
1000000000000000
0100101101000011
0111111111111111
1000111110110011
1000000000000000
0111111111111111
0111111111111111
1000000000000000
1001001111001000
0111111111111111
0101011000000101
1000000000000000
1111000101000011
0111111111111111
1111010001001000
1000000000000000
0100101101001001
0111111111111111
1001000001101111
1000000000000000
0111111111111111
0111111111111111
1000000000000000
1001010001000111
0111111111111111
0101010111110110
1000000000000000
1111001000001011
0111111111111111
1111010001010001
1000000000000000
0100110010001111
0111111111111111
1001000011100110
1000000000000000
0111111111111111
0111111111111111
1000000000000000
1001010111111000
0111111111111111
0101010000101101
1000000000000000
1111001100101110
0111111111111111
1111010110001011
1000000000000000
0100110001010010
0111111111111111
1000111110110000
1000000000000000
0111111111111111
0111111111111111
1000000000000000
1001001111110011
0111111111111111
0101010000111111
1000000000000000
1111001000111010
0111111111111111
1111010000011101
1000000000000000
0100110001011101
0111111111111111
1001000010010011
1000000000000000
0111111111111111
0111111111111111
1000000000000000
1001010101110010
0111111111111111
0101010100110000
1000000000000000
1111000001011111
0111111111111111
1111010011000011
1000000000000000
0100110010001000
0111111111111111
1001000000111101
1000000000000000
0111111111111111
0111111111111111
1000000000000000
1001010010010111
0111111111111111
0101010000111111
1000000000000000
1111001000010101
0111111111111111
1111010001011000
1000000000000000
0100101100100000
0111111111111111
1001000100100100
1000000000000000
0111111111111111
0111111111111111
1000000000000000
1001010001111011
0111111111111111
0101010010111011
1000000000000000
1111000101110101
0111111111111111
1111010100011011
1000000000000000
0100101101011110
0111111111111111
1001000011001111
1000000000000000
0111111111111111
0111111111111111
1000000000000000
1001010010111010
0111111111111111
0101010110111111
1000000000000000
1111001000011011
0111111111111111
1111010010010100
1000000000000000
0100101110010100
0111111111111111
1001000010110100
1000000000000000
0111111111111111
0111111111111111
1000000000000000
1001010111111010
0111111111111111
0101010101111100
1000000000000000
1111001010100100
0111111111111111
1111010101111010
1000000000000000
0100101110011010
0111111111111111
1001000011110100
1000000000000000
0111111111111111
0111111111111111
1000000000000000
1001010011110000
0111111111111111
0101010001011000
1000000000000000
1111001000011101
0111111111111111
1111010000111001
1000000000000000
0100101010010001
0111111111111111
1001000001110110
1000000000000000
0111111111111111
0111111111111111
1000000000000000
1001010110011101
0111111111111111
0101010010100011
1000000000000000
1111001000001000
0111111111111111
1111010010101000
