0000000000000000
1111111110011000
1111111001100010
1111101110101000
0011011111011110
0110110101110101
0110111111011100
0011000001000100
1100010000001111
1000000000000000
1001101010111001
1111101001110111
0101000101000010
0111010011010001
0101100101000011
1111101111000010
1001010110110100
1000000000000000
1100011111000010
0010101000010000
0110101010000000
0111000001110011
0011000010001111
1100010001000111
1000000000000000
1001101001000111
1111101010110110
0101000101000011
0111010101111111
0101100110111000
1111101111000100
1001010011001110
1000000000000000
1100011110110001
0010101100011101
0110101010110000
0110111111010100
0011000101111001
1100001100011110
1000000000000000
1001101001110111
1111101100101011
0100111111100010
0111010110010010
0101100111000101
1111101111111100
1001010110001100
1000000000000000
1100011010101001
0010100111110110
0110100111001111
0110111111100001
0011000101100110
1100010011000100
1000000000000000
1001101001110001
1111100110100110
0100111110100101
0111010010111101
0101100010000110
1111101110101100
1001010110001010
1000000000000000
1100011101111101
0010101000001110
0110100111110001
0110111111011011
0011000100101100
1100001010011011
1000000000000000
1001101001000101
1111101010011100
0101000101100110
0111010100111010
0101101010011111
1111101110001011
1001010100001010
1000000000000000
1100011011100001
0010101001111110
0110101000010000
0111000001011010
0011000011010010
1100001101001101
1000000000000000
1001100111110001
1111101010000000
0101000110011010
0111010101000010
0101100100011101
1111110001100101
1001010100000111
1000000000000000
1100011100110010
0010100111110010
0110101000011101
0110111111101110
0011000101100000
1100001100100011
1000000000000000
1001101011110101
1111101110000000
0101000011100011
0111010001111001
0101100111010110
1111101010101010
1001010100100011
1000000000000000
1100011010111111
0010101011011100
0110100111001000
0111000011001111
0011000000010100
1100001110000011
1000000000000000
1001101010110011
1111101011111110
0101000010100110
0111010011110111
0101100110011011
1111101110111111
1001010110011111
1000000000000000
1100011011010101
0010101111001000
0110100111101110
0111000001110000
0011000001010011
1100001110001110
1000000000000000
1001101000011011
1111101011101001
0101000110000001
0111010011100001
0101100100011111
1111101110111101
1001010101011111
1000000000000000
1100011000111101
0010101011010101
0110101001110010
0111000000000011
0011000011101101
1100001110000111
1000000000000000
1001100110000101
1111101101010011
0101000011000100
0111010100110010
0101100111110110
1111101111011100
1001010011111100
1000000000000000
1100011110010010
0010101000101101
0110100110101101
0110111101101111
0011000011000110
1100001100100011
1000000000000000
1001101000010011
1111101101101001
0101000110111110
0111010100101111
0101100101100000
1111101110111101
1001010010111001
1000000000000000
1100011101000010
0010101011101000
0110101010111011
0111000001001111
0011000011010100
1100001111000100
1000000000000000
1001100110001101
1111101010100110
0101000010111100
0111010000111110
0101100111001100
1111101110101000
1001010100101111
1000000000000000
1100011110011011
0010101011110110
0110100111110100
0110111111010100
0011000101000111
1100001110100101
1000000000000000
1001101001101011
1111101101000000
0101000010010110
0111010100000011
0101100010111110
1111110001100011
1001010011101101
1000000000000000
1100011101101101
0010101000101101
0110101100100010
0110111111101001
0011000100010000
1100001111100100
1000000000000000
1001101010000001
1111101101000101
0101000011110110
0111010011100111
0101100011101001
1111101010001110
1001010110000110
1000000000000000
1100011110100100
0010101010111010
0110101001001001
0111000000000011
0011000011010111
1100001101100001
1000000000000000
1001101001000001
1111101011010100
0101000101111011
0111010111001011
0101100100111001
1111101110011000
1001011000101101
1000000000000000
1100011111001001
0010101011111100
0110101101010111
0110111111010110
0011000011110101
1100001100000101
1000000000000000
1001100111001110
1111101001111100
0101000101100010
0111010011011100
0101100011110000
1111101111101000
1001010011110000
1000000000000000
1100011010101000
0010101011001110
0110100110111101
0110111111111110
0011000011010111
1100001110110010
1000000000000000
1001100110000011
1111101000010101
0101000010111110
0111010011001111
0101100110000110
1111101111011011
1001010111000011
1000000000000000
1100011110101000
0010101001110111
0110101001010011
0111000000110111
0011000101001100
1100001011101101
1000000000000000
1001100110000110
1111101100011000
0101000010011100
0111010100010011
0101100011011111
1111101101111011
1001010010010100
1000000000000000
1100011101001111
0010101011111001
0110101010110010
0111000001100001
0011001000011101
1100010000001011
1000000000000000
1001100110010110
1111101100010011
0101000011011001
0111011000001111
0101100110010010
1111101100000110
1001010100100110
1000000000000000
1100011011100101
0010101011010010
0110101011111011
0111000001101010
0010111111111101
1100001011110010
1000000000000000
1001101001001010
1111101100000000
0101000110111011
0111010111001011
0101100010011100
1111101101111010
1001010100100001
1000000000000000
1100011111000011
0010101000011101
0110101000010100
0110111111001000
0011000010100101
1100001101110111
1000000000000000
1001100110111001
1111101101100011
0101000000101100
0111010111011011
0101100100010101
1111101101110010
1001010011111110
1000000000000000
1100011010111011
0010101011001000
0110101010010000
0110111110111001
0011000010111010
1100001100010011
1000000000000000
1001101001001010
1111100111111010
0101000010000100
0111010101001000
0101100100101110
1111101101010001
1001010010011110
1000000000000000
1100011100001101
0010101010001011
0110101000010100
0111000001101000
0011001001001101
1100001101001011
1000000000000000
1001101011101011
1111101010100110
0101000011000111
0111010101011101
0101100100011001
1111101111010000
1001010101100010
1000000000000000
1100011110110110
0010101100011111
0110100100111010
0111000010011111
0011000010001110
1100001111011100
1000000000000000
1001101010110001
1111101011001010
0101000100000011
0111010101110100
0101100010101000
1111101110100100
1001010001101101
1000000000000000
1100011100110111
0010101100001001
0110101000110010
0110111100100110
0011000101011101
1100001111011001
1000000000000000
1001101001010000
1111101011000101
0101000100011101
0111010001101110
0101100100000110
1111101111100000
1001010001011111
1000000000000000
1100011011000010
0010101001000001
0110101001101111
0111000001111110
0011000100110011
1100001111000011
1000000000000000
1001101010010000
1111101001101011
0101000001111101
0111010011110011
0101100100110000
1111101111100000
1001010010100101
1000000000000000
1100011101100111
0010101011000001
0110101010100101
0110111111100001
0011000101101110
1100001101010011
1000000000000000
1001101001000011
1111101000110101
0101000001110001
0111010011001110
0101101000010110
1111110000100111
1001010101100010
1000000000000000
1100011010110101
0010101000100010
0110101000100010
0111000000000010
0011000100111110
1100010000000111
1000000000000000
1001100111000100
1111101011101111
0101000110000100
0111010010110010
0101100011110110
1111110000010100
1001010101000101
1000000000000000
1100011001010101
0010101011001100
0110100111011100
0111000100011100
0011000001110011
1100001111101100
1000000000000000
1001101001001111
1111101011010110
0101000010110101
0111010100000101
0101100101001011
1111101101011010
1001010110011011
1000000000000000
1100011101101011
0010101000100010
0110101001100001
0111000010011000
0011000100000011
1100001101101110
1000000000000000
1001101010111000
1111101000011111
0101000101010100
0111010101001000
0101101000101111
1111101110001101
1001010110100101
1000000000000000
1100011100011011
0010101011100011
0110100111000011
0111000000000101
0011000011010000
1100001111000100
1000000000000000
1001100100111010
1111101010000010
0101000010010100
0111010100010000
0101100011010000
1111101110011010
1001010101111101
1000000000000000
1100011110110111
0010101011111011
0110101000011111
0111000011111100
0011000011101001
1100001011101001
1000000000000000
1001100110000110
1111101010111010
0101000110101001
0111010000101111
0101100100110001
1111101011000001
1001010001010100
1000000000000000
1100011111110011
0010101001110001
0110100110101100
0110111101100011
0011000000111111
1100001101110101
1000000000000000
1001100111001100
1111101001101011
0101000101110100
0111010110001101
0101100111000111
1111101111101000
1001010001101000
1000000000000000
1100011011001001
0010101011001110
0110101001011001
0110111110100001
0010111110101111
1100001101000100
1000000000000000
1001101001011111
1111101101011000
0101000001100011
0111010010000100
0101100100100101
1111101111000111
1001010011110000
1000000000000000
1100011110000100
0010101001100011
0110101000110001
0111000010011010
0011000000001001
1100001100101110
1000000000000000
1001101010010100
1111101010011111
0101000010100101
0111010101000001
0101100011001011
1111101100000111
1001010001111100
1000000000000000
1100011110011100
0010101011101000
0110100111000010
0110111101110001
0011000101000111
1100001111111011
1000000000000000
1001101001111111
1111101010100101
0101000100001011
0111010010110101
0101100101000011
1111101101100011
1001010101001001
1000000000000000
1100011010011000
0010101001110010
0110101011000110
0111000010100111
0011000000110100
1100001100111101
1000000000000000
1001101001000111
1111101000010101
0101000110111001
0111010101111111
0101100101010010
1111101100001111
1001010110101111
1000000000000000
1100011111001010
0010101010111000
0110100101110010
0110111110010101
0011000000010100
1100001111010011
1000000000000000
1001101000011011
1111100110110110
0101000100001111
0111010010101111
0101100110100110
1111101110111010
1001010110001011
1000000000000000
1100011101101101
0010101010011110
0110101000100111
0111000000010110
0011000001001000
1100001111101010
1000000000000000
1001101001100011
1111101111000011
0101000010111100
0111010011111000
0101100110010100
1111101110000101
1001010100110110
1000000000000000
1100011110100011
0010101101100100
0110100111010011
0110111111111101
0011000100000111
1100001111110110
1000000000000000
1001101110011101
1111101001010010
0101000010101011
0111010010110001
0101100100011100
1111101111010011
1001010100011111
1000000000000000
1100011101100101
0010101010010111
0110100110101101
0110111111100100
0011000110100100
1100001100110110
1000000000000000
1001100100011110
1111101011101100
0101000010101100
0111010100010100
0101100111000001
1111101111100111
1001010101000010
1000000000000000
1100011100001010
0010101010100000
0110100111011010
0110111100010100
0011000001110101
1100001001100111
1000000000000000
1001100101000111
1111101010000011
0101000011100111
0111010100000111
0101100101101010
1111101110000101
1001010100000111
1000000000000000
1100011100011101
0010101001011010
0110100101000011
0110111100101011
0011000010101011
1100001110011111
1000000000000000
1001100110101110
1111101100000001
0101000100100101
0111010110100111
0101100100011110
1111101101011100
1001010101110111
1000000000000000
1100011110001010
0010101100110100
0110101010101000
0111000011110101
0011000101100100
1100001111011010
1000000000000000
1001101010001101
1111101110010101
0101000100011111
0111011000001000
0101100001111111
1111101110101001
1001010101001111
1000000000000000
1100011110111100
0010101110001100
0110100101100101
0110111111111010
0011001000100111
1100001111100100
1000000000000000
1001100111000010
1111101100110101
0101001000001101
0111010000101110
0101100011001010
1111110000011110
1001010100000101
1000000000000000
1100011011010101
0010101011111011
0110100111000010
0110111101111111
0011000011010000
1100001110001101
1000000000000000
1001100101110001
1111101010111000
0100111111110110
0111010011011001
0101100110000111
1111101110001110
1001010100010000
1000000000000000
1100011011001111
0010101010011010
0110101101110111
0110111111011101
0011000001100001
1100001101011110
1000000000000000
1001101100000001
1111101100000101
0101000100010011
0111010110101000
0101100101001000
1111101100100100
1001010111000011
1000000000000000
1100011101110101
0010101000101010
0110100110100000
0110111111000100
0011000100101111
1100001111010010
1000000000000000
1001101011100101
1111101001101100
0101000000110000
0111010010001011
0101100101011010
1111101100110110
1001010101010011
1000000000000000
1100011101011001
0010101100011111
0110100110010010
0110111111110110
0011000011000101
1100001100100101
1000000000000000
1001100111111000
1111101011010010
0101000011010001
0111010011011100
0101100110110011
1111101101110110
1001010010011010
1000000000000000
1100011101001100
0010101000100011
0110100110011100
0111000000101000
0011000011101100
1100010011001110
1000000000000000
1001101011011001
1111101101011111
0101000110011110
0111010011010101
0101100100011100
1111101100001001
1001010100111011
1000000000000000
1100011101011001
0010101010111101
0110101001101001
0110111101101011
0010111111110100
1100001111101011
1000000000000000
1001101000010001
1111101100111001
0100111110111101
0111010011000010
0101100100001101
1111101110011000
1001010100011010
1000000000000000
1100100000000000
0010101010010110
0110101000100100
0110111111101010
0011000010101101
1100001101100100
1000000000000000
1001101000001010
1111101010010011
0101000010001101
0111010111110000
0101101000000011
1111101101001000
1001010100010001
1000000000000000
1100011100000000
0010101011000101
0110101011111110
0110111110101000
0010111111110000
1100001101001111
1000000000000000
1001100111110111
1111101001111110
0101000101011001
0111010001110100
0101100101110101
1111101110001000
1001010110100100
1000000000000000
1100011110101101
0010101100110100
0110101000010111
0111000000001011
0011000001010101
1100001101101101
1000000000000000
1001101011101111
1111101010111010
0101000011001111
0111010011111101
0101100100111011
1111110000000100
1001010100011000
1000000000000000
1100011011001001
0010101100100000
0110101001110101
0111000010011100
0011000010100011
1100001110000010
1000000000000000
1001101000111001
1111101010001110
0101000001111000
0111010111010110
0101100011110110
1111101111011010
1001010101000111
1000000000000000
1100011100010100
0010101011101101
0110100101110100
0111000000000001
0011000001101010
1100010001001000
1000000000000000
1001101001011111
1111101100100110
0101000001100010
0111010100101001
0101100011000011
1111101101011011
1001010010010110
1000000000000000
1100011101000010
0010101001101011
0110101001101010
0110111111101100
0011000100100111
1100001011010101
1000000000000000
1001101010001010
1111101011100110
0101000100100101
0111010111001110
0101100010010001
1111101101110001
1001010100110110
1000000000000000
1100011101111001
0010100111111111
0110101000101100
0111000001001000
0011000010111100
1100001100111001
1000000000000000
1001100111101110
1111101101001111
0100111111010110
0111010100101010
0101100100110011
1111110001100010
1001010011001100
1000000000000000
1100100000011101
0010101001000110
0110100101010001
0111000000001110
0011000010110111
1100001111010101
1000000000000000
1001101000110101
1111101001011101
0101000001100111
0111010001000110
0101100011010000
1111110001011010
1001010101100111
1000000000000000
1100011110111011
0010101100100100
0110100110110000
0111000000000101
0011000001101000
1100001011101100
1000000000000000
1001101000101100
1111101011101100
0101000000001111
0111010100000100
0101100110100100
1111101111100001
1001010110110010
1000000000000000
1100011100111010
0010101111110011
0110100110001010
0110111110101100
0011000010001010
1100001101100011
1000000000000000
1001100110111010
1111101011111110
0101000101110010
0111010011110000
0101100101111001
1111101111101010
1001010100100110
1000000000000000
1100011101111011
0010101010111001
0110101011000010
0110111110011100
0011000101110000
1100001100101101
1000000000000000
1001101001100000
1111101010000011
0101000011101011
0111011000100011
0101100100100111
1111101101000101
1001010100111110
1000000000000000
1100011100010010
0010101010000110
0110100110000110
0111000010111010
0011000011010111
1100001111111111
1000000000000000
1001100110011001
1111101101100001
0101000100010011
0111010011111011
0101100100010101
1111101101001111
1001010111000010
1000000000000000
1100011100111100
0010101001110001
0110101010001100
0111000010110100
0011000010100101
1100001101001001
1000000000000000
1001101001100101
1111101011111100
0101000011111001
0111010011011000
0101100100000111
1111101110101001
1001010010111110
1000000000000000
1100011101100011
0010101010111110
0110100110010011
0111000000011101
0011000001000001
1100001101100000
1000000000000000
1001100111111010
1111101010110001
0101000100000100
0111010111010011
0101100100110010
1111110000010011
1001010111111010
1000000000000000
1100011111010010
0010101000111111
0110101010000111
0110111111000111
0011000000101110
1100001111000111
1000000000000000
1001100101111101
1111101101010110
0101000100110011
0111010100000011
0101100100010100
1111101111000010
1001010101110100
1000000000000000
1100011101101010
0010101100001000
0110101000011010
0110111100111000
0011000010010000
1100010000001000
1000000000000000
1001100111111100
1111101101101111
0101000110110100
0111010110100111
0101100111000111
1111101101111100
1001010010010001
1000000000000000
1100011101011111
0010101100110101
0110101000100001
0111000001001100
0011000011000100
1100010000000001
1000000000000000
1001101000000111
1111101100000010
0101000100101101
0111010010110111
0101100100011000
1111101111101010
1001010010100101
1000000000000000
1100011111111000
0010101001110000
0110101011101100
0111000000010000
0011000101010111
1100001111110111
1000000000000000
1001100111001111
1111101100101000
0101000101011010
0111010011011110
0101101000101111
1111110001011110
1001010110111001
1000000000000000
1100011101110010
0010101001011100
0110101000010010
0110111111110001
0011000101100100
1100001010011101
1000000000000000
1001100110011111
1111101100000100
0101000000111111
0111010110000001
0101100010011001
1111101101111001
1001010001110001
1000000000000000
1100011111001011
0010101000010111
0110101001011101
0111000000001101
0011000110001100
1100010000011001
1000000000000000
1001101000001000
1111101011001101
0101000101100100
0111010100100100
0101100100000100
1111101110100000
1001010110011101
1000000000000000
1100011011100011
0010101000000010
0110100101110100
0111000010010110
0011000010100110
1100010000110010
1000000000000000
1001100111111100
1111101001110111
0101000011010100
0111010011101011
0101100110110100
1111101110110001
1001010010110001
1000000000000000
1100011010100110
0010101001101011
0110101000110110
0110111111101010
0011000010100111
1100001101111101
1000000000000000
1001101010100100
1111101001011001
0101000010000100
0111010011011001
0101100100010011
1111101110000000
1001010011001011
1000000000000000
1100100000000111
0010101101101000
0110101011001000
0111000001000111
0011000001101100
1100001100101010
1000000000000000
1001101000001000
1111101010111111
0101000100001101
0111010100101110
0101100101111111
1111110001110110
1001010101010110
1000000000000000
1100011101100001
0010101101010000
0110100110000000
0111000000000101
0011000001001010
1100001101110111
1000000000000000
1001101010110010
1111101011001001
0101000010111010
0111010100000111
0101100101111111
1111101110101111
1001010100011110
1000000000000000
1100011111101001
0010101001111011
0110101001001001
0111000001001100
0011000011011000
1100001101111011
1000000000000000
1001100110111110
1111101000100000
0101000101000001
0111011000100101
0101100011100011
1111110000010111
1001010101111010
1000000000000000
1100100000010100
0010101010110010
0110101000010100
0111000000111100
0011000001101110
1100001011011100
1000000000000000
1001101000111110
1111101011111000
0101000001010011
0111011000101111
0101100101101000
1111101111111100
1001010110000101
1000000000000000
1100011010101101
0010101010110110
0110100110000111
0111000001010001
0011000010010000
1100010000100001
1000000000000000
1001101011100101
1111101010100110
0101000110010110
0111010101001001
0101100100101011
1111110000110011
1001010111001010
1000000000000000
1100011100100100
0010110000011010
0110101010111010
0111000010111101
0011000011111000
1100001101001101
1000000000000000
1001100110011000
1111101011111100
0101000100100000
0111010110000110
0101100011101011
1111101111100111
1001010010110011
1000000000000000
1100011011010111
0010101100011100
0110101010010111
0110111111001101
0011000011011101
1100001101101001
1000000000000000
1001100110111011
1111101011010111
0101000100011111
0111010011101101
0101100010101101
1111101011100011
1001010011011000
1000000000000000
1100011010100010
0010101101001111
0110101010101010
0111000010100010
0011000011011000
1100001110100111
1000000000000000
1001101000100110
1111100111000101
0101000010110001
0111010101011111
0101100110110011
1111101110010110
1001010101000100
1000000000000000
1100011100100001
0010101011011010
0110100111111000
0110111111111010
0011000001100111
1100001111110011
1000000000000000
1001100110110101
1111101010011000
0101000000010111
0111010001011011
0101100101110100
1111110000010000
1001010011011010
1000000000000000
1100011111110001
0010101011000011
0110100111000001
0110111111000101
0011000010110011
1100001011111010
1000000000000000
1001101001100100
1111101011001000
0101000011110010
0111011000010001
0101100100100100
1111101111011011
1001010100010001
1000000000000000
1100011110010011
0010101010101100
0110101101000111
0111000000100000
0011000101011010
1100001111110000
1000000000000000
1001101001000111
1111101011101101
0101000011100110
0111010001000001
0101100000100101
1111101101100000
1001010101010111
1000000000000000
1100011011001110
0010101011101001
0110101011001001
0111000010100010
0011000011000010
1100001110010001
1000000000000000
1001101001000011
1111101101001101
0101000111000011
0111010110100100
0101100000110010
1111101110000011
1001010011000001
1000000000000000
1100011100110100
0010101100000100
0110100111010001
0110111111100111
0011000110110111
1100010000000010
1000000000000000
1001101000010011
1111101011010010
0101000101111010
0111010110101011
0101100101000101
1111101110110101
1001010101010001
1000000000000000
1100011101000100
0010101000101111
0110101001110000
0111000010010011
0011000100011010
1100001100000001
1000000000000000
1001101000111000
1111101100000101
0101000011011100
0111010100001100
0101100110111101
1111101110000110
1001010011110001
1000000000000000
1100100001010101
0010101000010011
0110101011110001
0110111110110110
0011000001011100
1100010000001001
1000000000000000
1001101000101100
1111101011010101
0101000001010001
0111010110000011
0101100110101100
1111101100011111
1001010101110000
1000000000000000
1100011110001001
0010101010101100
0110100111001000
0110111110000001
0011000101010010
1100001111000010
1000000000000000
1001101000110011
1111101001100100
0101000100001101
0111010111000101
0101100010100111
1111101100010101
1001010101110011
1000000000000000
1100011010010100
0010101011100101
0110101011010000
0111000010010011
0011000100110110
1100001110100011
1000000000000000
1001101010010111
1111101010111110
0101000100000101
0111010100001110
0101100110101000
1111101111100011
1001010100011010
1000000000000000
1100011110100011
0010101110101110
0110100111101111
0111000010100111
0011000101011111
1100001101001010
1000000000000000
1001100111111010
1111101000111100
0101000001011101
0111010101101000
0101100011110100
1111101101011100
1001010100001100
1000000000000000
1100011110101101
0010101100101010
0110100110111110
0110111111001011
0011000010100010
1100001111010110
1000000000000000
1001101011011100
1111101011110010
0101000010000001
0111010100100000
0101100100111011
1111110001001110
1001010011011000
1000000000000000
1100011100010001
0010101011110001
0110101000111001
0110111111110001
0011000101101001
1100001101011001
1000000000000000
1001100110010101
1111101011001011
0101000111001110
0111010110110011
0101100101011100
1111101101001000
1001010101010010
1000000000000000
1100011110001100
0010101001100000
0110101011000111
0111000000011111
0011000100111100
1100001011110010
1000000000000000
1001101010100100
1111101100011100
0101000100001110
0111010011111101
0101100011010100
1111101101101111
1001011000000101
1000000000000000
1100011101011100
0010101010000101
0110101011100100
0110111110001001
0011000011110001
1100001101010111
1000000000000000
1001101000110101
1111101011111010
0101000011010010
0111010101001010
0101100101000101
1111101100001101
1001010100101010
1000000000000000
1100011100111100
0010101100100001
0110100111110001
0110111110011001
0011000001001101
1100001101100110
1000000000000000
1001101001101110
1111101010110010
0100111111110010
0111010110111000
0101100101011011
1111101110001110
1001010100101010
1000000000000000
1100011101001100
0010101000100110
0110100110001101
0111000001010000
0011000010110111
1100001101001000
1000000000000000
1001100111100111
1111101010001001
0101000111011111
0111010100001110
0101101000010110
1111101110010100
1001001111110011
1000000000000000
1100011111010111
0010101110010101
0110100111111100
0110111111010000
0011000100100101
1100001110000001
1000000000000000
1001100111101000
1111101101110010
0101000001100100
0111010101000101
0101100101110110
1111101011110101
1001010011111111
1000000000000000
1100011101110001
0010101101110100
0110101001010000
0111000000110011
0011000010000001
1100001111100000
1000000000000000
1001101001011010
1111101111010000
0101000011110011
0111011001111011
0101100011110111
1111101101001110
1001001111011111
1000000000000000
1100011000101011
0010101100101101
0110100111000101
0111000011111110
0011000101001110
1100010001010101
1000000000000000
1001101000000100
1111101010010100
0101000011000011
0111010100010000
0101100011011110
1111101101100110
1001010101100110
1000000000000000
1100011110100110
0010101100011111
0110100111001010
0110111111011011
0011000010101110
1100010000010011
1000000000000000
1001101010000110
1111101100011100
0101000011011001
0111010000100010
0101100101001111
1111110001000111
1001010111111101
1000000000000000
1100011100101000
0010101000100000
0110101001011000
0111000000100011
0011000001001100
1100001100111000
1000000000000000
1001101010011011
1111101100000000
0101000100111101
0111010000110101
0101100011000000
1111101101001101
1001010000000000
1000000000000000
1100011100011011
0010101010110010
0110101001101111
0111000000010111
0011000011010011
1100001101011100
1000000000000000
1001101000011000
1111101110000001
0101000100000001
0111010010111101
0101100011110101
1111101110011101
1001010111001101
1000000000000000
1100011010100100
0010101001011111
0110101001011111
0110111110101100
0011000001011000
1100001100101001
1000000000000000
1001101000010001
1111101100111111
0101000010101000
0111010110000010
0101100001111110
1111101100100100
1001010010111000
1000000000000000
1100011111111111
0010101010010001
0110101001111010
0110111110001110
0011000101101111
1100001111101110
1000000000000000
1001100111010111
1111101001101001
0101000011100001
0111010011111001
0101100001101010
1111110001110011
1001010101001101
1000000000000000
1100011110011111
0010101011110000
0110100100111110
0111000000110110
0011000001010111
1100001100111111
1000000000000000
1001101010011110
1111100101111100
0101000100001011
0111010010010001
0101100110011011
1111101110110101
1001010101000011
1000000000000000
1100011100110000
0010101010110001
0110100111110111
0110111100000100
0011000100101111
1100001011110110
1000000000000000
1001101001011101
1111101010101101
0101000010100001
0111010101001111
0101100011000001
1111101111100100
1001010011100001
1000000000000000
1100011110000110
0010101011001011
0110100011100010
0111000000100001
0011000011011011
1100001101011011
1000000000000000
1001100110011010
1111101001111111
0101000010100101
0111010011111001
0101100110110000
1111101110000101
1001010010111010
1000000000000000
1100011100111110
0010101010100010
0110101001101001
0111000001001101
0011000010101110
1100010000000000
1000000000000000
1001101000110101
1111100101011111
0101000100110110
0111010011011011
0101100010001100
1111110001111001
1001010100110000
1000000000000000
1100011110110101
0010101010010011
0110101100010001
0111000001101011
0011000110001111
1100001110101110
1000000000000000
1001100110011110
1111101011001011
0101000010001000
0111010110111111
0101100111010011
1111101101101000
1001010110011010
1000000000000000
1100011101010011
0010101110100100
0110101000101010
0111000000111000
0011000011110001
1100001110101001
1000000000000000
1001101010010000
1111101001101111
0101000001010100
0111010100100010
0101100100101110
1111110010001101
1001010111011000
1000000000000000
1100011010101101
0010101000000101
0110100100110001
0110111111110001
0011000110001100
1100001110100011
1000000000000000
1001100110000101
1111101011001010
0101000100111000
0111010011110110
0101100110000101
1111101100001111
1001010010100110
1000000000000000
1100011110011100
0010101101010110
0110100111010100
0110111110000000
0011000010010001
1100001111001001
1000000000000000
1001101000010101
1111110000101010
0101000101100110
0111010011011001
0101100101011000
1111101011110010
1001010010011000
1000000000000000
1100011101101110
0010101011101101
0110101010010010
0110111111011110
0011000000000000
1100001111000000
1000000000000000
1001101010011101
1111101100110001
0101000011101101
0111010011101001
0101100010111101
1111101101110101
1001010101100100
1000000000000000
1100011111110001
0010101011100101
0110101000101100
0111000010100011
0011000100001111
1100010001010100
1000000000000000
1001100111111111
1111101011011100
0101000011110110
0111010110010010
0101100101111110
1111101011100010
1001010011111010
1000000000000000
1100011101001100
0010101011001011
0110101001000011
0111000000010000
0011000100111000
1100001110111010
1000000000000000
1001101001100100
1111101000110011
0101000100001000
0111010100001111
0101100011111110
1111101100011111
1001010011100000
1000000000000000
1100011101100010
0010101010001101
0110101000000101
0111000001010011
0011000011100101
1100001100000011
1000000000000000
1001101000110001
1111101010011000
0101000011110011
0111010100100100
0101101000110000
1111101101101000
1001010011111101
1000000000000000
1100011111011000
0010101100111110
0110100101000111
0110111101011101
0011000000101111
1100001111010010
1000000000000000
1001100100111111
1111101011001100
0101000010101011
0111010001111110
0101101000001010
1111101111101000
1001010101100001
1000000000000000
1100011110011100
0010101100100100
0110101001110100
0110111110010110
0011000110010011
1100010010000010
1000000000000000
1001100110101101
1111101001101100
0101000101000100
0111010010001101
0101100011111101
1111110000010110
1001010010101010
1000000000000000
1100011001100000
0010101101000010
0110101000100111
0111000001010100
0011000010100100
1100001011111000
1000000000000000
1001101010100011
1111101001101101
0101000100111001
0111010001011101
0101100011110011
1111101100100011
1001010010001010
1000000000000000
1100011110010011
0010101000100001
0110101000000110
0111000001000001
0011000001101001
1100001100110010
1000000000000000
1001100110111100
1111101100110001
0101000010111110
0111010101101000
0101100100011100
1111110000100110
1001010000101011
1000000000000000
1100011110101111
0010101001111110
0110100111111010
0111000001000010
0010111101101000
1100001110101101
1000000000000000
1001100111010101
1111101010011101
0101000010111111
0111010010011010
0101100110101110
1111101111010001
1001010111110011
1000000000000000
1100011100010110
0010101011110010
0110101001001111
0110111110100101
0011001000000000
1100001101110111
1000000000000000
1001101000011111
1111101011111000
0101000100110000
0111010110110010
0101100111101000
1111110000010101
1001010011000111
1000000000000000
1100011001000100
0010100111110110
0110101001001111
0110111111101100
0011000010011000
1100001110000101
1000000000000000
1001101000101010
1111101100011100
0101000101010110
0111010110001110
0101100100111110
1111101110011011
1001010010110100
1000000000000000
1100011001100100
0010101001001101
0110101000111101
0111000010011111
0011000110100111
1100001111111101
1000000000000000
1001101000000100
1111101011010100
0101000010110010
0111010101100001
0101100100101001
1111101101011101
1001010011111110
1000000000000000
1100011110010011
0010101010001101
0110100111111101
0110111101111011
0011000100100000
1100001111011010
1000000000000000
1001100101011101
1111101010001111
0101000000110101
0111010100000011
0101100000101001
1111101101111100
1001010100000011
1000000000000000
1100011111001000
0010101011000110
0110101001000100
0111000100001101
0011000011110011
1100001101011110
1000000000000000
1001100100011010
1111101011110111
0101000110011011
0111010100111100
0101100100011101
1111110000000000
1001010100011010
1000000000000000
1100011101110011
0010101101110001
0110101000010001
0110111101010111
0011000010000101
1100010011011110
1000000000000000
1001101000110101
1111101010011011
0101000011101001
0111011000011110
0101100001001001
1111110001001110
1001010100100011
1000000000000000
1100011011000111
0010100111111001
0110101000110110
0110111110100101
0011000010111000
1100001101011100
1000000000000000
1001101000101010
1111101011101010
0101000100010010
0111010111001101
0101100101110101
1111110000000000
1001010011011010
1000000000000000
1100011110101010
0010101010111101
0110101011000100
0111000000100010
0011000101001111
1100001110100010
1000000000000000
1001101001100111
1111101010111101
0101000010110111
0111010001100010
0101100110111100
1111110000000100
1001010011000100
1000000000000000
1100011011010011
0010101101000011
0110101011010001
0111000000000010
0011000010101110
1100001100010001
1000000000000000
1001101000001101
1111101100001000
0101000010100010
0111010101111010
0101100101011101
1111110000000111
1001010010110010
1000000000000000
1100011100011000
0010101101000101
0110100111111110
0111000010000101
0011000010011111
1100010000101110
1000000000000000
1001101001100010
1111101010000110
0101000100000111
0111010111001001
0101100101011010
1111101101111011
1001010010100111
1000000000000000
1100011101110110
0010101100101000
0110100101101101
0111000000011011
0011000010110000
1100001101000010
1000000000000000
1001101000110010
1111101101000000
0101000111110111
0111010010111110
0101100001010001
1111101110100111
1001010100011110
1000000000000000
1100100000011011
0010101110100111
0110101000101000
0111000011100101
0011000110100111
1100010000001000
1000000000000000
1001100110001110
1111100111011001
0101000000100100
0111010010100110
0101100011100101
1111101101111001
1001010101011001
1000000000000000
1100100000010001
0010101011101011
0110100111010000
0111000000001111
0011000011100011
1100010000110001
1000000000000000
1001101000101101
1111101000111000
0101000011110010
0111010110000000
0101100100111100
1111101110100100
1001010100110011
1000000000000000
1100100000100101
0010101011101100
0110101000110101
0111000010101101
0011000011010110
1100001110010011
1000000000000000
1001101000010111
1111101010000011
0101000001111010
0111010011101101
0101100011111111
1111101100110110
1001010010100101
1000000000000000
1100011100001110
0010101101001101
0110100111001111
0111000010011010
0011000001011001
1100001111111111
1000000000000000
1001100110100001
1111101100000011
0101000100110001
0111010010100110
0101100101110000
1111101101011001
1001010101110001
1000000000000000
1100100010110000
0010101001110100
0110101011111101
0111000000011000
0011000011000010
1100001101110100
1000000000000000
1001101011011110
1111101100011001
0101000011010011
0111010100010111
0101100110000111
1111101110000010
1001010110100111
1000000000000000
1100011100111001
0010101000110011
0110101011010011
0111000001100011
0011000001011101
1100001110001100
1000000000000000
1001100111010010
1111101001010110
0101000101101001
0111010101011100
0101100100001110
1111110010011010
1001011000010101
1000000000000000
1100011100001000
0010101101101011
0110100111011001
0111000001110110
0010111111101001
1100001111010110
1000000000000000
1001100111100100
1111101001111101
0101000011110010
0111001111000000
0101101000110101
1111101110011100
1001010010100110
1000000000000000
1100011000100001
0010101100111001
0110101011110001
0111000010011110
0011000000110011
1100001111000010
1000000000000000
1001101010101010
1111101011000011
0101000010100110
0111010010111001
0101100101101011
1111101101110101
1001010011101011
1000000000000000
1100011101100110
0010101100000111
0110100101111100
0110111111110110
0011000100100101
1100001111110100
1000000000000000
1001100111000001
1111101010101000
0101000011000101
0111010101010100
0101100110110010
1111110000101000
1001011000101110
1000000000000000
1100011100011100
0010101001101111
0110101001000100
0110111110111111
0011000010010000
1100001100011101
1000000000000000
1001101001110111
1111101001000101
0101000011010001
0111010101101010
0101100001000101
1111101101111111
1001010101101110
1000000000000000
1100011100111000
0010101100000011
0110101000011000
0110111100000010
0011000010101000
1100001101011010
1000000000000000
1001100101101010
1111101010011111
0101000011000010
0111010110111110
0101100011010110
1111101111101110
1001010110100100
1000000000000000
1100011011111110
0010101110001010
0110101000100011
0110111111001011
0011000101011110
1100001101111100
1000000000000000
1001101100100001
1111101011101100
0101000010111101
0111010110010000
0101100001101110
1111101111011001
1001010111111001
1000000000000000
1100011110100000
0010101010010010
0110101010001111
0111000010010000
0011000101110001
1100010001101100
1000000000000000
1001101010011010
1111101100001001
0101000100010001
0111010000111100
0101100100100111
1111101101001101
1001010010101000
1000000000000000
1100011110111011
0010101010100010
0110101011010100
0111000001101000
0011000011100011
1100001110100011
1000000000000000
1001100111110101
1111101101111011
0101000010101110
0111010101110001
0101100100001110
1111110001001100
1001010000111110
1000000000000000
1100011101110101
0010100111111110
0110101100000101
0111000010100001
0011000010100101
1100001110001000
1000000000000000
1001101000110011
1111101101010101
0101000011110101
0111010010100010
0101100110000011
1111101111111110
1001010010111001
1000000000000000
1100011011110110
0010101010010111
0110101000110001
0111000100001001
0011000010101010
1100001110101000
1000000000000000
1001101010110000
1111101011111001
0101000011011111
0111010010111100
0101100011100101
1111101011010000
1001010100000001
1000000000000000
1100011111110000
0010101101010111
0110100110101100
0110111011111100
0011000100001000
1100001011010111
1000000000000000
1001101010000110
1111101110001000
0101000100100111
0111010100010011
0101100101011010
1111110000111011
1001010111000010
1000000000000000
1100011111000000
0010101001110111
0110100101010011
0111000001100011
0011000010011101
1100001010111010
1000000000000000
1001101001110100
1111101010111110
0101000011110000
0111010011000010
0101100100101001
1111101111001010
1001010101001001
1000000000000000
1100011110101011
0010101001111011
0110101001100101
0111000001111111
0011000011111100
1100001101010110
1000000000000000
1001101001010010
1111101101010001
0101000011011100
0111010101111010
0101100011010111
1111101101000110
1001010101001111
1000000000000000
1100011100010011
0010101011100111
0110101001011111
0111000001000100
0011000001110001
1100001011100100
1000000000000000
1001100111011111
1111101010001101
0101000100001101
0111010011100101
0101100101000100
1111101011000000
1001010111101011
1000000000000000
1100011101010111
0010101011001100
0110101000101000
0111000010001100
0011000010100110
1100001110111100
1000000000000000
1001100110010110
1111101010001011
0101000100010011
0111010110000000
0101100101111011
1111110000001111
1001010010110010
1000000000000000
1100011101001011
0010101010101010
0110101011100101
0111000001011101
0011000011001100
1100001111010100
1000000000000000
1001101010011110
1111101000011110
0101000010111011
0111010100100111
0101100110001001
1111110000010010
1001010101000011
1000000000000000
1100011110111101
0010100111101100
0110101001101101
0111000001111110
0011000100001100
1100001111001010
1000000000000000
1001100111001110
1111101101110100
0101000100001001
0111010100100110
0101100111011100
1111101001111110
1001010010011001
1000000000000000
1100011111011011
0010101000001011
0110101000100101
0111000001011010
0011000011001101
1100010001100010
1000000000000000
1001101011001101
1111101011110110
0101000010100001
0111010101001011
0101100100110111
1111101110001100
1001010001001010
1000000000000000
1100011101011111
0010101001011011
0110101001100100
0110111110100101
0011000011000100
1100001110010101
1000000000000000
1001101001001100
1111101110001011
0101000110111001
0111010101111000
0101100011010000
1111110000100001
1001010101010110
1000000000000000
1100011101011001
0010101001000111
0110101000111001
0111000010000010
0011000011011100
1100001110011100
1000000000000000
1001100111100010
1111100111101111
0101000000101010
0111010111010111
0101100010100011
1111110000000010
1001010010100101
1000000000000000
1100011011101101
0010101100011110
0110101000101100
0110111110000011
0011000000111110
1100001101101011
1000000000000000
1001101001110100
1111101001010110
0101000100100011
0111010101011110
0101100011111101
1111110000100001
1001010011001101
1000000000000000
1100011101111110
0010101000101000
0110101100100011
0111000010001011
0011000010001000
1100010000000001
1000000000000000
1001101001100111
1111101001101110
0101000011111111
0111010011000111
0101100100110000
1111110000110100
1001010010101110
1000000000000000
1100100000110110
0010101110010001
0110101011010010
0110111101011111
0011000100001001
1100001111010110
1000000000000000
1001100110010011
1111101100111000
0101000100110000
0111011000000000
0101100101110111
1111101110100011
1001010110001101
1000000000000000
1100100000101111
0010101100011011
0110101001111000
0110111110011101
0011000001110110
1100001101001001
1000000000000000
1001100111111011
1111101010011101
0101000000111100
0111010100000101
0101100010000001
1111101110110001
1001010101110110
1000000000000000
1100011101001001
0010101100101101
0110101000100001
0110111110100010
0011000110111001
1100001111011110
1000000000000000
1001101011000111
1111101100100110
0101000010111011
0111010011000101
0101100100101110
1111101110000110
1001010010111011
1000000000000000
1100011100100010
0010101011100111
0110101001010001
0111000000011010
0011000011111000
1100001110101100
1000000000000000
1001100110111001
1111101010000111
0101000011001001
0111010011011011
0101100100001010
1111101101111110
1001010000101110
1000000000000000
1100100001010111
0010101001001010
0110100110110111
0110111101011000
0011000011111000
1100010000110111
1000000000000000
1001101000100011
1111101001001110
0101000001101001
0111010010010010
0101100101000001
1111101011100100
1001010011011111
1000000000000000
1100011010110111
0010101001100101
0110101000010011
0111000001001101
0011000010000111
1100001110011110
1000000000000000
1001101001000001
1111101100101110
0101000101001011
0111010110001100
0101100011010001
1111110001110101
1001010101111110
1000000000000000
1100011101011110
0010101010101100
0110100111001011
0110111110101111
0011000001010100
1100001101101000
1000000000000000
1001100111010101
1111101100100000
0101000011111110
0111010111010011
0101100100100101
1111101110010111
1001010010011011
1000000000000000
1100100000001110
0010101000001000
0110101001000011
0111000010110001
0011000011001101
1100001011111001
1000000000000000
1001100111111000
1111101011011111
0101000100101100
0111010110011111
0101100101011001
1111101101100001
1001010011001011
1000000000000000
1100011110001111
0010101010000110
0110101001001101
0111000010010010
0011000011001011
1100001101101010
1000000000000000
1001100110100001
1111101011110001
0101000000000100
0111010100001100
0101100110111010
1111110001010010
1001010010111111
1000000000000000
1100011111111101
0010101001010011
0110101011011100
0111000010100100
0011000010011001
1100001101011001
1000000000000000
1001101000001110
1111101010111000
0101000001110101
0111010001100001
0101100100001001
1111101110010010
1001010110110000
1000000000000000
1100011101111111
0010101010000100
0110100101111010
0110111111111100
0011000100011110
1100001110001011
1000000000000000
1001100111000111
1111101011100111
0101000010101010
0111010010100111
0101100100011001
1111110000111101
1001010001011000
1000000000000000
1100011011010001
0010101010001000
0110101011111000
0110111111001100
0011000100001001
1100001110110011
1000000000000000
1001101000100110
1111101111001111
0101000001011110
0111010010001000
0101100010101110
1111101100001000
1001010110100110
1000000000000000
1100100000111011
0010101110110100
0110101011000000
0111000010110110
0011000011011011
1100001101110110
1000000000000000
1001100110001000
1111101101000011
0101000100010011
0111010001001001
0101100011000000
1111110000011100
1001010100010001
1000000000000000
1100011100001001
0010101000011110
0110101000100011
0110111111111111
0011000101101011
1100001100011011
1000000000000000
1001101011001000
1111101010110000
0101000001001111
0111010101111100
0101100110100111
1111101110001010
1001010100010111
1000000000000000
1100011101011100
0010101101110001
0110101000111010
0111000001010011
0011000001000110
1100001111100100
1000000000000000
1001101100010000
1111101100101110
0101000011011001
0111010101011011
0101100101010100
1111101110111101
1001010100100101
1000000000000000
1100011010101001
0010101010001010
0110101000111111
0111000000110100
0011000000110110
1100001100111110
1000000000000000
1001100111111111
1111101001110101
0101000010010110
0111010100001011
0101100100010000
1111101110110001
1001010101000100
1000000000000000
1100011101001100
0010101110011100
0110101001000001
0110111101110101
0011000001101011
1100001110101111
1000000000000000
1001101000001010
1111101000011011
0101000010111101
0111010101010111
0101100010100110
1111101100101100
1001010011011010
1000000000000000
1100100001001101
0010110000000100
0110101001101111
0111000001101111
0011000100011011
1100001111101100
1000000000000000
1001101000110010
1111101010001000
0101000100110110
0111010101101010
0101100011110000
1111110010111100
1001010010101101
1000000000000000
1100011100101101
0010101100100011
0110100111010100
0111000011101110
0011000011100000
1100001111110101
1000000000000000
1001101010010101
1111101000001001
0101000011100010
0111010110111001
0101100111110110
1111110000011010
1001010100100000
1000000000000000
1100011011110110
0010101000000000
0110101000010001
0111000000001110
0011000101000000
1100001011101110
1000000000000000
1001100111111111
1111101001011011
0101000100101101
0111010001011101
0101100101010111
1111110010100111
1001010110100100
1000000000000000
1100011111001011
0010101010000111
0110100110110100
0110111111101111
0011001001000000
1100001111011110
1000000000000000
1001100101010000
1111101101000110
0101000010110000
0111010010000001
0101100110110111
1111110000100100
1001010011110110
1000000000000000
1100011010110001
0010101010101100
0110100110010011
0111000011010100
0011000011100111
1100001111110010
1000000000000000
1001100110100010
1111101001101000
0101000100100000
0111010100110111
0101100101111111
1111101101110100
1001010100110011
1000000000000000
1100011101101100
0010101010010100
0110100100100000
0110111011000001
0011000010011100
1100001100010100
1000000000000000
1001100111100101
1111101001100111
0100111111110111
0111010110000110
0101100110000100
1111101111000011
1001010011010101
1000000000000000
1100011110000000
0010101110100101
0110100111101111
0110111111111001
0011000101101011
1100001100110100
1000000000000000
1001101000010111
1111101011011011
0101000000111110
0111010101000101
0101100101001001
1111110010010000
1001010100000111
1000000000000000
1100011110100000
0010101001001000
0110100110111101
0111000010110101
0011000010101010
1100010001111000
1000000000000000
1001101100000010
1111101111001011
0101000011011000
0111010101100000
0101100100011101
1111110100100011
1001010101011000
1000000000000000
1100011011001110
0010101100001100
0110101000011100
0111000000011011
0011000011101101
1100001101111001
1000000000000000
1001100111010010
1111101100000100
0101000011101101
0111010110101000
0101100110011010
1111110000000100
1001010001011010
1000000000000000
1100011101011110
0010101110010100
0110100101010111
0111000001110100
0011000001100111
1100001110000110
1000000000000000
1001101000000101
1111101001111100
0101000010100011
0111010011110000
0101100011110011
1111101011011011
1001010110101101
1000000000000000
1100100000100000
0010101001100001
0110101000100111
0110111111011100
0011000010101101
1100001011000011
1000000000000000
1001101001011111
1111101011000111
0101000101101110
0111010011111000
0101100110000000
1111101111000101
1001010101100100
1000000000000000
1100011111111010
0010101100100011
0110101000000111
0110111110111011
0011000001101011
1100001111011111
1000000000000000
1001100111011010
1111101000100100
0101000110001111
0111010100110010
0101100100100011
1111101111110011
1001010110001011
1000000000000000
1100011100111110
0010101000100010
0110101010111111
0110111101010101
0011000010100101
1100001101001101
1000000000000000
1001101001001100
1111101001101101
0101000001010010
0111010011110011
0101100100001011
1111101111101001
1001010101111100
1000000000000000
1100011011111110
0010101011001010
0110100111111000
0110111111101101
0011000000010000
1100001101100110
1000000000000000
1001101000100001
1111101010000011
0101000011010010
0111010101110011
0101100110101011
1111101110110011
1001010111010011
1000000000000000
1100011101110111
0010101011011101
0110101001010111
0110111111110001
0011000110000011
1100001100101011
1000000000000000
1001101001011111
1111101100000111
0101000001111011
0111010001101011
0101100011000011
1111101111001010
1001010100101100
1000000000000000
1100100000011001
0010101011110100
0110100110010101
0111000010001010
0011000001111101
1100001110100101
1000000000000000
1001100101001010
1111101011001110
0101000010001011
0111010010111100
0101100100001110
1111101011101111
1001010100111011
1000000000000000
1100011101010101
0010101011110110
0110101010100010
0111000010011001
0011000011011010
1100001100101001
1000000000000000
1001101100001100
1111101011001010
0101000011010011
0111010100011111
0101100011011000
1111101110111001
1001010101010000
1000000000000000
1100011101000111
0010101100001010
0110100101101010
0110111101110000
0011000010100000
1100001100010110
1000000000000000
1001101011011011
1111101100100101
0101000100100001
0111010100001111
0101100000001101
1111110000101100
1001010101101110
1000000000000000
1100011000111000
0010100110101011
0110101000011111
0110111111101011
0011001000011110
1100001101011110
1000000000000000
1001101000100101
1111101001100001
0101000101100100
0111010100110011
0101100011001110
1111110010001100
1001010011010101
1000000000000000
1100011101001100
0010100111100000
0110101000100001
0110111110111100
0011000101000100
1100010000001111
1000000000000000
1001101010000010
1111101010000001
0101000001011011
0111011000000010
0101100011010101
1111110000001010
1001010100101011
1000000000000000
1100011111010000
0010101011100011
0110100111110001
0111000000110000
0011000000111000
1100001100010101
1000000000000000
1001101010101010
1111101001100000
0101000010101010
0111010100110010
0101100110001001
1111101111010110
1001010011001110
1000000000000000
1100011101100001
0010101001010110
0110100111110000
0111000010011011
0011000010101100
1100001011110110
1000000000000000
1001101000000000
1111101011000001
0100111111100010
0111010011000011
0101100011101101
1111101010001101
1001010010000011
1000000000000000
1100011101110110
0010101101011001
0110100111111111
0110111111000110
0011000100110011
1100001110110111
1000000000000000
1001101100111001
1111101001000011
0101000011010100
0111010000010000
0101100011000110
1111101101100010
1001010110000110
1000000000000000
1100011010111100
0010101001111010
0110101001110111
0110111101101011
0011000001101000
1100001110111110
1000000000000000
1001101000010100
1111101011111101
0101000010011100
0111010100101100
0101100100001100
1111101110101010
1001010011000011
1000000000000000
1100011100101000
0010101010101101
0110101000100111
0111000010111110
0011000101110110
1100001110110001
1000000000000000
1001101000110001
1111101011000101
0101000001101000
0111010111000011
0101101000000001
1111101101010110
1001010101110001
1000000000000000
1100011111011000
0010101011010010
0110101000110101
0110111111111101
0011000001111111
1100001110011100
1000000000000000
1001101000111011
1111100111110100
0101000110110001
0111010011110111
0101100100100001
1111101101011100
1001010100101001
1000000000000000
1100011100010000
0010101001001011
0110101001000110
0111000000111010
0011000000111100
1100001011101000
1000000000000000
1001101010000110
1111101011101101
0101000010001100
0111010000111000
0101100101001110
1111101010011000
1001011000010001
1000000000000000
1100011011111010
0010101001000101
0110101000100110
0110111111101111
0011000101000110
1100001111011000
1000000000000000
1001101011110111
1111101111001000
0101000111111111
0111010011111011
0101100011111100
1111110001111010
1001010101001000
1000000000000000
1100011110111111
0010101010111010
0110101001001000
0110111111011111
0011000011001001
1100001100101111
1000000000000000
1001101000010100
1111101011011010
0101000011010110
0111010101010011
0101100011011000
1111101110101111
1001010001011011
1000000000000000
1100011100101100
0010101010000111
0110101001010000
0110111110110010
0011000110001110
1100001111100001
1000000000000000
1001100111000100
1111101011001001
0101000101011100
0111010001010101
0101100000010011
1111101011010111
1001010110110001
1000000000000000
1100100010101010
0010101001001111
0110101001011010
0111000000011100
0011000101000110
1100001111101001
1000000000000000
1001100111100011
1111101011111001
0101000100100100
0111010011101110
0101100101100100
1111101111010101
1001010111101110
1000000000000000
1100011101010000
0010101011001100
0110100110101111
0111000001100000
0011000011011000
1100001101001011
1000000000000000
1001100110001010
1111101011011111
0101000001001110
0111010110001110
0101100110110001
1111101110111100
1001010100100101
1000000000000000
1100011011010101
0010101010100010
0110101010010001
0111000010000000
0011000000001111
1100001111010111
1000000000000000
1001100111011011
1111101101010010
0101000011001001
0111010100111101
0101100111010000
1111110001010011
1001010011101011
1000000000000000
1100011011111011
0010101010011001
0110100111111001
0110111110100001
0010111110100101
1100001110000111
1000000000000000
1001101101101000
1111101011110110
0101000001011011
0111010101000010
0101100001010101
1111110000110011
1001010011011010
1000000000000000
1100011011110101
0010101011011111
0110100111000011
0111000001001011
0011000110100111
1100001110100101
1000000000000000
1001100110101111
1111101100001110
0101000110010110
0111010110111110
0101100010101011
1111110000100111
1001010101101001
1000000000000000
1100011101001110
0010101011010101
0110101001110010
0110111101101001
0011000001001101
1100001100100011
1000000000000000
1001101001001100
1111101011110101
0101000010011001
0111010011010001
0101100101110110
1111110001000111
1001011000001111
1000000000000000
1100011011001001
0010101000110010
0110101001101101
0110111101000101
0011000011011001
1100001101101010
1000000000000000
1001100111011110
1111101000000110
0101000000101011
0111010101011001
0101100101110100
1111101110000011
1001011000001001
1000000000000000
1100011101000101
0010101100000111
0110101010010011
0111000000111111
0011000101000101
1100001100000001
1000000000000000
1001101011100000
1111101100001010
0101000001010011
0111010101011000
0101100101001100
1111101111111110
1001010101001000
1000000000000000
1100011111101001
0010101010110100
0110101010001010
0111000000100100
0011000011101001
1100001110110000
1000000000000000
1001101010010011
1111101001010101
0101000011010001
0111010110010000
0101100111000010
1111101101101101
1001011000000110
1000000000000000
1100011111001111
0010101100100100
0110101001100111
0111000010011011
0011000100111000
1100001101010011
1000000000000000
1001100110001110
1111101101100001
0101000001110010
0111010110100011
0101100110101100
1111110000010010
1001011000000001
1000000000000000
1100011010110010
0010101011000000
0110101000101010
0110111111101111
0011000010110010
1100001101111101
1000000000000000
1001100110111011
1111101101100111
0101000011001000
0111010101101001
0101100011000111
1111101110001101
1001010100111100
1000000000000000
1100011111001100
0010101101111101
0110101000111100
0110111111101001
0011000001110011
1100001101100000
1000000000000000
1001101010001011
1111101001101010
0101000011100011
0111010100011011
0101100010101101
1111101110001011
1001010000110000
1000000000000000
1100011100111111
0010101100101011
0110101011001111
0110111110010010
0011000001100000
1100001110010110
1000000000000000
1001100101110010
1111101101101001
0100111110110110
0111010011100010
0101100101110011
1111101110011111
1001010100011010
1000000000000000
1100011111001001
0010101011010011
0110101000110110
0110111101101000
0011000001101110
1100001101000101
1000000000000000
1001100111101000
1111101101010101
0101000010010101
0111010100010100
0101100110100010
1111101111010000
1001010100000111
1000000000000000
1100011110100100
0010101001001100
0110100111010001
0110111110010110
0011000001010101
1100001100100011
1000000000000000
1001100111111111
1111101001001000
0101000010110110
0111010111000001
0101100101001100
1111101110011010
1001010101001000
1000000000000000
1100011111111001
0010101011101001
0110101001100101
0111000001010111
0011000110110000
1100001101111001
1000000000000000
1001101000100011
1111101001111011
0101000001011100
0111010000001010
0101100111101101
1111110010100010
1001010101000100
1000000000000000
1100011111100011
0010100111111001
0110100110101110
0111000000010010
0010111111011010
1100001011100011
1000000000000000
1001101001011011
1111101100110001
0101000010100001
0111010101011001
0101100100000011
1111110010000000
1001010110101011
1000000000000000
1100011110111001
0010101010101010
0110101001011010
0111000001010100
0011000011001010
1100001110110000
1000000000000000
1001101001010111
1111101010011000
0101000100111110
0111010011111001
0101100100001001
1111101111001100
1001010010010000
1000000000000000
1100011011100001
0010101001000011
0110100100100111
0111000000101110
0011000001010001
1100001100001011
1000000000000000
1001100110011100
1111101100000111
0101000101100001
0111010011001011
0101100011110111
1111101111110010
1001010001100111
1000000000000000
1100011110010010
0010101011000101
0110101000001001
0110111111101010
0011000010000101
1100010000010101
1000000000000000
1001101001000101
1111101000001110
0101000011100011
0111010010101011
0101100101011000
1111101111101101
1001010101000001
1000000000000000
1100011100111100
0010100110100001
0110100101110011
0111000010110010
0011000100000011
1100001101001001
1000000000000000
1001101000111101
1111101011000100
0101000010101000
0111010100111100
0101100110010010
1111101110001110
1001010100111100
1000000000000000
1100011100001110
0010101010100101
0110101001111001
0111000000011111
0011000011001110
1100001011111101
1000000000000000
1001101011000001
1111101001011110
0101000101111010
0111010010001010
0101100011100111
1111110000010110
1001010100000010
1000000000000000
1100011100111000
0010101000101100
0110100111011011
0110111111111111
0011000100000110
1100001111001110
1000000000000000
1001100111111011
1111101011000010
0101000001001001
0111010101000001
0101100100000000
1111110011000011
1001010101110000
1000000000000000
1100100000100101
0010101100100001
0110101001000110
0111000000100101
0010111110100100
1100001100101010
1000000000000000
1001101001000111
1111101110000000
0101000100111111
0111010100111011
0101100101000010
1111101101001011
1001010110011011
1000000000000000
1100011010110111
0010101011100110
0110101001111010
0111000001111110
0011000001101001
1100001111001100
1000000000000000
1001101000101011
1111101011111000
0101000001101100
0111010101000010
0101100011000101
1111101111101110
1001010110001110
1000000000000000
1100011101011101
0010101000100000
0110100111101100
0110111110100101
0011000011110110
1100001110011111
1000000000000000
1001101000011101
1111101100111110
0101000101101001
0111010100011101
0101100100110110
1111101110100000
1001010000001010
1000000000000000
1100100000001111
0010101010101111
0110101001101000
0111000000110100
0011000000111101
1100001011110111
1000000000000000
1001100110111001
1111101100000001
0101000101100001
0111010101010000
0101100011101010
1111110001100000
1001010011001100
1000000000000000
1100011100111111
0010101010100011
0110101010011101
0111000000001011
0011000100011001
1100001011110100
1000000000000000
1001101010101011
1111101001001000
0101000100001101
0111010101100011
0101100110001000
1111101110011010
1001010101110010
1000000000000000
1100011011010101
0010101001011100
0110101010000110
0111000100110001
0011000001110111
1100001010000000
1000000000000000
1001101000001011
1111101110101001
0101000010101000
0111010010011111
0101100001011111
1111101111010111
1001010100111111
1000000000000000
1100011101011110
0010101110011010
0110101000101110
0111000011111111
0011000011101110
1100001100101010
1000000000000000
1001101010100010
1111100111011111
0101000001111110
0111010011100111
0101100111000111
1111101011111010
1001010011001000
1000000000000000
1100011110011101
0010101011110010
0110101001010001
0111000000100011
0011000100000001
1100001101011011
1000000000000000
1001100101001100
1111101100000000
0101000010100110
0111010010010011
0101100100101111
1111110000010001
1001010010100010
1000000000000000
1100011111100100
0010101010110101
0110101011011010
0111000010110000
0011000011101000
1100001110000000
1000000000000000
1001101011000011
1111101010111010
0101000001000001
0111010011100010
0101100100110011
1111110001100000
1001010000010111
1000000000000000
1100011100000000
0010101001110101
0110101001110010
0111000000110110
0011000011000000
1100001110011001
1000000000000000
1001101000111100
1111101010100100
0101000001101111
0111010010001100
0101100100100110
1111110000101001
1001010011110011
1000000000000000
1100011101011010
0010101100001010
0110101010000110
0111000010010101
0011000000000011
1100001001111110
1000000000000000
1001101001010001
1111101011111010
0101000001111000
0111010101000101
0101100011001011
1111101111101000
1001010001111001
1000000000000000
1100011101101110
0010101100100100
0110101001100110
0110111111001011
0011000100100000
1100001110000110
1000000000000000
1001100111111000
1111110000000011
0101000011100011
0111010001011110
0101100011011110
1111101110011100
1001010101011001
1000000000000000
1100011110011101
0010101011110100
0110101010010100
0111000010011111
0011000010101010
1100001111011100
1000000000000000
1001101001110111
1111101001001101
0101000011011111
0111010001110111
0101100110010100
1111101100011101
1001010011111100
1000000000000000
1100011100000010
0010100111110001
0110100110010011
0111000010110111
0011000010011010
1100001111101111
1000000000000000
1001101001011100
1111101011001010
0101000001111001
0111010011001000
0101100010011000
1111101100010110
1001010010011101
1000000000000000
1100011111001111
0010101001001100
0110101000000001
0110111101010101
0011000011000100
1100001001101000
1000000000000000
1001100101101011
1111101001011101
0101000001011110
0111010011001101
0101100100101010
1111110011011011
1001010011010000
1000000000000000
1100011011000110
0010101001111101
0110100110000110
0110111111001010
0011000101110000
1100001011011000
1000000000000000
1001101000101110
1111101011010101
0101000001110100
0111010000000110
0101100100111100
1111110000001000
1001010001100111
1000000000000000
1100011101101111
0010101100011000
0110101001101100
0111000010111110
0011000101100011
1100001101111100
1000000000000000
1001101010001110
1111100110111001
0101000110100000
0111010100010111
0101100110100000
1111110001010110
1001010111000011
1000000000000000
1100011101100101
0010101010100110
0110100101101110
0110111111010101
0011000011010010
1100001101111111
1000000000000000
1001100111011001
1111101101011111
0101000100110000
0111010101110111
0101100011000111
1111101110101010
1001010100111100
1000000000000000
1100011011001100
0010101011100100
0110101001111010
0110111110100111
0011000010110100
1100001111000111
1000000000000000
1001101010111000
1111101101000000
0101000110011001
0111010111000100
0101100010100101
1111101110001000
1001010001101001
1000000000000000
1100100000000110
0010101100101000
0110101001011011
0110111110111101
0011000110100111
1100001111100100
1000000000000000
1001100110011101
1111101100010100
0101000100111110
0111010100101000
0101100000111100
1111101100001100
1001010010100100
1000000000000000
1100011110011111
0010101000110111
0110100111011011
0111000011001100
0011000010101011
1100001100001100
1000000000000000
1001100101110011
1111101010000000
0100111111100100
0111010111001000
0101100100111000
1111101100000111
1001010100111111
1000000000000000
1100011110011000
0010101010100010
0110100111011111
0111000001111000
0011000001001111
1100001111001110
1000000000000000
1001100101110111
1111101100000100
0101000101011001
0111010000100110
0101100101111000
1111101110010110
1001010011111101
1000000000000000
1100011010110001
0010101111101101
0110101100000001
0110111100100010
0011000011100110
1100001110000000
1000000000000000
1001101001111101
1111101011110101
0101000100000011
0111010100101010
0101100110000110
1111101110101010
1001010100110001
1000000000000000
1100011000000101
0010101001011010
0110101010000011
0110111110110111
0011000101000000
1100001110000011
1000000000000000
1001101011001100
1111101101111100
0101000100001100
0111010010011011
0101100101001111
1111101110111100
1001010010000001
1000000000000000
1100011110010100
0010101101001101
0110101011100111
0110111111011100
0011000011010001
1100001101010010
1000000000000000
1001100110010011
1111101100000100
0101000011011110
0111010100000000
0101100001101000
1111101111010111
1001010011110001
1000000000000000
1100011110000010
0010101010010011
0110101001110000
0111000001000101
0011000011100010
1100001101110110
1000000000000000
1001101010001000
1111101011010110
0101000001001010
0111010011101010
0101100100011111
1111101111100111
1001010100111101
1000000000000000
1100011011110100
0010101010010110
0110100111001111
0111000000011000
0011000100010101
1100010000101011
1000000000000000
1001100111111010
1111101010000001
0101000100011100
0111010011101111
0101100100011100
1111101110011111
1001010101010001
1000000000000000
1100011011110100
0010101010000001
0110101010000010
0110111111001111
0011000011110001
1100010000101010
1000000000000000
1001101000010100
1111101011110100
0101000001101010
0111010101000110
0101100100001100
1111101110100001
1001010100101110
1000000000000000
1100011011100010
0010101110100000
0110101011110010
0111000010110111
0011000011100101
1100010001010010
1000000000000000
1001101001000000
1111101001111010
0101000000011001
0111010100101010
0101101000010010
1111101110101101
1001010010100010
1000000000000000
1100011110001000
0010101010010011
0110101010100111
0111000010100110
0011000100101110
1100001101100110
1000000000000000
1001101001000011
1111101010100100
0101000011110000
0111010110000001
0101100100010111
1111101110011000
1001010100011100
1000000000000000
1100011100010101
0010101010100110
0110101100101101
0111000010010110
0011000001111111
1100001011110011
1000000000000000
1001101001000100
1111101110110110
0101000011100011
0111010011011010
0101100011100011
1111110010011001
1001010100001011
1000000000000000
1100011101011001
0010101101001011
0110101101100010
0111000001110011
0011000110000111
1100001111110011
1000000000000000
1001100111100110
1111101001101000
0101000100110010
0111010100011111
0101100110000111
1111101110000100
1001010101110000
1000000000000000
1100011101111011
0010101011010000
0110100111010100
0111000010100110
0011000101001001
1100001111010000
1000000000000000
1001101010110101
1111101000111011
0101000001110100
0111010010011010
0101100100100100
1111101100110100
1001010100111011
1000000000000000
1100011101101010
0010101010110011
0110100111111001
0111000010101010
0011000110001010
1100001010101111
1000000000000000
1001100110000011
1111101001011010
0101000000110111
0111010011011000
0101100100101111
1111101101110100
1001010100000010
1000000000000000
1100011111001000
0010101011110101
0110101010100010
0111000000101100
0011000000110001
1100001011101111
1000000000000000
1001101100111110
1111101001011111
0101000110110000
0111010011001111
0101100101001010
1111101101011001
1001010110011011
1000000000000000
1100011010111000
0010101101010000
0110101011001101
0111000001000010
0011000101010011
1100001101010101
1000000000000000
