0000000000000000
1111111010000010
0010000011010000
0110101100001010
1111111100101101
1000011110010101
0010100001011111
0110010110001101
1100100010101111
1010001011101001
0100100100111010
0101010010010111
1001101101111010
1100111001110110
0101110101000000
0010111110111011
1000010110100010
1111111100011001
0110010110011100
1111111001000010
1000011010110100
0010100011010000
0110010101100010
1100100001010001
1010001010011000
0100100100110001
0101001111110010
1001110010111111
1100111100101000
0101111010101110
0011000000011011
1000010000000001
1111111011110101
0110011010100100
1111111000010001
1000010111111001
0010100100111110
0110010001101100
1100100011101010
1010001101000110
0100100011000111
0101001100011111
1001101111111010
1100111111110111
0101110110100000
0011000010010011
1000001101111100
0000000010010101
0110011101110100
1111111011100111
1000011011011111
0010100101000010
0110001010110001
1100100111010100
1010001101011101
0100100111000001
0101001101011110
1001110001011100
1100111011000100
0101110110101010
0011000011110010
1000001100111010
1111111101110000
0110011110000001
1111111101100111
1000011100100000
0010100110001001
0110010001111010
1100100011001100
1010001001100001
0100100001011100
0101001011111010
1001101100111100
1100111100111010
0101110110000000
0011000001000000
1000001011001000
1111111100111000
0110011111000011
1111111101101110
1000011001001110
0010100110110011
0110010111001001
1100101001111001
1010001000011000
0100100011001100
0101001101010011
1001101111110110
1100111111001110
0101110110001111
0011000000000010
1000001011011111
1111111011010100
0110100000111000
1111111111010001
1000011011001111
0010100111001100
0110010100100011
1100100101001101
1010001100010110
0100100000110110
0101010000000001
1001101101110001
1100111110111001
0101110111101010
0011000010110101
1000001101001100
1111111100000010
0110011101011000
1111111100000011
1000010110100000
0010101000000111
0110010100101111
1100100111001011
1010001111000000
0100100110011010
0101001100101011
1001110010010001
1100111101011100
0101110101001100
0011000100110000
1000001111010110
1111111110010010
0110011101011101
1111111100000100
1000011101110111
0010100001100011
0110010101100101
1100100011100010
1010001101110111
0100100011011110
0101001111000010
1001101111010101
1100111001101100
0101110100110110
0011000011010101
1000001110100010
1111111111011011
0110011011001001
1111111010110001
1000011010110010
0010100010111011
0110010110000001
1100100110111000
1010001101000001
0100011111001101
0101010011001100
1001101111111110
1100111010111011
0101110100111111
0011000000011011
1000010111011111
1111111010111100
0110011100000100
0000000001011111
1000010111110111
0010100111011100
0110010001101100
1100100110100111
1010010100011111
0100100101110011
0101001100110000
1001110000111110
1100111010101100
0101110111010011
0010111110111101
1000001100011011
1111111101011110
0110011101000101
1111111111010101
1000010110000110
0010100100110010
0110011000011110
1100100010010110
1010001101010000
0100100011100100
0101010000100001
1001110001011011
1100110111001110
0101110101100011
0011000100011110
1000001111011110
0000000001101100
0110011101110001
0000000000101001
1000010111101100
0010101001100010
0110010110001111
1100100111011011
1010010000000001
0100100001101111
0101001110110010
1001101110011110
1100111100011110
0101110110110010
0011000001000101
1000001101001110
1111111110010100
0110100010000010
1111110111100000
1000011000100011
0010100111100101
0110010100000110
1100100111101001
1010001101000001
0100011111100111
0101010001100000
1001110001100010
1100111010100101
0101110011011100
0011000010001101
1000001101001011
1111111100001101
0110100000001011
0000000011000011
1000011011000011
0010100111110111
0110010010110100
1100101010001101
1010001010001100
0100100010010011
0101001101011011
1001101111010000
1100111011010111
0101110101111100
0011000100100111
1000010001000111
1111111100101111
0110011111011000
1111111100001100
1000011100101111
0010100100010110
0110010011100011
1100100011001110
1010001001010101
0100100110011111
0101001111100010
1001110100111101
1100111110010000
0101110100101101
0011000010111000
1000010001101000
1111111011100011
0110011100010010
1111111111001101
1000011100110111
0010100010100010
0110010110110010
1100100101011100
1010001111001101
0100100011100101
0101001010011110
1001110010111111
1100111101101101
0101110111101001
0011000101101100
1000001101001001
1111111110010100
0110011101111011
1111111110111101
1000011100111100
0010101000000001
0110010001011010
1100100100000000
1010001100000000
0100100011101000
0101001010101010
1001110001000010
1100111011110011
0101110001101001
0011000001111100
1000001011011010
1111111010110001
0110011010101010
1111111010011100
1000011011010100
0010100111000100
0110010011000010
1100100110001110
1010001010001100
0100011111101011
0101001100110110
1001101111010101
1100111100010011
0101110111000111
0010111111001000
1000010000010001
1111111010001110
0110100010010011
1111111111101111
1000011010010001
0010100001111100
0110010100010100
1100100111010111
1010001010011111
0100100110100100
0101001100000101
1001110000001000
1101000000111001
0101110111000000
0011000010011101
1000001100111101
1111111111011001
0110011011001011
1111111100011101
1000011011110010
0010100100010011
0110010100011001
1100100101001011
1010010001010000
0100011100110000
0101001101001000
1001110000010110
1100111100000100
0101110000010000
0010111111110111
1000001010001110
1111111101101001
0110100000111011
1111111011100100
1000011010011110
0010100100110101
0110010001000010
1100100011000100
1010001010100010
0100100001011111
0101001101000111
1001101110010011
1101000010101100
0101111000110111
0011000010111100
1000001101101100
1111111100110100
0110011010011100
0000000000110111
1000011000101001
0010100100101001
0110010001001010
1100100100110100
1010001100001010
0100100001000010
0101001110010000
1001101011111000
1100111011101101
0101111000000010
0010111111010100
1000001010011100
1111111100101011
0110011110010111
1111111101111000
1000011011000001
0010100100010101
0110010100001111
1100100011010100
1010001101011010
0100100011100010
0101010000000111
1001110100010100
1100111100000010
0101110111001110
0011000001000101
1000001010011101
1111111100001111
0110011111000001
1111111101000010
1000011011111000
0010100100110010
0110010101101100
1100100001101010
1010001010010001
0100100011110000
0101001101010100
1001110000101111
1101000000011101
0101110101101111
0011000001111000
1000001100100000
1111111011101101
0110011100000010
1111111011101001
1000011111001001
0010100100011100
0110010010111011
1100100100011010
1010010010111000
0100100001100011
0101001011110001
1001110000101100
1100111100001011
0101101111001100
0011000101101001
1000010000101010
1111110100111110
0110011111101011
0000000000011100
1000011011000010
0010100101111011
0110010100000111
1100100010110010
1010001011100111
0100100010110010
0101001111001111
1001101101111000
1100111100011101
0101110111000101
0010111111011000
1000001100001010
1111111001001000
0110100001101001
1111111111011011
1000011101001000
0010100110001010
0110010010110101
1100100101111010
1010001111110010
0100100001100101
0101001100101010
1001110011001111
1100111110000110
0101110101000011
0011000001001001
1000001111011110
1111111010010010
0110100011011010
1111111011010100
1000011011001100
0010100010101010
0110010111001001
1100100011100111
1010001110011100
0100100100101100
0101001111011001
1001110001001110
1100111110100000
0101110010011111
0011000001110011
1000001111011111
1111111101110110
0110011111010101
1111111100110111
1000011100000101
0010100101000010
0110011000111000
1100100011001001
1010010000011001
0100100000001010
0101001011110110
1001101101011011
1100111101001011
0101110111001010
0011000001111011
1000010000101110
1111111110010100
0110100011001000
1111111000000010
1000011101101001
0010100110001001
0110010110100001
1100100111001011
1010001101110100
0100100010110001
0101001110010100
1001101100010111
1100111010000101
0101110001111011
0010111100111111
1000001111011011
1111111101001100
0110011011011100
0000000001010011
1000011101010011
0010100110101011
0110010101110011
1100100110110110
1010001011110111
0100100010111011
0101010000010000
1001101101110001
1100111111010011
0101110100111100
0011000001110101
1000010010101101
1111111111010110
0110011001011110
1111111011000010
1000011100100011
0010101000101100
0110010011101111
1100100010011001
1010010000011111
0100011110011010
0101001011010000
1001101110000110
1101000000111100
0101110110100010
0010111010101000
1000010000011111
1111111000011011
0110011001110111
1111111011011001
1000011100101011
0010101011111110
0110010001001011
1100100110000010
1010001110110000
0100100000010111
0101001011110000
1001110000000000
1100111001001001
0101110110100010
0011000100011111
1000001110101111
1111111001110010
0110011101001011
0000000100100101
1000011000111101
0010100000101101
0110011000000110
1100100110111110
1010001100001000
0100100100010010
0101001001100000
1001101111101100
1101000000111100
0101110110110101
0010111101000001
1000001110000111
1111111101011000
0110011000110000
1111111010010010
1000010101011100
0010100110111101
0110010010010001
1100100101011100
1010001100111111
0100100111000101
0101001010111111
1001101111010101
1100111101111111
0101110101110110
0011000010101101
1000001101100110
1111111011100010
0110011011011011
0000000000100011
1000011100011011
0010011100111110
0110010011100000
1100100110011111
1010001000010100
0100100110000100
0101001111000010
1001101101001010
1100111010001000
0101110000101110
0011000110101010
1000001100101010
1111111000111001
0110011011100101
1111111110001111
1000011101111000
0010100100110001
0110010011111110
1100100000010010
1010001101100011
0100100000011110
0101010011001101
1001110001001010
1100111101101101
0101110100000000
0011000000111001
1000001010110000
1111111011100010
0110010111110111
1111111011111110
1000010101011110
0010100011111001
0110010001110111
1100100110000101
1010001001101100
0100100110110100
0101010001111110
1001110011101101
1101000001111011
0101110110001100
0010111110101001
1000001110111110
1111111010111010
0110011000001100
1111111000000100
1000011000101101
0010100110010011
0110010100011000
1100100101011001
1010001101101000
0100100111001110
0101001110000010
1001101010000100
1100111011101011
0101110010011000
0010111110000101
1000010000101010
1111111110110001
0110011101101001
1111111011110010
1000011010111100
0010011100101100
0110010101001110
1100100110000010
1010001110101010
0100011110010011
0101001100100101
1001101111110010
1101000000100000
0101110011101011
0011000001100111
1000010011010100
1111111101100100
0110100000010101
1111111011000100
1000010110011001
0010100101101100
0110010011101100
1100100100101110
1010000111110110
0100100110011101
0101001111100011
1001101100000100
1100111011111111
0101110101111110
0011000100111010
1000001011010110
1111111010000101
0110011110110110
1111111110001001
1000011001100101
0010100110001110
0110010110111111
1100100011100011
1010001101111100
0100100100000011
0101001100001010
1001110001000101
1100111001011100
0101110100111100
0011000001100111
1000001101110011
1111111111111110
0110011110011011
1111111011011111
1000011010101110
0010101000000001
0110010100001001
1100100101001101
1010001010100011
0100100011010100
0101001110001000
1001110000110001
1100111010001001
0101110100101111
0011000100010101
1000001111110111
1111111001100001
0110011100000100
0000000000110011
1000011111011010
0010100101111111
0110010011000011
1100100111001101
1010001010000100
0100100010011101
0101001101011111
1001101101011110
1100111100100110
0101111000110010
0011000010100010
1000001010010001
1111111001001000
0110011111100101
1111111101011011
1000011001101100
0010100110011011
0110010101100111
1100100001110111
1010001100000010
0100100101111101
0101001100000000
1001110000000010
1100111111101101
0101111000010100
0011000011101100
1000010000001011
1111111111110000
0110011100101100
1111111110100111
1000011100111011
0010100011000001
0110010111101010
1100100001110101
1010001101111110
0100100001001100
0101010000111111
1001101101110000
1100111101010000
0101110101001101
0011000000111111
1000001100100001
0000000000011101
0110011100000011
1111110110010101
1000100000010010
0010101010101100
0110010110000100
1100100111000001
1010001100001000
0100100010101101
0101001111011010
1001101101111100
1100111011000001
0101110000101111
0010111111101010
1000001110011011
0000000001011101
0110011111010110
1111111100111000
1000011001111010
0010100001010001
0110010101000011
1100101001011111
1010001110110010
0100100011000010
0101001010111000
1001101100001000
1100111001111100
0101110111110100
0011000001011110
1000001000101101
0000000011001101
0110011101010000
1111111100101100
1000011000011010
0010011110100110
0110010110011100
1100101001001100
1010010000000000
0100100101101101
0101001110011111
1001101100011110
1100111100000010
0101111010100101
0010111110111100
1000001111011100
1111111111110010
0110011010010000
1111111110000101
1000011000010101
0010100010110111
0110010011010100
1100100011010101
1010010100010001
0100100101100010
0101001010110110
1001101001101110
1100111100011000
0101110001111110
0011000010100111
1000001101101111
1111111100111010
0110011001110010
1111111110001000
1000010110101110
0010100100010000
0110010111110000
1100100011111110
1010001011010001
0100100101000111
0101001001111010
1001110000111110
1100111101001101
0101110111010001
0011000110000100
1000010001001000
1111110110101100
0110011101100110
1111111111011111
1000010111110001
0010100110010001
0110010010011111
1100100100010000
1010001011111110
0100100011010100
0101001111001110
1001101111000110
1100111111011010
0101111000101010
0011000010000011
1000010000111100
1111111010000110
0110100100001101
1111111111011001
1000010110100000
0010100011010110
0110001101000101
1100100110001100
1010001100101011
0100100001100000
0101001111100000
1001101100100011
1100111110110010
0101110101001100
0011000011001101
1000010100000101
1111111110010111
0110011001101000
1111111010000000
1000011111011000
0010100010101000
0110010100011100
1100100111010011
1010001001001000
0100100010111010
0101001011010000
1001110001011000
1100111101100101
0101110100001111
0011000100011100
1000001110101000
1111111100011000
0110100000101001
1111111101110011
1000011000011100
0010100000100011
0110010010010010
1100100101101001
1010001110011111
0100100010110101
0101001010110110
1001101101011111
1100110111011100
0101110111001010
0011000001001111
1000001100000001
1111111110100111
0110011100100010
1111111110000100
1000011101110101
0010100101111101
0110010011111001
1100100111000001
1010001100110100
0100100110100110
0101001101100000
1001101110010011
1100111110100111
0101111000001001
0011000101101101
1000010000001011
1111111010110011
0110011100111000
1111111111101101
1000011001100010
0010100000100101
0110001111110101
1100100010011011
1010001001101101
0100100001111010
0101001101011100
1001101100011011
1100111110001010
0101111000101001
0010111110110101
1000001100101011
0000000000101001
0110011101010100
1111111100110110
1000011010000101
0010100110110011
0110010101111000
1100100011100001
1010001110011111
0100100101011000
0101001100010101
1001110001000011
1100111101011110
0101110110010110
0011000010101110
1000001001100010
1111111000111011
0110011011011100
1111111101010110
1000010111110110
0010100001110111
0110001101100011
1100100110010100
1010001100011000
0100100011010101
0101001111110110
1001101101011011
1100111100001101
0101110101000110
0011000100000100
1000001011100101
1111111111000010
0110100000111110
1111111101100000
1000011010111100
0010100011111010
0110010110000000
1100101000000010
1010010000011111
0100100001000111
0101001100110000
1001101111001110
1100111101001010
0101110010110110
0011000011101101
1000001100010110
1111111001100100
0110011000100000
1111111001001010
1000011010101001
0010100010011110
0110010111010000
1100101000010000
1010001010100001
0100100000101110
0101001010010010
1001110011010000
1101000000001100
0101111000001100
0011000011111111
1000010001001011
1111111001111101
0110011001011110
1111111101001110
1000011110000001
0010100101011110
0110010001101011
1100100011000001
1010001010010000
0100100000001011
0101001101000111
1001101111010111
1100111101110110
0101110111100011
0011000001111100
1000001110001110
1111111110011100
0110011101001100
0000000000000000
1000011100100001
0010100100110011
0110001011010010
1100100100001100
1010001101000101
0100100100111000
0101001110100001
1001101111110000
1100111100100000
0101110101010101
0011000011101110
1000001011011110
1111111101111100
0110011110100100
0000000000100111
1000011100010110
0010101000111000
0110010000010010
1100100000110011
1010001010000100
0100011111000101
0101001011111011
1001101111001100
1100111010111110
0101110101001011
0011000001000100
1000001101010111
1111111001000010
0110011110110011
1111111100111100
1000011001101000
0010101001111100
0110010110011011
1100100100101011
1010001111001110
0100011110110110
0101001010111010
1001110100110111
1100111111001001
0101110001110110
0011000101000011
1000001011110110
1111111100011000
0110011011010111
1111111111110111
1000011010111111
0010100011010110
0110010111101100
1100100101011110
1010001010111010
0100101000000110
0101001110011010
1001101101110100
1100111011000110
0101111000000100
0011000010111000
1000001110110001
1111111011111110
0110100000010001
1111111110011011
1000011001000001
0010100100011001
0110010110110100
1100100111101111
1010001101001110
0100100010101010
0101001101101110
1001110101100001
1100111101010000
0101110111111100
0010111111000100
1000001110001101
1111111101010011
0110011010110000
0000000001101110
1000011101001011
0010100101111001
0110010001011111
1100101010010111
1010001100000000
0100100100011000
0101001111111111
1001101101111010
1101000001111111
0101110110101100
0011000001110001
1000001111001111
1111111101001100
0110100011010001
1111111010111001
1000011011010100
0010100111010101
0110010110011111
1100011111011011
1010001111110001
0100100100111110
0101001010011110
1001110010011101
1100111011010101
0101110011011010
0011000001000110
1000010001011001
0000000000000000
0110011110100001
1111110100101100
1000011000100001
0010100000000001
0110001110111111
1100100101110111
1010001010101100
0100100001011100
0101001111011001
1001110001000111
1101000010111110
0101110000011011
0011000011011111
1000010011000110
1111111110101100
0110011011111010
1111111100011101
1000011001001011
0010100010011111
0110010101010101
1100100101000011
1010001101001010
0100100100110001
0101001011001000
1001101110000101
1100111101010101
0101110110101110
0010111111111000
1000001100010010
1111111100101001
0110011001101010
1111111110100100
1000010111111001
0010100011010110
0110010111101110
1100100101110100
1010010000010100
0100100001110001
0101010000011101
1001101111011110
1100111111001011
0101110011001011
0011000000011011
1000001101110011
1111111100011001
0110011010001000
1111111100011010
1000100000001100
0010100111110011
0110010111100101
1100100100101100
1010001101010010
0100100000101110
0101001001001001
1001101110111000
1100111110110000
0101110101111011
0011000011100110
1000001011100010
1111111110011000
0110011010000001
1111111101111100
1000011110000001
0010100010111010
0110010001010101
1100101011100011
1010000111001000
0100100011101101
0101001111100110
1001110000100101
1100111011111101
0101110001111010
0010111101010101
1000001101001101
1111111101111101
0110011101011001
1111111110111100
1000011100001001
0010100110100100
0110010001100111
1100100101101101
1010001011011100
0100100101101001
0101001100111110
1001110000100100
1100111100010101
0101110011010111
0011000010110010
1000001001010000
1111111111000001
0110011100100010
1111111110110100
1000011100101010
0010100110111000
0110010011011001
1100100011000100
1010001100101000
0100100011001011
0101001111101101
1001110010001011
1100111111000111
0101110100100011
0010111111111010
1000001110000010
1111110110110110
0110100000100010
0000000010000010
1000011101100110
0010100101010110
0110010100110110
1100100000100001
1010001101011000
0100011110101001
0101010001101001
1001101101111000
1100110111011101
0101110101100100
0011000010010010
1000001011011010
1111110111101001
0110100001111110
1111111110100011
1000011011001100
0010100010001100
0110010011000010
1100100010010011
1010001111111111
0100100010111001
0101001101111010
1001101111101010
1100111100111000
0101110110001001
0011000011110001
1000010001000001
1111111111111101
0110100011111000
1111111101101010
1000011110000111
0010100110010101
0110010100111011
1100100001011110
1010001101001001
0100101000010111
0101010010001110
1001101100010111
1100111010010101
0101110111000101
0011000011111100
1000001101001111
1111111100011000
0110011111001110
0000000001111000
1000100000011001
0010100101000000
0110010110100000
1100100000101110
1010001100011011
0100011111100100
0101001010101100
1001101101000111
1101000000001111
0101110001010100
0010111111111100
1000001110011101
1111111000011111
0110100010010100
0000000000110100
1000011001111011
0010100010111001
0110010101101010
1100100101010001
1010001100110000
0100100100000000
0101001101111111
1001110000111010
1100111011000101
0101110111110110
0011000110001011
1000001111011101
1111111111100010
0110011101000011
1111111011010110
1000011101100010
0010100010111000
0110010101011111
1100100100010111
1010001110001010
0100100000100000
0101001100100101
1001110001010110
1100110111100111
0101111010011111
0011000001011001
1000001110110111
1111111101001111
0110011101001110
1111111111110110
1000011100100000
0010011101101101
0110010100011111
1100100111011110
1010001101100110
0100100011111100
0101001101001111
1001110001000000
1100111011101001
0101110010110100
0011000101111010
1000001110100101
1111111110011001
0110100000101110
1111111010111101
1000011011000000
0010101000100100
0110010010001101
1100100011000011
1010001111101000
0100100101110010
0101001100101101
1001101111111000
1100111001011000
0101110101000110
0011000100100110
1000001111110111
1111111010101110
0110100010001101
1111111100010000
1000011010111100
0010011111001001
0110010101000111
1100101001010011
1010001011000110
0100011111011011
0101001111011110
1001101111111001
1100111101100110
0101110111011001
0011000100010001
1000001101100001
1111111011100110
0110011110010011
1111111111100100
1000011100010110
0010011111111000
0110010011111100
1100100010101111
1010001010001011
0100100101101001
0101001111010101
1001110010011110
1101000001101111
0101110110100010
0011000001111011
1000010000011111
1111111110100100
0110011101100101
1111111101010000
1000011001010011
0010100010111111
0110010011011011
1100100100000111
1010001111100010
0100100000011100
0101001111001111
1001100110101011
1100111100000010
0101110100010000
0011000001101011
1000001110001101
1111111111001000
0110011110010000
1111111111010001
1000011011101010
0010100010000110
0110010011000000
1100100000000010
1010010000010000
0100011111111010
0101010010110111
1001101100111010
1100111101111010
0101110100101100
0010111110111111
1000001100001100
0000000000010101
0110011110111100
1111111001101110
1000011010110010
0010100100111001
0110010110000010
1100100001001101
1010001011100010
0100100001101100
0101001100010010
1001101110110000
1101000000000100
0101110111001001
0011000000000111
1000001011011100
1111111011010000
0110011001010001
1111111101101110
1000010100110001
0010100111011000
0110010101111110
1100100011111101
1010001011100111
0100100101100101
0101001111010101
1001101100000101
1100111110000010
0101110111100011
0010111110010010
1000001111011000
0000000000011010
0110011101110000
1111111110110101
1000011010100110
0010100001001100
0110010011011011
1100100100110100
1010001001110011
0100100101001010
0101001100100011
1001101111101001
1100111101010100
0101110100100000
0010111111000001
1000001101111001
1111111000011010
0110100010101011
0000000000010100
1000011011111100
0010100100010011
0110001100110111
1100100010011000
1010001111101001
0100100000101000
0101010000001100
1001110000010010
1100111101101001
0101110110100111
0011000011110111
1000001100000001
1111111010100000
0110011010100101
1111111101100100
1000011101100001
0010100101111100
0110010101111101
1100100100100111
1010001101100100
0100100010110100
0101001001101001
1001101011000110
1100111011011001
0101111000100011
0010111111111111
1000010100011011
1111111110111111
0110011111111000
1111111101011101
1000011101001011
0010100110000111
0110010110010110
1100100101010111
1010001000111000
0100100101100100
0101001010010001
1001110100110010
1101000001110010
0101110111110111
0010111101000010
1000001110110000
1111111011000011
0110011011100010
1111111100000011
1000011101101100
0010100111010110
0110010110111010
1100100100110010
1010001100100110
0100100010011011
0101001011100111
1001110000011110
1100111010111110
0101110010001100
0011000111101010
1000001100110101
0000000000000000
0110011011000100
1111111100011000
1000011010001000
0010101000000100
0110010001100100
1100100110111110
1010001101101111
0100100011010001
0101001001001010
1001101110001010
1100111011110000
0101110101000011
0011000000010110
1000001100001011
1111111010101011
0110011100010011
1111111001010000
1000011010101000
0010100111001010
0110010100001100
1100100111010110
1010001001000100
0100100110111010
0101001111010101
1001110000010101
1101000000110011
0101110101011101
0011000000010100
1000001101011010
1111111010011110
0110011011011101
1111111011101111
1000011000010111
0010011110010100
0110010101000110
1100100110001000
1010001011000111
0100011101011000
0101001110011001
1001101110000001
1101000101111101
0101110111101110
0011000010100100
1000001100101010
1111111011100011
0110100000100000
1111110111110010
1000011100000001
0010100101010001
0110010010110011
1100100111101011
1010001101011011
0100100001011011
0101001000101010
1001110010101111
1100111111001010
0101110001111111
0011000000011001
1000010000011001
1111111100001111
0110011111100110
1111111011011110
1000011110111110
0010100100010001
0110011000101010
1100100100111010
1010001011010110
0100100100000111
0101001100000000
1001110010010011
1100111001011101
0101110100110111
0010111011110110
1000001110000101
1111111101001110
0110011101010111
1111111101111011
1000011001101110
0010100111110111
0110010100101101
1100100110010000
1010001001100011
0100011111110111
0101001001010010
1001101111001000
1100111010001010
0101110011010010
0011000000011111
1000010000110110
0000000000100010
0110010111110101
1111111101001000
1000011101110010
0010100110100111
0110010000000001
1100100100100101
1010001100010011
0100011111001101
0101001011110011
1001101111010010
1101000000100001
0101110110010011
0011000011100100
1000001110100011
1111110111110111
0110011110010101
1111111010001100
1000011101111011
0010100111011111
0110010010011000
1100100100101001
1010000111111111
0100100100111101
0101001110000000
1001110001010101
1100111100111001
0101110101011010
0011000101011100
1000001001110001
1111111101010011
0110011100000100
1111111101110011
1000011101010011
0010100101000100
0110010010011011
1100100100001110
1010001101110000
0100100001011001
0101001010100001
1001110000111001
1100111100111001
0101110110110111
0011000100010010
1000010010000101
0000000001010101
0110011100011000
1111111111110110
1000011100100111
0010100100101010
0110010010000111
1100100011011101
1010001000001101
0100100011001110
0101010010001100
1001110000000011
1100111100011000
0101111000101100
0011000000101011
1000001100000111
1111111101010000
0110011101101001
1111111111111101
1000011001100110
0010100101011000
0110010010111000
1100100101100110
1010010010001001
0100100001000101
0101001100000011
1001101011001101
1100111100100100
0101111000101100
0011000110101000
1000001100000000
1111111011101111
0110100001000101
1111111100101001
1000011010110101
0010101010001100
0110010011110010
1100100100110001
1010001101101100
0100100100001111
0101001110001010
1001100110010100
1100111101001001
0101110011001100
0011000100011001
1000010010100110
1111111110100101
0110011110001100
1111111100111111
1000011100010111
0010100100111110
0110010110001110
1100100100001010
1010010101010111
0100100001110111
0101001111110010
1001101110011011
1100111001110000
0101111000001000
0010111110111100
1000001010100101
1111110101000001
0110011110101100
1111111111011100
1000011001011100
0010100110010110
0110010110001111
1100100011011100
1010001001000110
0100100010001100
0101001111001001
1001110000000110
1100111111001111
0101110110101000
0010111011111001
1000001100100001
1111111110100111
0110011010110010
1111111110100100
1000011000111101
0010100000101001
0110010110011110
1100100011011001
1010001011011100
0100100011001010
0101010000010101
1001101111101010
1100111011110010
0101110101010111
0011000011010110
1000001101001011
1111111101011011
0110011110000100
1111111000101110
1000011100110010
0010100010110101
0110010111101111
1100100111000110
1010001101110100
0100100001000010
0101001010101101
1001101101101111
1100111010011100
0101110111000101
0011000100001010
1000001101010011
1111111010100001
0110011111100110
1111111100010000
1000011010001111
0010100100110100
0110010000110000
1100100000111011
1010001000110101
0100101000001010
0101010000001011
1001101100111110
1100111100010110
0101110011110001
0011000001000110
1000001011010110
1111110111110011
0110011111111101
1111111110000100
1000100000100000
0010100100110010
0110010010011111
1100100101110000
1010001100101011
0100100010111010
0101001101100100
1001110000111110
1100111000110111
0101111000100011
0011000111100010
1000010011101100
1111111100111100
0110011100000100
1111111100011010
1000010111110010
0010100001001110
0110010010011001
1100100100110110
1010001100101101
0100100010011101
0101001110011101
1001110001011011
1100111101001010
0101110111110001
0010111101110110
1000001101110111
1111111011101001
0110011101010111
1111111001111000
1000011100011100
0010100111101001
0110010011100110
1100100111011111
1010010001110101
0100100000111011
0101001010110111
1001101101011001
1101000000110110
0101110001111010
0011000001000010
1000010000000100
1111111010000010
0110011100111000
1111111111000000
1000011011010110
0010100111010100
0110010100110111
1100100001001011
1010001001111110
0100011101101001
0101001100010011
1001110001001110
1100111010111000
0101111000001100
0011000001010000
1000010010111111
1111111110111000
0110100000000010
1111111011101011
1000011010000010
0010101001110011
0110010010011101
1100100011110100
1010001110100110
0100100010010100
0101001011100111
1001101100101111
1100111011010000
0101111000111100
0011000000000000
1000001111110110
1111111110011010
0110010111111010
1111111010111101
1000011010010001
0010100110001011
0110010001101000
1100101010010100
1010001010111101
0100100100010011
0101001100011010
1001101101001111
1100111101011011
0101111001011011
0011000011100101
1000001000111100
1111111001100010
0110011011111010
1111111101000111
1000011110100001
0010100011110101
0110010001011111
1100100100000110
1010001101110000
0100100010001110
0101001100010001
1001101111111001
1100111101011010
0101110111100100
0011000011111011
1000001100111011
0000000000100001
0110011110110000
1111111101111001
1000011010100110
0010100100111011
0110010011111010
1100100101111111
1010001000010011
0100101010100100
0101001010011111
1001101011110111
1101000000110100
0101110001110111
0011000010010110
1000010000001011
1111111111001100
0110011011101010
0000000001011010
1000011010111001
0010100110011111
0110010011010001
1100100100100101
1010000111101111
0100100010110010
0101001010001111
1001110010010010
1100111100010001
0101110110110100
0011000010001100
1000010001101010
1111111001111001
0110011110101011
1111111000101001
1000011101110110
0010100011000100
0110010010110101
1100101100111101
1010001011100010
0100100011100110
0101010000010010
1001101110100111
1100111101100111
0101110101001101
0011000001001001
1000001110101101
1111111010100100
0110011100001001
0000000101110111
1000011101111101
0010100111101000
0110010100100000
1100101000011101
1010001000011110
0100100000001011
0101001100100100
1001101110100011
1100111110001000
0101110011110011
0010111101111100
1000001011001010
1111111101010001
0110011111011001
1111111101110100
1000011011000100
0010100001111010
0110010101001110
1100101011100111
1010001111110000
0100100010010100
0101001111110010
1001110000000110
1100111110001011
0101110111100001
0011000101000001
1000010001001001
1111111101110001
0110011111000111
1111111011000011
1000011110100110
0010100010111100
0110010110100000
1100100101010001
1010001010111000
0100101000100100
0101001101010100
1001101100100011
1100111100100100
0101110111011011
0011000011101101
1000001010101011
1111111001100110
0110100000101001
1111110111111010
1000011100101011
0010100100110000
0110010010011101
1100100011000001
1010001001110101
0100100010111110
0101001101010101
1001101110111100
1100111111001010
0101110011000111
0010111111100111
1000010010101110
1111111110111101
0110100010011110
1111111101110100
1000011110111011
0010100101111111
0110010101000001
1100100011101100
1010001101011011
0100011111110101
0101010001010100
1001110010000100
1101000001000010
0101111000100100
0010111110110001
1000001110101000
1111111110000010
0110011110011110
0000000000000001
1000010110101101
0010101001110001
0110010110000010
1100100101100111
1010001010011111
0100100100010100
0101001100000001
1001110001100000
1100111111101110
0101110011100010
0011000001111000
1000010001111010
1111111000101101
0110011101111100
1111111100101100
1000011011001010
0010100100001011
0110010001101100
1100101100000100
1010001101001111
0100100100100100
0101001101011110
1001101110000110
1100111011001011
0101110100100010
0011000000100111
1000010001111100
1111111100101001
0110011100010101
1111111111001001
1000010111100100
0010011111110100
0110010101110011
1100100100000100
1010001100100101
0100100011000010
0101010011100010
1001110100111100
1100111010001011
0101110100010111
0011000010100001
1000001111100111
1111111010000011
0110011110000001
1111111100011100
1000011011101000
0010100101110101
0110010000101010
1100100110001000
1010001100100001
0100100110001011
0101001010100101
1001101010010000
1100111110100001
0101111001001011
0011000001110001
1000001110100010
1111111010011010
0110011101001111
1111111101011101
1000011101010110
0010100111100100
0110010010101111
1100100011000110
1010001010000000
0100100001110100
0101001011100011
1001101001100110
1100111100111101
0101110101101011
0011000010000010
1000001111101000
1111111111111000
0110100010100100
1111111010001110
