0
-0.000427246093750
-0.000549316406250
-0.001403808593750
0.001983642578125
0.003295898437500
0.001037597656250
0.004516601562500
0.004150390625000
0.005828857421875
0.013702392578125
0.017852783203125
0.031494140625000
0.156188964843750
-0.222656250000000
-0.038726806640625
0.188537597656250
0.257202148437500
0.186462402343750
0.215850830078125
0.093902587890625
-0.096771240234375
0.434173583984375
0.340759277343750
0.181030273437500
0.468353271484375
-0.035308837890625
0.075408935546875
0.444091796875000
0.257720947265625
0.354675292968750
0.260833740234375
0.059295654296875
0.005218505859375
0.282653808593750
0.354949951171875
0.073425292968750
0.285247802734375
-0.076812744140625
-0.217132568359375
0.324645996093750
0.024719238281250
0.055664062500000
0.114257812500000
-0.326385498046875
-0.194366455078125
-0.016662597656250
0.004211425781250
-0.109741210937500
-0.121459960937500
-0.281707763671875
-0.505859375000000
0.000152587890625
-0.116760253906250
-0.294372558593750
-0.019622802734375
-0.530548095703125
-0.421630859375000
-0.049316406250000
-0.226684570312500
-0.115325927734375
-0.189727783203125
-0.366790771484375
-0.391784667968750
-0.080902099609375
0.028778076171875
-0.211700439453125
0.044189453125000
-0.271026611328125
-0.362487792968750
0.229797363281250
-0.018615722656250
0.064361572265625
0.174835205078125
-0.214538574218750
-0.032562255859375
0.193450927734375
0.260223388671875
0.189422607421875
0.217529296875000
0.093475341796875
-0.098663330078125
0.434967041015625
0.340850830078125
0.181030273437500
0.468353271484375
-0.035308837890625
0.075408935546875
0.444091796875000
0.257720947265625
0.354675292968750
0.260833740234375
0.059295654296875
0.005218505859375
0.282653808593750
0.354949951171875
0.073425292968750
0.285247802734375
-0.076812744140625
-0.217132568359375
0.324645996093750
0.024719238281250
0.055664062500000
0.114257812500000
-0.326385498046875
-0.194366455078125
-0.016662597656250
0.004211425781250
-0.109741210937500
-0.121459960937500
-0.281707763671875
-0.505859375000000
0.000152587890625
-0.116760253906250
-0.294372558593750
-0.019622802734375
-0.530548095703125
-0.421630859375000
-0.049316406250000
-0.226684570312500
-0.115325927734375
-0.189727783203125
-0.366790771484375
-0.391784667968750
-0.080902099609375
0.028778076171875
-0.211700439453125
0.044189453125000
-0.271026611328125
-0.362487792968750
0.229797363281250
-0.018615722656250
0.064361572265625
0.174835205078125
-0.214538574218750
-0.032562255859375
0.193450927734375
0.260223388671875
0.189422607421875
0.217529296875000
0.093475341796875
-0.098663330078125
0.434967041015625
0.340850830078125
0.181030273437500
0.468353271484375
-0.035308837890625
0.075408935546875
0.444091796875000
0.257720947265625
0.354675292968750
0.260833740234375
0.059295654296875
0.005218505859375
0.282653808593750
0.354949951171875
0.073425292968750
0.285247802734375
-0.076812744140625
-0.217132568359375
0.324645996093750
0.024719238281250
0.055664062500000
0.114257812500000
-0.326385498046875
-0.194366455078125
-0.016662597656250
0.004211425781250
-0.109741210937500
-0.121459960937500
-0.281707763671875
-0.505859375000000
0.000152587890625
-0.116760253906250
-0.294372558593750
-0.019622802734375
-0.530548095703125
-0.421630859375000
-0.049316406250000
-0.226684570312500
-0.115325927734375
-0.189727783203125
-0.366790771484375
-0.391784667968750
-0.080902099609375
0.028778076171875
-0.211700439453125
0.044189453125000
-0.271026611328125
-0.362487792968750
0.229797363281250
-0.018615722656250
0.064361572265625
0.174835205078125
-0.214538574218750
-0.032562255859375
0.193450927734375
0.260223388671875
0.189422607421875
0.217529296875000
0.093475341796875
-0.098663330078125
0.434967041015625
0.340850830078125
0.181030273437500
0.468353271484375
-0.035308837890625
0.075408935546875
0.444091796875000
0.257720947265625
0.354675292968750
0.260833740234375
0.059295654296875
0.005218505859375
0.282653808593750
0.354949951171875
0.073425292968750
0.285247802734375
-0.076812744140625
-0.217132568359375
0.324645996093750
0.024719238281250
0.055664062500000
0.114257812500000
-0.326385498046875
-0.194366455078125
-0.016662597656250
0.004211425781250
-0.109741210937500
-0.121459960937500
-0.281707763671875
-0.505859375000000
0.000152587890625
-0.116760253906250
-0.294372558593750
-0.019622802734375
-0.530548095703125
-0.421630859375000
-0.049316406250000
-0.226684570312500
-0.115325927734375
-0.189727783203125
-0.366790771484375
-0.391784667968750
-0.080902099609375
0.028778076171875
-0.211700439453125
0.044189453125000
-0.271026611328125
-0.362487792968750
0.229797363281250
-0.018615722656250
0.064361572265625
0.174835205078125
-0.214538574218750
-0.032562255859375
0.193450927734375
0.260223388671875
0.189422607421875
0.217529296875000
0.093475341796875
-0.098663330078125
0.434967041015625
0.340850830078125
0.181030273437500
0.468353271484375
-0.035308837890625
0.075408935546875
0.444091796875000
0.257720947265625
0.354675292968750
0.260833740234375
0.059295654296875
0.005218505859375
0.282653808593750
0.354949951171875
0.073425292968750
0.285247802734375
-0.076812744140625
-0.217132568359375
0.324645996093750
0.024719238281250
0.055664062500000
0.114257812500000
-0.326385498046875
-0.194366455078125
-0.016662597656250
0.004211425781250
-0.109741210937500
-0.121459960937500
-0.281707763671875
-0.505859375000000
0.000152587890625
-0.116760253906250
-0.294372558593750
-0.019622802734375
-0.530548095703125
-0.421630859375000
-0.049316406250000
-0.226684570312500
-0.115325927734375
-0.189727783203125
-0.366790771484375
-0.391784667968750
-0.080902099609375
0.028778076171875
-0.211700439453125
0.044189453125000
-0.271026611328125
-0.362487792968750
0.229797363281250
-0.018615722656250
0.064361572265625
0.174835205078125
-0.214538574218750
-0.032562255859375
0.193450927734375
0.260223388671875
0.189422607421875
0.217529296875000
0.093475341796875
-0.098663330078125
0.434967041015625
0.340850830078125
0.181030273437500
0.468353271484375
-0.035308837890625
0.075408935546875
0.444091796875000
0.257720947265625
0.354675292968750
0.260833740234375
0.059295654296875
0.005218505859375
0.282653808593750
0.354949951171875
0.073425292968750
0.285247802734375
-0.076812744140625
-0.217132568359375
0.324645996093750
0.024719238281250
0.055664062500000
0.114257812500000
-0.326385498046875
-0.194366455078125
-0.016662597656250
0.004211425781250
-0.109741210937500
-0.121459960937500
-0.281707763671875
-0.505859375000000
0.000152587890625
-0.116760253906250
-0.294372558593750
-0.019622802734375
-0.530548095703125
-0.421630859375000
-0.049316406250000
-0.226684570312500
-0.115325927734375
-0.189727783203125
-0.366790771484375
-0.391784667968750
-0.080902099609375
0.028778076171875
-0.211700439453125
0.044189453125000
-0.271026611328125
-0.362487792968750
0.229797363281250
-0.018615722656250
0.064361572265625
0.174835205078125
-0.214538574218750
-0.032562255859375
0.193450927734375
0.260223388671875
0.189422607421875
0.217529296875000
0.093475341796875
-0.098663330078125
0.434967041015625
0.340850830078125
0.181030273437500
0.468353271484375
-0.035308837890625
0.075408935546875
0.444091796875000
0.257720947265625
0.354675292968750
0.260833740234375
0.059295654296875
0.005218505859375
0.282653808593750
0.354949951171875
0.073425292968750
0.285247802734375
-0.076812744140625
-0.217132568359375
0.324645996093750
0.024719238281250
0.055664062500000
0.114257812500000
-0.326385498046875
-0.194366455078125
-0.016662597656250
0.004211425781250
-0.109741210937500
-0.121459960937500
-0.281707763671875
-0.505859375000000
0.000152587890625
-0.116760253906250
-0.294372558593750
-0.019622802734375
-0.530548095703125
-0.421630859375000
-0.049316406250000
-0.226684570312500
-0.115325927734375
-0.189727783203125
-0.366790771484375
-0.391784667968750
-0.080902099609375
0.028778076171875
-0.211700439453125
0.044189453125000
-0.271026611328125
-0.362487792968750
0.229797363281250
-0.018615722656250
0.064361572265625
0.174835205078125
-0.214538574218750
-0.032562255859375
0.193450927734375
0.260223388671875
0.189422607421875
0.217529296875000
0.093475341796875
-0.098663330078125
0.434967041015625
0.340850830078125
0.181030273437500
0.468353271484375
-0.035308837890625
0.075408935546875
0.444091796875000
0.257720947265625
0.354675292968750
0.260833740234375
0.059295654296875
0.005218505859375
0.282653808593750
0.354949951171875
0.073425292968750
0.285247802734375
-0.076812744140625
-0.217132568359375
0.324645996093750
0.024719238281250
0.055664062500000
0.114257812500000
-0.326385498046875
-0.194366455078125
-0.016662597656250
0.004211425781250
-0.109741210937500
-0.121459960937500
-0.281707763671875
-0.505859375000000
0.000152587890625
-0.116760253906250
-0.294372558593750
-0.019622802734375
-0.530548095703125
-0.421630859375000
-0.049316406250000
-0.226684570312500
-0.115325927734375
-0.189727783203125
-0.366790771484375
-0.391784667968750
-0.080902099609375
0.028778076171875
-0.211700439453125
0.044189453125000
-0.271026611328125
-0.362487792968750
0.229797363281250
-0.018615722656250
0.064361572265625
0.174835205078125
-0.214538574218750
-0.032562255859375
0.193450927734375
0.260223388671875
0.189422607421875
0.217529296875000
0.093475341796875
-0.098663330078125
0.434967041015625
0.340850830078125
0.181030273437500
0.468353271484375
-0.035308837890625
0.075408935546875
0.444091796875000
0.257720947265625
0.354675292968750
0.260833740234375
0.059295654296875
0.005218505859375
0.282653808593750
0.354949951171875
0.073425292968750
0.285247802734375
-0.076812744140625
-0.217132568359375
0.324645996093750
0.024719238281250
0.055664062500000
0.114257812500000
-0.326385498046875
-0.194366455078125
-0.016662597656250
0.004211425781250
-0.109741210937500
-0.121459960937500
-0.281707763671875
-0.505859375000000
0.000152587890625
-0.116760253906250
-0.294372558593750
-0.019622802734375
-0.530548095703125
-0.421630859375000
-0.049316406250000
-0.226684570312500
-0.115325927734375
-0.189727783203125
-0.366790771484375
-0.391784667968750
-0.080902099609375
0.028778076171875
-0.211700439453125
0.044189453125000
-0.271026611328125
-0.362487792968750
0.229797363281250
-0.018615722656250
0.064361572265625
0.174835205078125
-0.214538574218750
-0.032562255859375
0.193450927734375
0.260223388671875
0.189422607421875
0.217529296875000
0.093475341796875
-0.098663330078125
0.434967041015625
0.340850830078125
0.181030273437500
0.468353271484375
-0.035308837890625
0.075408935546875
0.444091796875000
0.257720947265625
0.354675292968750
0.260833740234375
0.059295654296875
0.005218505859375
0.282653808593750
0.354949951171875
0.073425292968750
0.285247802734375
-0.076812744140625
-0.217132568359375
0.324645996093750
0.024719238281250
0.055664062500000
0.114257812500000
-0.326385498046875
-0.194366455078125
-0.016662597656250
0.004211425781250
-0.109741210937500
-0.121459960937500
-0.281707763671875
-0.505859375000000
0.000152587890625
-0.116760253906250
-0.294372558593750
-0.019622802734375
-0.530548095703125
-0.421630859375000
-0.049316406250000
-0.226684570312500
-0.115325927734375
-0.189727783203125
-0.366790771484375
-0.391784667968750
-0.080902099609375
0.028778076171875
-0.211700439453125
0.044189453125000
-0.271026611328125
-0.362487792968750
0.229797363281250
-0.018615722656250
0.064361572265625
0.174835205078125
-0.214538574218750
-0.032562255859375
0.193450927734375
0.260223388671875
0.189422607421875
0.217529296875000
0.093475341796875
-0.098663330078125
0.434967041015625
0.340850830078125
0.181030273437500
0.468353271484375
-0.035308837890625
0.075408935546875
0.444091796875000
0.257720947265625
0.354675292968750
0.260833740234375
0.059295654296875
0.005218505859375
0.282653808593750
0.354949951171875
0.073425292968750
0.285247802734375
-0.076812744140625
-0.217132568359375
0.324645996093750
0.024719238281250
0.055664062500000
0.114257812500000
-0.326385498046875
-0.194366455078125
-0.016662597656250
0.004211425781250
-0.109741210937500
-0.121459960937500
-0.281707763671875
-0.505859375000000
0.000152587890625
-0.116760253906250
-0.294372558593750
-0.019622802734375
-0.530548095703125
-0.421630859375000
-0.049316406250000
-0.226684570312500
-0.115325927734375
-0.189727783203125
-0.366790771484375
-0.391784667968750
-0.080902099609375
0.028778076171875
-0.211700439453125