0000000000000000
1111111110001001
1111111100101010
0000000010110010
0100001111010011
0101011111010110
1010110101001100
1011101011111000
0110000011011100
0011000010001100
1001010011001010
1110011000111111
0110111111011100
0000001000011000
1000111101111001
0001010010011111
0110110001111111
1101010001111111
1001110011110110
0100000101011010
0101010110110111
1010110010110101
1011101100110010
0110000100011100
0011000010110001
1001010111010010
1110011000001010
0111000011010011
0000001100010000
1000111111100000
0001010101011010
0110110000101000
1101001111010001
1001110010110100
0100000010111101
0101010100110100
1010111001001110
1011101111001000
0110000110011001
0010111111000101
1001010000011111
1110010111110111
0111000001001001
0000000111001001
1000111011011000
0001010010101000
0110110000111100
1101010010000000
1001110010101001
0100000100001100
0101010111011111
1010110011100101
1011110010011110
0110000011100101
0011000001000000
1001010101101010
1110011000010101
0111000011011001
0000001001111110
1000111111110011
0001010100101000
0110110000111011
1101001111011001
1001110100000100
0100000010111110
0101010110001001
1010110100010111
1011101010111110
0110000101111110
0011000000011111
1001010110001010
1110011010011011
0111000000010001
0000001000000001
1000111011011100
0001010011111101
0110110100111011
1101001111011101
1001110101111110
0100000100011111
0101011000000010
1010110110110100
1011101110000010
0110000101000010
0011000001110111
1001010101000111
1110011000000111
0110111111000001
0000001001011011
1000111000000111
0001010110010101
0110110100100101
1101001100100000
1001110100001010
0100000010001100
0101010111101010
1010110110010100
1011110001011110
0110000100101000
0010111110110101
1001010010101110
1110011001100010
0111000010001110
0000001010001100
1000111011010011
0001010100101100
0110110011111001
1101010000110011
1001110001010010
0100000111001011
0101011010000010
1010110101110101
1011110000100111
0110000010011011
0011000000000100
1001010011111010
1110011000000000
0111000000110111
0000001000110000
1000111101000100
0001011000101000
0110110010101001
1101001111101010
1001110010101110
0100000100100000
0101010111101011
1010110111000011
1011110000001010
0110000101111101
0010111110001101
1001010101010101
1110010111001000
0111000000000100
0000001001110011
1000111101101110
0001010110011101
0110110001000101
1101001100101101
1001110000010010
0100000001110011
0101010111001110
1010111000011110
1011101100100100
0110000100000010
0010111111100000
1001010010011111
1110010111110010
0111000001000111
0000000111110011
1000111100111000
0001010100001110
0110110000111010
1101001111000110
1001110001110100
0100000010101110
0101010111110101
1010110100010010
1011101111110101
0110000101011100
0010111111101000
1001010101011111
1110011010100100
0111000001011001
0000000110100000
1000111101101011
0001010100010101
0110110010101001
1101001110110110
1001110010001101
0100000101000110
0101011000011001
1010110001100011
1011101110011100
0110000100001100
0010111110100111
1001010010001010
1110011011011001
0111000011110111
0000001001100110
1000111100000101
0001010100100110
0110110001111001
1101001101011011
1001110100100110
0100000011111100
0101010101110101
1010110111001000
1011110000101011
0110000011111011
0011000001110011
1001010010100000
1110010110100011
0111000100111001
0000000110101001
1000111101000111
0001010100111101
0110110001010011
1101001101111111
1001110010101001
0100000000111110
0101010111101010
1010110101010100
1011101101001101
0110000000101100
0010111101110001
1001010010111111
1110011011101011
0111000010101011
0000001010110010
1000111100101100
0001010100010100
0110110110000111
1101010000110110
1001110011111110
0100000100110010
0101011000000000
1010110111010010
1011101101100010
0110000011001001
0011000000010110
1001010001001111
1110010101100010
0111000010010011
0000001010011110
1000111110111111
0001010101110100
0110110001000101
1101010000001001
1001101111100111
0100001000001110
0101010110110000
1010110111011000
1011101101011010
0110000101100000
0011000000110000
1001010101001101
1110010110110110
0111000001011001
0000000111110010
1000111010001110
0001010101110000
0110110011010101
1101001111000000
1001110000111010
0100000001111101
0101010100101111
1010110100101111
1011101011011000
0110000101001011
0011000001111011
1001010010010000
1110011010000110
0111000001001010
0000001000000010
1000111110101110
0001010100010111
0110101111101010
1101010010101010
1001110001011100
0100000110010010
0101011001001101
1010110110010011
1011101101100110
0110000100010011
0011000001110000
1001010111000001
1110011001111010
0111000011000100
0000000110000100
1000111101100110
0001010101010011
0110110010011010
1101010001011111
1001110100101110
0100000100000100
0101010101111110
1010110010001101
1011101110000101
0110000101110101
0011000011000011
1001010100010110
1110011000101001
0111000001100010
0000001000000011
1000111010111101
0001010100000000
0110110001000101
1101001111100101
1001110110110011
0100000011010100
0101011001011101
1010110110101110
1011110011001011
0110000000011101
0010111111111011
1001010010111000
1110010110110100
0111000000110010
0000001010011001
1000111101001011
0001010010000101
0110110000111000
1101001111110010
1001110011010011
0100000010101100
0101010110000110
1010110100000010
1011101110000000
0110000110110101
0010111111110110
1001010001110001
1110011001110100
0111000100101000
0000001100111001
1000111100011010
0001010001010101
0110110001111111
1101010001011110
1001110000100100
0100000011000011
0101010110101100
1010110111111010
1011101011110110
0110000010000000
0011000000101110
1001010100001001
1110011010010110
0111000010101010
0000001001010001
1000111011010100
0001010110101101
0110101111010001
1101010001001011
1001101110101000
0100000011100001
0101011001000110
1010110110001001
1011101111110010
0110000101000101
0010111111111111
1001010101001001
1110011010101111
0111000100100011
0000001000001011
1000111110000010
0001010110001100
0110110011001111
1101010001010011
1001110011010110
0011111111010000
0101010111001011
1010110011101000
1011101110001101
0110000110010100
0011000000010101
1001010100011000
1110011011110101
0111000001110000
0000001010001101
1000111011010011
0001010101011001
0110110001101111
1101001101101001
1001110000011111
0100000000101011
0101010101000000
1010110011100110
1011101101110011
0110000011111110
0010111110010100
1001010101011111
1110010111110010
0111000010111111
0000001010010100
1000111010010010
0001010101110011
0110110010111111
1101001101101101
1001110100110110
0100000101110110
0101010111100011
1010110011100001
1011101011111100
0110000111110010
0011000010000001
1001010011011010
1110010110100010
0110111110001011
0000001001110111
1000111100100110
0001010101110001
0110110011111000
1101001110100111
1001110101110000
0100000010000001
0101010111100110
1010110100111010
1011101101111001
0110000011101100
0010111111000010
1001010010100010
1110011000100100
0110111111100000
0000001010010101
1000111111010011
0001010100000100
0110110001111101
1101001111010100
1001110011110100
0100000100011111
0101011000000110
1010110100001010
1011101101100000
0110000011101001
0010111110111111
1001010010101000
1110010110110100
0111000010101111
0000001000110011
1000111100000111
0001010111011001
0110110010001000
1101010001010101
1001101111101101
0100000100000000
0101010100101111
1010110101100011
1011101101011110
0110000011101000
0011000000100000
1001010100101111
1110011001100110
0111000001101110
0000000110011101
1000111011101011
0001010010001010
0110101110111010
1101001111100101
1001110011110010
0100000010001111
0101010100001100
1010110110100111
1011101111111110
0110000010011100
0011000001111110
1001010010100111
1110010111011101
0110111110010000
0000001001111100
1000111101111011
0001010101001110
0110110011011010
1101010011010010
1001110011101111
0100000000011101
0101010101100010
1010110110111000
1011101110111000
0110000111111000
0011000001111001
1001010011101000
1110011010001111
0111000001010000
0000001000011111
1000111011111000
0001010010011110
0110110000100011
1101010011011110
1001110100011011
0100000010110011
0101010111111100
1010110101000010
1011101110011100
0110000011110100
0011000010001011
1001010100000000
1110010011111010
0111000000010101
0000001000010101
1000111011100100
0001010011101010
0110110000011000
1101010001001000
1001110100111010
0100000010101100
0101010111001000
1010110011111010
1011101101111110
0110000101010010
0011000010011101
1001010010110101
1110011000010101
0111000000010001
0000000111110111
1000111111100001
0001010101001100
0110110011011101
1101010000010111
1001110011000010
0100000001001000
0101010101111101
1010110100000100
1011101100110000
0110000100111111
0010111101110101
1001010000011100
1110010111101000
0110111111000100
0000000110000100
1000111101011110
0001010110101110
0110110001001011
1101010011001100
1001110101111001
0100000111100110
0101010100100110
1010110011010110
1011110001000011
0110000010111100
0010111101011101
1001010100001110
1110011000001101
0111000000010010
0000000101100000
1000111011011001
0001010100011011
0110110001110001
1101001111010000
1001110111100000
0100000010011001
0101010111000000
1010110011100001
1011101101001100
0110000011000010
0011000001010111
1001010011100111
1110010100100011
0111000001111111
0000001000000010
1000111101111010
0001010110011101
0110110011111100
1101001100110011
1001110010010110
0100000101101111
0101010100011111
1010110101011110
1011101111000101
0110000100100001
0011000000111101
1001010011101110
1110011001111010
0110111111100011
0000000111100101
1000111101101000
0001010101110010
0110110010010111
1101010000000101
1001110010100100
0100000110011110
0101010110101101
1010110100011000
1011101101011010
0110000011110100
0010111111010110
1001001111010111
1110011100010100
0111000000011010
0000000111110110
1000111100111111
0001010100100011
0110110101111111
1101001110100010
1001101110011010
0100000110111110
0101010110001111
1010110110011001
1011101101100000
0110000101110011
0011000010100100
1001010100111000
1110010111111001
0111000000111010
0000001000011100
1000111101100101
0001010111100001
0110110010011001
1101010000100000
1001110100110000
0100000100000111
0101010100101001
1010110110100001
1011110000011010
0110000011001111
0010111111110011
1001010011001001
1110011000101101
0110111110111110
0000001001000101
1000111100001110
0001010101000001
0110110010101111
1101001111110111
1001110010010101
0100000010000001
0101010110010100
1010110011010100
1011101101100010
0110000010100001
0011000000111101
1001010101011111
1110011011101101
0111000001010101
0000000101011110
1000111010111000
0001010100011100
0110110010100111
1101001111111100
1001110100001100
0100000001110110
0101010011001101
1010110100010011
1011101010011000
0110000101100110
0011000001001110
1001010100011111
1110010110101001
0111000000011001
0000001011011001
1000111101001001
0001011000000110
0110101111101101
1101001100110001
1001101110100101
0100000010100111
0101010101111100
1010110100100011
1011101011111111
0110000101000001
0010111101100000
1001010101001000
1110011101010111
0111000010100110
0000001001111110
1000111101111000
0001010011101001
0110110100110011
1101010001101100
1001110000011010
0100000011101001
0101010101011010
1010110110001001
1011101101101010
0110000100100000
0011000000001111
1001010101110110
1110011001100000
0111000011011000
0000001010101001
1000111111111110
0001010110110011
0110110100100010
1101001110110101
1001110100010010
0100000100011010
0101011010010100
1010111000101110
1011101010001100
0110000001101000
0011000001101111
1001010011100100
1110010110000101
0111000100001110
0000000110000101
1000111100011101
0001010110010100
0110110000100010
1101001100111001
1001110011001010
0100000110000001
0101010110101111
1010110101111111
1011101100000000
0101111110111010
0010111111100111
1001001111111111
1110011011110100
0111000100001010
0000001011101010
1000111100111000
0001011001001100
0110110011010110
1101010001010100
1001110010111100
0100000010111001
0101010101101000
1010110010100110
1011101011111001
0110000100100111
0011000010101111
1001010100111011
1110010110110010
0111000001000001
0000001001011111
1000111011001101
0001010010010100
0110110000110010
1101001110110001
1001110011110001
0100000100000111
0101010101110111
1010111000000000
1011101101010011
0110000011100100
0011000010000100
1001010001110011
1110011011000011
0110111111000011
0000000111000001
1000111100100000
0001010101011010
0110101110111010
1101001110111100
1001110100000010
0100000011000100
0101011000110000
1010110010001100
1011101110010001
0101111111000011
0011000010010101
1001010101100100
1110010111011000
0111000000101001
0000001001110000
1000111101111001
0001010100111000
0110110011011111
1101010000100010
1001110000110011
0100000010001000
0101010111100001
1010111000111110
1011110000000001
0110000010001000
0011000010000101
1001010010011100
1110010111011000
0111000000111101
0000000101010000
1000111100011101
0001010111101110
0110110000100111
1101001101110011
1001110010011111
0100000001111111
0101010111111000
1010110110000101
1011101011000010
0110000010101100
0010111110111110
1001010100011011
1110011000011110
0111000011000110
0000000111011000
1000111010100000
0001011000101111
0110110001111010
1101010001010110
1001110101111111
0100000010110101
0101010111010110
1010110101001011
1011101101010011
0110000100111101
0011000001011001
1001010101101011
1110011001100011
0111000011011001
0000001011001101
1000111110100000
0001010011001001
0110101110110100
1101010000110101
1001110000110100
0100000011001111
0101010110111011
1010101111101111
1011101011001100
0110000100111011
0010111111010110
1001010011100000
1110011010101111
0111000101011100
0000001001010010
1000111101111000
0001010010100001
0110110011000101
1101001110100110
1001110000100101
0100000010111010
0101010011101101
1010110100111010
1011101010001000
0110000100000000
0010111111000101
1001001110111100
1110011011000110
0111000010001000
0000000110100001
1000111111000001
0001010111101001
0110110011111111
1101010100010101
1001110011101100
0100000011110101
0101011000000001
1010110101110011
1011101011110010
0110000011000010
0010111111111011
1001010101111100
1110011001100000
0111000010001111
0000001000100100
1000111100010111
0001010100101001
0110110000111110
1101001111010000
1001110010011111
0100000010100001
0101010110000101
1010110111100111
1011101011101111
0110000100011011
0010111111100110
1001010010111110
1110010110000100
0110111111011100
0000001001110100
1000111010000000
0001010101110111
0110110010000111
1101010000010111
1001110000011111
0100000010011111
0101010111010101
1010110100101000
1011110000000000
0110000010011010
0011000010010001
1001010011101000
1110011000110100
0110111111111011
0000001010110000
1000111001111001
0001010110101000
0110110001000101
1101001101100010
1001110010010111
0100000011011000
0101010101101101
1010110011101011
1011101111111101
0110000011000000
0011000010110011
1001010110011110
1110011000100010
0111000100001111
0000000110101111
1000111101000010
0001001111110010
0110101110010010
1101010001010101
1001110011010011
0100000001001010
0101010111100011
1010110111101110
1011101101111000
0110000001010001
0010111111111000
1001010010100010
1110011011100010
0111000000101101
0000001010101000
1000111110100000
0001010011100110
0110110011010101
1101001111110110
1001110011111000
0100000000011100
0101010110001001
1010110101000111
1011101110001011
0110000011101111
0011000010010010
1001010101011100
1110011001011111
0111000101010111
0000001000100100
1000111011111101
0001010101100000
0110101100110001
1101010000001010
1001110001110111
0100000010111010
0101010101101101
1010110101010100
1011101111110000
0110000101000011
0010111111100110
1001010100010010
1110011000100111
0111000000100111
0000001001001101
1000111100110111
0001010100100011
0110101111101001
1101010000011101
1001110001111010
0100000110100100
0101010110100111
1010110010111111
1011110001000111
0110000101001010
0011000100110110
1001010111010011
1110011000001110
0111000000001100
0000000111100010
1000111110010001
0001010110011111
0110110011111100
1101001111000111
1001110011110011
0100000101111000
0101010111010101
1010110100111101
1011101110010110
0110000011110000
0011000001011001
1001010100110100
1110011011010001
0111000000101110
0000001001000000
1000111010111111
0001010110000100
0110110010000010
1101010001011100
1001110011010111
0100000101011001
0101010100010111
1010110110101111
1011110000001000
0110000101100000
0011000001100000
1001010100001010
1110010110101010
0111000010100110
0000001010010010
1000111100100111
0001010011011011
0110110010110111
1101001101010000
1001110011101001
0011111110010101
0101010111010100
1010110101101100
1011101101010100
0110000100011101
0010111111101011
1001010011011110
1110011001100010
0111000011000100
0000001001110110
1000111110001001
0001010110011010
0110110010000100
1101010001100100
1001110000111010
0100000101010111
0101011000000111
1010110100000001
1011101111110110
0110000011101111
0010111110110100
1001010110000011
1110011000111000
0111000010110010
0000000110001110
1000111001110001
0001010100110010
0110110001110110
1101001111000000
1001110100001001
0100000001010010
0101010111010111
1010110100001011
1011110000010111
0110000010101101
0011000010110110
1001010110001111
1110010111011010
0111000010000101
0000000111100111
1000111011011010
0001010101001101
0110110001101110
1101010000011110
1001110010100110
0100000101001111
0101010101110001
1010110110100010
1011101101010100
0110000010011110
0010111111010010
1001001111101101
1110011000011010
0111000011010010
0000001000010011
1000111011100000
0001010101111101
0110110000100010
1101001110011001
1001110100111010
0100000010010011
0101011001000100
1010110100000110
1011101001011011
0110000101010011
0010111111110010
1001010010010000
1110010111110101
0111000011000111
0000001100000000
1000111101001100
0001010110100010
0110110000101100
1101010001000110
1001110101001010
0100000010101110
0101010101111110
1010110011110000
1011101101011011
0110000001111111
0011000001110000
1001010010101110
1110011011110001
0111000001001000
0000000111101000
1000111100100111
0001010101000010
0110101111001010
1101001111010100
1001110000100001
0100000011101001
0101010111101000
1010110010011000
1011101100001011
0110000010001011
0011000000001110
1001010101101011
1110011011010010
0111000011101101
0000001001000110
1000111011100100
0001010100111100
0110110100010110
1101001101000101
1001110100000110
0100000100001001
0101011001010101
1010110110111111
1011101101100100
0110000111010100
0011000010010011
1001010010001100
1110011000011001
0111000011111111
0000001001111100
1000111101000011
0001010111010110
0110110001010000
1101001101111111
1001110010100001
0100000001011011
0101010111100111
1010110111001011
1011101100010011
0110000000111111
0011000000110010
1001011001100000
1110011000011001
0110111101101110
0000001000011110
1000111010110010
0001010011011000
0110101111010101
1101001100111111
1001110001001101
0100000001011000
0101010011011001
1010110110100011
1011101110001011
0110000011100101
0011000001111011
1001010101000011
1110011010111001
0111000101000100
0000001010000111
1000111110101001
0001010101011000
0110110101010000
1101010000111100
1001110100111000
0100000010101011
0101010111000010
1010110110011100
1011101101111111
0110000111010001
0010111110011100
1001010100111111
1110011010110101
0110111101110101
0000000110100000
1000111100010000
0001010110011001
0110110001101010
1101001110011110
1001110000001010
0100000011100000
0101010101111011
1010110101110000
1011101110000111
0110000011111111
0010111110001011
1001010100111110
1110011010011100
0110111111100100
0000001001111101
1000111101100100
0001010001000011
0110110010001011
1101010001011100
1001110100100111
0100001000011010
0101010110111101
1010110011000101
1011101011110010
0110000011100100
0011000001100110
1001010001011110
1110010111011110
0111000001110000
0000001001110001
1000111110110000
0001010011000110
0110110011001011
1101001101111110
1001110101010010
0100000010010110
0101010110100001
1010110010110111
1011101101100001
0110000100010110
0011000001100110
1001010101100001
1110011011001110
0111000001010110
0000001000000111
1000111101010101
0001010100001001
0110110010111111
1101010010001011
1001110001000010
0100000101100110
0101010111110011
1010110110110111
1011110001110011
0101111110001110
0010111101100110
1001010010111110
1110011000101001
0111000001100100
0000001100001100
1000111101111010
0001010111001010
0110110100110011
1101010000000000
1001110001111001
0100000010010101
0101010111100110
1010110111101111
1011101100101101
0110000011111100
0011000001011110
1001010100100100
1110011001010110
0111000010111010
0000001000011010
1000111011011011
0001010110001111
0110110010100000
1101010000001000
1001110010110100
0100000011000010
0101011000001000
1010110101110001
1011101111110001
0110000100010111
0010111111111100
1001010100110000
1110011000000101
0111000010111110
0000001000100111
1000111001000100
0001010101000010
0110101101110000
1101010000100101
1001110010010010
0100000100110101
0101010101110010
1010110100011010
1011101101111001
0110000110011111
0010111111101011
1001010011110110
1110011001100100
0111000000100011
0000001010101110
1000111111100011
0001010010110000
0110110000000101
1101010001100001
1001110100101101
0100000000111000
0101010111000100
1010110100010011
1011101111111111
0110000100000110
0010111101111101
1001010111001001
1110011010101100
0111000000010000
0000001010011101
1000111011100000
0001010101111100
0110110000001101
1101001101010100
1001110001000111
0100000001010101
0101010100100011
1010110100111101
1011101100110010
0110000100010111
0011000011101100
1001010010001001
1110011010001000
0111000001111010
0000001001110101
1000111011111100
0001010100100110
0110101101100110
1101010000000011
1001110001000010
0100000011000000
0101010111001111
1010110011111111
1011101101111100
0110000101010100
0011000011101001
1001010011010000
1110011011000111
0111000010011101
0000000111110000
1000111001110101
0001010101000101
0110110011010101
1101001110100110
1001110000111010
0100000010000100
0101010100111111
1010110010110001
1011101111001011
0110000100001011
0011000000110111
1001010010110111
1110011010010000
0111000010010101
0000001000101011
1000111100000000
0001010111000011
0110110100100011
1101010000101101
1001110101101011
0100000100110010
0101010111000110
1010110110011100
1011101111110110
0110000011000101
0010111101011110
1001010100011110
1110010101100011
0111000011110101
0000001010000111
1000111001011001
0001010110000001
0110110100111001
1101001111011010
1001110101011011
0100000011001101
0101011000100001
1010110111001010
1011101110111111
0110000011110100
0011000010101100
1001010011011100
1110011010000011
0111000010000100
0000000111001110
1000111010001011
0001010100001000
0110110100000010
1101010010100010
1001110000110110
0100000010011110
0101010111001000
1010110110010101
1011101011001001
0110000010101011
0010111111100101
1001010011100010
1110011000100101
0111000011000010
0000001000000011
1000111010111011
0001010101110101
0110110001100111
1101010001001111
1001110101001100
0100000110000000
0101011001000100
1010110011001001
1011101101000000
0110000100011011
0011000010010001
1001010110011000
1110011000111100
0110111111011001
0000000110100010
1000111101101110
0001010001111011
0110110001010011
1101001111110101
1001110000110000
0100000011010111
0101010101010100
1010110101110011
1011101100000111
0110000110101000
0011000000010111
1001010101100101
1110010111011010
0111000011001111
0000001001000111
1000111010001000
0001010101101000
0110101111101100
1101001110010011
1001110100101110
0100000011011001
0101010111010000
1010110101000110
1011101110010010
0110000000101010
0010111111100001
1001010001011101
1110011010000001
0111000000100100
0000001000011100
1000111100000111
0001010101001111
0110110101011001
1101001110101001
1001110010100110
0100000010000111
0101010110000110
1010110100110000
1011101110010111
0110000001010011
0011000001010111
1001010010101110
1110010111110011
0111000110001010
0000000111101000
1000111111000000
0001010100110011
0110110101011001
1101010000101001
1001110001001011
0100000010100011
0101010100110010
1010110101001101
1011101111100011
0110000011110010
0011000001011001
1001010011101111
1110011001010111
0111000100010100
0000001100001110
1000111011010001
0001010101111010
0110110010001000
1101010001101010
1001110010001100
0100000001010110
0101010100010000
1010110101101000
1011101011100100
0110000010011011
0011000000111010
1001010110011101
1110011101010000
0111000010110001
0000001000100011
1000111010000010
0001010110100000
0110110011101101
1101001111011101
1001110011001010
0100000010001101
0101010101011100
1010110101101011
1011101011101010
0110000100001010
0011000000010110
1001010101011111
1110011000110100
0111000011001010
0000001010110111
1000111101000000
0001010010110011
0110110000000000
1101001011111101
1001110011000100
0011111111111000
0101011000110100
1010110011000011
1011101011010110
0110000100001001
0011000001000110
1001010011110100
1110011001011010
0111000001000110
0000001011011110
1001000001010101
0001010010001010
0110110010101000
1101001101101100
1001110011000110
0100000010011111
0101011000001111
1010110110101110
1011101110001100
0110000100000101
0010111111110101
1001010100000011
1110011010101100
0111000001000100
0000001000010100
1000111011010000
0001011000111010
0110110001110100
1101010000010100
1001101111111011
0100000100111011
0101011000100111
1010110110011001
1011110000011000
0110000011001101
0010111101110011
1001010100011101
1110011010010100
0111000010010000
0000000111110111
1000111101100111
0001010001101011
0110110101100101
1101010000111101
1001110101100110
0100000100101111
0101010011011001
1010110100000101
1011110001101010
0110000100110001
0011000001001101
1001010100001010
1110011010101011
0111000100111100
0000001001100110
1000111010011111
0001010101010010
0110110010010110
1101010000001110
1001110101101001
0100000010100101
0101010111101111
1010111000101101
1011101101100011
0110000001011011
0011000001000011
1001010010001110
1110010100011101
0111000000110101
0000000110010001
1000111001111010
0001011000101001
0110110100000111
1101010001010011
1001110000101001
0100000100110001
0101010111001111
1010110011000101
1011101110100001
0110000010101011
0010111111001110
1001010010100010
1110011000010101
0111000000100100
0000001000001101
1000111110100111
0001010100111101
0110110000000100
1101010000110110
1001110011101101
0100000011000001
0101010110111000
1010110111110101
1011101100000000
0110000100000100
0010111101001101
1001010001011001
1110011000001010
0111000001001011
0000001001110111
1000111100010111
0001010100101001
0110110000100110
1101010000001011
1001101111001010
0100000101000101
0101010101001110
1010110100011100
1011101111111000
0110000101110100
0011000000001101
1001010100100100
1110011000001100
0111000011110011
0000001000100010
1000111101110100
0001010011100101
0110110101110001
1101001110100011
1001110100001000
0100000010100000
0101010100001110
1010110100110011
1011101100000001
0110000000010101
0011000000101111
1001010010101001
1110010111101011
0111000010001111
0000001000100110
1000111011001101
0001010110101000
0110110001010000
1101010011100110
1001110011011110
0100000010101010
0101010101010010
1010110111010001
1011110000001000
0110000011011011
0010111111000010
1001010100000001
1110011011010101
0111000001011100
0000001000100001
1000111110001011
0001010100111000
0110110001110100
1101010010001011
1001110100001001
0011111111101011
0101011000001001
1010110100111011
1011101110101100
0110000100001101
0011000000110011
1001010001011111
1110011010011001
0111000100010110
0000001010010110
1000111110000011
0001010111011001
0110110011010011
1101010000010100
1001110000111101
0100000010001011
0101010110100101
1010110111010000
1011101101110101
0110000010100011
0011000100011001
1001010011011111
1110010101001100
0111000001101001
0000001010000000
1000111101111101
0001010111110100
0110110100000000
1101001110111000
1001110010011010
0100000000110010
0101010110000011
1010110100110110
1011101111110001
0110000011000000
0011000010110011
1001010100111000
1110011010100110
0111000001000000
0000001011101001
1000111100100001
0001010110010111
0110110000101000
1101010010001111
1001110001000010
0100000011111001
0101010111011010
1010110011010111
1011101101000000
0110000011110010
0010111110011000
1001010100000011
1110010111101010
0111000000010111
0000001001101000
1000111100001110
0001010100000011
0110110001111001
1101010010010011
1001101110110000
0100000011111101
0101010100100000
1010110001111100
1011101110110001
0110000110010111
0010111111101000
1001010011111000
1110010111000011
0111000001100001
0000001000010100
1000111011100000
0001010010001001
0110110001001100
1101001110000010
1001110011110011
0100000101010010
0101011000111011
1010110011100010
1011101100110001
0110000100110000
0011000010100101
1001010010000001
1110010111001100
0111000011110000
0000001011100101
1000111100110100
0001010101001000
0110110010111001
1101010001001101
1001110100101101
0100000101010111
0101010110101110
1010110101011011
1011101110011111
0110000001110010
0010111101101000
1001010011000101
1110011000010111
0111000100001010
0000000111011110
1000111001111111
0001010100011100
0110110011101000
1101001101110001
1001110101000111
0100000011111100
0101010111001100
1010110100010011
1011101110011101
0110000110101100
0010111111001001
1001010010101101
1110011010101111
0111000010110110
0000001001000011
1000111101110101
0001010101100110
0110110000110010
1101001110101101
1001110100001000
0100000000010100
0101011001000000
1010110100101011
1011110000100101
0110000011111001
0010111111110010
1001010100001010
1110011001011101
0111000101010010
0000001001100110
1000111101010101
0001010100011100
0110110000010101
1101010001101000
1001110101011010
0100000010001101
0101010101110111
1010110100011101
1011101101100001
0110000011111001
0010111110110111
1001010101001001
1110010101111101
0111000000001000
0000001000001000
1000111010101101
0001010100100011
0110110010011111
1101001101110010
1001110101000110
0100000011001000
0101011000010101
1010110010110011
1011101111111100
0110000001010101
0010111101110111
1001010100100111
1110011101001101
0111000001110001
0000000101100010
1000111101101101
0001011000101011
0110110100011101
1101001111110000
1001110011101010
0100000101100111
0101010111001101
1010110101100001
1011101111010100
0110000110100010
0011000001011111
1001010010110111
1110011010010101
0111000010110001
0000000111101001
1000111101010000
0001010011011101
0110110001011010
1101010011001000
1001110101001001
0100000011011000
0101010111010110
1010110111001011
1011101111111100
0110000110001110
0011000011111101
1001010001100011
1110010111101111
0111000001110001
0000001000101000
1000111010001101
0001010101001000
0110110000011010
1101010000101110
1001110100101100
0100000011011110
0101010111101011
1010111000000001
1011101111011111
0110000010100110
0011000001000001
1001010101110000
1110011001111101
0111000010011110
0000001001111001
1000111110001011
0001010011010110
0110110000100101
1101001110000010
1001110010111001
0100000001010010
0101010010101011
1010110011000011
1011110000011011
0110000101011010
0011000000101000
1001010000111111
1110010110001010
0111000001011001
0000001001011101
1000111101110110
0001010110011011
0110110100000011
1101001111011001
1001110100001110
0100000011101011
0101010110110110
1010110110010110
1011101101110110
0110000100011100
0011000010011100
1001010010010000
1110011011001101
0111000010010011
0000000111100010
1000111000110001
0001010011110111
0110101111001000
1101001111111101
1001110001111010
0100000100011001
0101010111110000
1010110110010100
1011101111101000
0110000101001011
0011000010111010
1001010110011011
1110011000111011
0111000000100100
0000000101011011
1001000000011110
0001010110000011
0110110100101111
1101001100100110
1001110010101111
0011111111111101
0101010111000101
1010110010000010
1011101011010101
0110000110011000
0010111111001100
1001010010100111
1110010110010000
0110111110011110
0000001001000011
1000111100110100
0001010111011111
0110110001010100
1101010000011010
1001110100100101
0011111111011111
0101010101110011
1010110101010100
1011101101101011
0110000000111011
0011000000100001
1001010011110101
1110011000110110
0111000100100000
0000000111000000
1000111101100101
0001010111101110
0110110010100110
1101001100011110
1001110011011101
0100000000111011
0101010110111011
1010111000010101
1011101101110001
0110000011110011
0011000010011111
1001010100011100
1110011100000110
0110111111011001
0000001011001110
1000111101100101
0001010110001000
0110110010111100
1101001100001110
1001110100001100
0100000001110001
0101010111111011
1010110110011010
1011101101010001
0110000100010010
0010111110101010
1001010011111100
1110011011101011
0111000010011111
0000001000011000
1000110111101000
0001010110001111
0110110001010011
1101010000001011
1001110001000100
0100000001101101
0101010111101001
1010110101110010
1011110000001000
0110000011011000
0010111100011011
1001010110000111
1110011010010010
0111000001101000
0000001000011100
1000111101101000
0001010010111101
0110110101100101
1101010000011000
1001110000110001
0100000111110110
0101010011111000
1010110010011110
1011101011011101
0110000011111100
0011000010000100
1001001111111101
1110011001011110
0111000100101000
0000001000100001
1000111110001011
0001010100010010
0110110100000111
1101001101110010
1001110101110011
0100000010100001
0101010110001011
1010110101101110
1011101100110111
0110000011001011
0011000011101101
1001010000001101
1110011011000011
0111000001111101
0000001010111010
1000111000101001
0001010100010111
0110110101100001
1101010000101110
1001110011011100
0011111110001111
0101010111100100
1010110010110100
1011110000110110
0110000101001100
0010111101010011
1001010001001010
1110011100110110
0111000001001010
0000001001010100
1000111010100011
0001010110010111
0110110001010010
1101001110111001
1001110100100010
0100000100101100
0101010110000010
1010110010010010
1011101110111110
0110000010000010
0010111111111011
1001010010010111
1110011100100010
0111000011111011
0000001000101101
1000111011010010
0001010111011011
0110110001011111
1101001110101101
1001110001100100
0100000000011010
0101011000000010
1010110101000010
1011101110000110
0110000110110110
0011000001011000
1001001111101100
1110010111011100
0111000001001111
0000001001101110
1000111101100110
0001010110011110
0110110011110100
1101010010000000
1001110010000100
0100000101000101
0101010101110111
1010110110001100
1011101111001000
0110000101011110
0011000000001010
1001010010011100
1110011011000010
0111000100000000
0000001000100101
1001000000110111
0001011000100001
0110110001101001
1101010010010001
1001110001111100
0100000100111110
0101010110101000
1010110011100100
1011101111011101
0110000001101011
0010111110100010
1001010100000001
1110011110000111
0111000010101101
0000000111111000
1000111010011000
0001010111011001
0110110100101000
1101010001110010
1001110001010101
0100000100011011
0101010111011000
1010110011011110
1011101111110111
0110000010011110
0010111111011100
1001010101011100
1110011000001100
0111000001010011
0000001100000111
1000111011110010
0001010111001111
0110110100111001
1101010000010010
1001110010111100
0100000011111101
0101010011100110
1010110110111100
1011101100101100
0110000010000010
0010111111001000
1001010010110000
1110010101111101
0111000001100111
0000001000111000
1000111101010010
0001011000000011
0110110010110111
1101001101100000
1001110100000110
0100000111101001
0101011010000111
1010110001000100
1011110001011000
0110000100011001
0011000000001110
1001010001000001
1110010111111111
0111000000110010
0000001000001110
1000111100101111
0001010101110111
0110110000011101
1101010001101111
1001110010110011
0100000011111000
0101010110011100
1010110111010001
1011101111110011
0110000001100100
0011000000111111
1001010010101111
1110010111011001
0111000001110011
0000001010011110
1000111101110011
0001011000011111
0110110010100111
1101010001100010
1001110010101000
0100000110101101
0101010110110111
1010110101011010
1011101111101101
0110000011010001
0011000001001100
1001010011100100
1110010111110110
0111000010000000
0000001011101010
1000111001100001
0001010110100001
0110110011001101
1101001110111110
1001110011010011
0100000010110101
0101011000010001
1010111001000001
1011101101010110
0110000010110011
0010111110100010
1001001111101000
1110011010001111
0111000010000010
0000001010100100
1000111011001111
0001010100110111
0110110010101111
1101001110010110
1001110010111011
0100000001010100
0101010110000101
1010110100101110
1011110000011111
0110000100111011
0010111101100110
1001010111001000
1110011100000011
0111000010101111
0000000101010111
1000111001001010
0001011000001010
0110101111001000
1101010010001100
1001110010010101
0100000010010111
0101011001011101
1010110110010010
1011101100011101
0110000010000110
0011000000011100
1001010011011001
1110011001110111
0111000001111111
0000001000111100
1000111010100100
0001010010110111
0110110001001010
1101010010000100
1001110001111111
0100000001110010
0101011010000010
1010110111100000
1011110001010100
0110000111100000
0011000010001010
1001010000110011
1110010110110101
0111000000100110
0000001100000001
1000111001111000
0001010011111011
0110101111000110
1101010000110101
1001101101001101
0100000100100101
0101011000000100
1010110100011111
1011110000101000
0110000100100000
0011000011100000
1001010111001111
1110010110010011
0111000000000101
0000000111001101
1000111110110110
0001010100101010
0110110100011100
1101001111011100
1001110011111001
0100000100111110
0101010111001011
1010110011011110
1011110001101101
0110000010000111
0010111110100000
1001010100111010
1110011000110000
0110111111111111
0000001001110000
1000111011011000
0001010110101100
0110101111101100
1101001101101111
1001110011001111
0100000001001000
0101010101011100
1010110101010001
1011101010111010
0110000101010100
0011000000101101
1001010011010001
1110010110010101
0110111110100100
0000001000100001
1000111001101100
0001010110101110
0110110011110101
1101010001010100
1001110010001001
0100000101001101
0101011010011001
1010110011011011
1011101010101101
0110000010011100
0010111111011011
1001010011110000
1110010110101111
0111000000100111
0000001011010010
1000111010111110
0001011001111001
0110110010001111
1101010010011101
1001110011100110
0100000010101001
0101010111000111
1010110011000011
1011101100101100
0110000010001010
0010111111010001
1001010010011001
1110011010101001
0110111101111111
0000001011000100
1000111010011011
0001010100100101
0110110001111001
1101001101100110
1001110100010100
0100000000001000
0101010111001001
1010110101011001
1011101110110010
0110000100110010
0011000001010101
1001010010001001
1110010101100000
0111000010100100
0000000111000110
1000111100110110
0001010110101000
0110110000011110
1101010000000011
1001110100011001
0100000010000110
0101010110010001
1010110101010010
1011101110011110
0110000001111000
0010111111001001
1001010101000011
1110011001010000
0110111111001110
0000000110011011
1000111010100011
0001011000001101
0110110010111010
1101001111111111
1001110100000000
0100000101101001
0101010101000000
1010110100110100
1011101111011000
0110000010100110
0010111110110100
1001010011100001
1110011001110001
0111000000010001
0000001000111011
1000111110101100
0001010101010000
0110110100110011
1101001111100111
1001110011101111
0100000010000011
0101010110101010
1010110011011001
1011101011011010
0110000100101001
0011000010001110
1001010100001100
1110011000011111
0110111111101101
0000001000100000
1000111010010101
0001010111000111
0110110010000011
1101010000011010
1001110010010100
0100000001100011
0101010110011110
1010110101100000
1011101111111000
0101111111010110
0011000001101100
1001010010001001
1110010101001011
0110111111011110
0000000110110110
1000111111001101
0001010110110101
0110110001101100
1101001111011101
1001110001110001
0100000010010100
0101010110111111
1010110101000101
1011101111100000
0110000011100100
0010111110111001
1001010111011010
1110011000101100
0111000101011111
0000000110100001
1001000000010100
0001010111010001
0110110010011101
1101001101100100
1001101111110010
0100000000100100
0101010101011001
1010110011101110
1011101110000101
0110000010011011
0011000010100111
1001010010111001
1110010101101010
0111000010010111
0000000111001010
1000111101011010
0001010110011001
0110110011000001
1101010001000001
1001110110011010
0100000110000000
0101010110010111
1010110110011111
1011110000010110
0110000111011011
0011000000110011
1001010001111111
1110011001010100
0111000000011001
0000001000100001
1000111101101100
0001010010110111
0110110011000010
1101010000101100
1001110001101011
0100000001010011
0101011001010100
1010110110101101
1011101101100011
0110000111010100
0011000001100010
1001010011000100
1110010110100110
0111000001010110
0000001000001011
1000110110010101
0001010010100111
0110110010010100
1101001110110001
1001110010001011
0100000100100010
0101010101101111
1010110101101000
1011101111011111
0110000011011111
0010111110001000
1001010101101100
1110011001101100
0111000011001011
0000001001101011
1000111011100101
0001010101111101
0110110000111101
1101001101001100
1001110010110010
0100000011000010
0101010110110110
1010110100001000
1011101011101110
0110000000110100
0011000001101100
1001010010100111
1110011010111010
0111000100111111
0000000110111000
1000111100100110
0001010011101111
0110110010001100
1101001110000100
1001110000110110
0100000010100011
0101010110000011
1010110101101011
1011101111011100
0110000110101000
0011000000100011
1001010010010111
1110011001000111
0110111111110010
0000001011011001
1000111011010100
0001010110000100
0110110001000100
1101001111110110
1001110011101101
0011111110111111
0101011000011101
1010110010101110
1011101011011111
0110000000110101
0010111110010110
1001010011000011
1110010110010101
0111000000111100
0000000100011011
1000111100010001
0001010101101010
0110110000011100
1101001111110100
1001110011101100
0100000110010000
0101010110110100
1010110101101010
1011110001000101
0110000100101110
0011000000100010
1001010000101010
1110011001100010
0111000001110001
0000001100111010
1000111110101000
0001010100001001
0110110001100010
1101001110000011
1001110011000110
0100000111101100
0101010111101110
1010110011110000
1011101110110100
0110000101110101
0010111111110110
1001010001111110
1110011000111000
0111000000111111
0000001000011110
1000111110100010
0001010100011001
0110101111010000
1101010000000101
1001110001101110
0100000101101100
0101010101100111
1010110101000010
1011101110010011
0110000011001011
0011000001111010
1001010011001111
1110010101110001
0111000000011001
0000000110111110
1000111011010111
0001010010111000
0110110011000000
1101010000111011
1001110010101100
0100000000101001
0101010111010011
1010110100010011
1011101011010110
0110000100111000
0011000001011010
1001010100001110
1110011011101010
0111000011001010
0000000110101110
1000111101011001
0001010101101110
0110110000100000
1101010101010110
1001110010101001
0100000110001000
0101010010010100
1010110101101101
1011101111110101
0110000101000011
0011000001010111
1001010011011000
1110011000111000
0111000011100010
0000000110011101
1000111100110001
0001010101011111
0110110000111010
1101001011011011
1001110011001100
0100000011001000
0101010110001000
1010110100110011
1011101011001000
0110000110110101
0010111111110111
1001010010011110
1110010111101111
0110111110111100
0000001001110101
1000111101000010
0001010100000011
0110110000001010
1101010000111101
1001110110001110
0100000010010100
0101010101100001
1010110100000010
1011101011111101
0110000100001011
0010111101110100
1001010011110001
1110011010100111
0111000011000011
0000001010010000
1000111101010010
0001010111111011
0110110001010111
1101010000001011
1001110001000011
0100000010010011
0101010111011001
1010110100100001
1011101010111110
0110000101000100
0011000010100001
1001010011000000
1110011001010100
0111000101100000
0000001000001001
1001000000001101
0001010100100111
0110101111000011
1101010011010010
1001110010101010
0100000010101001
0101011001001000
1010110110011010
1011101101011001
0110000011011100
0010111101110110
1001010100111011
1110011000010111
0111000010100100
0000001011001001
1000111110000011
0001010010100111
0110110100001101
1101010000100110
1001110011111111
0100001000011101
0101011000101100
1010110000110111
1011101101011000
0110000000100110
0010111110111011
1001010011100100
1110010101011100
0111000000010000
0000001001010010
1000111010111101
0001010100001100
0110101111011010
1101010000010110
1001110001111011
0100000100110010
0101011010010011
1010111001111000
1011110001001111
0110000100100001
0011000000001100
1001010000111100
1110010111100010
0110111111101111
0000001011111010
1000111101010111
0001010010101100
0110110001101011
1101001100010110
1001110100100000
0100000010110011
0101011000110110
1010110101010101
1011101110010101
0110000000100101
0011000011101000
1001010100011100
1110011010010101
0111000011011011
0000001011000010
1000111101100001
0001010101011011
0110110000100011
1101010000000000
1001110011111010
0100000010110001
0101010110001101
1010110100101110
1011101111000001
0110000101011011
0010111101010011
1001010101101011
1110011000000110
0111000010000000
0000000110110111
1000111101011110
0001010110110111
0110110001101011
1101001111100111
1001110101110110
0100000011001111
0101011000000111
1010110100110010
1011101101101010
0110000011101111
0010111111010111
1001010100010101
1110011010001001
0111000000011000
0000001011000100
1000110111010000
0001010110101111
0110110101101101
1101010010000111
1001110001111000
0100000011010101
0101010011000101
1010110011000010
1011101100110011
0110000100110101
0011000001010010
1001010011010010
1110010111100010
0111000010101110
0000001000010111
1000111100011001
0001010011100001
0110110010111110
1101001111011010
1001110011000010
0100000101000011
0101011000100000
1010110101010010
1011101111110011
0110000011100000
0011000000101010
1001010101110111
1110010110100110
0111000001000011
0000001001010110
1000111011111101
0001010101011010
0110110010100000
1101010000010111
1001110010001010
0100000101000000
0101010111110110
1010110011110110
1011110000000010
0110000101101011
0011000000111110
1001010011011100
1110011001010011
0111000010011011
0000001000101000
1000111100101100
0001010111000011
0110101111011010
1101001111110101
1001110010011101
0100000011000101
0101010110011010
1010110110000000
1011101111001001
0110000000111100
0010111101101110
1001010110001000
1110010110110000
0111000011101101
0000001000101011
1000111100100101
0001010101111100
0110110011111000
1101001110100010
1001111000000111
0100000010011001
0101011000111100
1010111000011110
1011101101110110
0110000010011100
0011000010100010
1001010000110100
1110010111111001
0111000000110111
0000001000001101
1000111111001101
0001010010111110
0110101111110110
1101001111100101
1001110100100101
0100000000110100
0101010110000100
1010110101101101
1011101100110111
0101111111000010
0011000001010010
1001010000011111
1110010111001011
0111000011111101
0000001001111001
1000111011010000
0001010010001001
0110110000111000
1101010000000110
1001110011010111
0100000001110111
0101010101000000
1010110110010110
1011101111000111
0110000100001010
0011000100000111
1001010100010010
1110011100000110
0110111110000010
0000001101001010
1000111100100100
0001010101010101
0110110001011010
1101010000001111
1001110011101100
0100000001101000
0101010101011111
1010110100101011
1011101110110100
0110000011001011
0011000000111000
1001010100101000
1110010101110010
0111000011001001
0000001110011011
1000111101011110
0001010100110001
0110101100100100
1101010000000001
1001110111010101
0100000000110010
0101010110111011
1010110011000111
1011101011111101
0110000010111101
0011000001110100
1001010100111100
1110011010111101
0111000010100110
0000001000010010
1000111000010111
0001010101000100
0110110011101100
1101010001000111
1001110011001000
0100000011110110
0101010011010110
1010111001000100
1011101111111001
0101111111111111
0011000001100100
1001010111011110
1110011010011101
0110111111101101
0000001011000010
1000111101010010
0001010101000000
0110110011110000
1101001111100100
1001110100011100
0100000101100000
0101010101100101
1010110110000101
1011101011010100
0110000010011000
0010111110000111
1001010010111001
1110011010001000
0111000100010111
0000001000010010
1000111010110010
0001010110100110
0110110010101100
1101001111001011
1001101110000101
0011111111111011
0101011001100011
1010110101011110
1011101101000000
0110000011101000
0010111110010010
1001011001000010
1110011010111111
0111000011000111
0000000111011110
1000111110000001
0001010011110010
0110110011110011
1101010000000001
1001110010010000
0100000011110111
0101010111100011
1010110011111100
1011101111101101
0110000011100100
0010111111101110
1001010011010110
1110011010011001
0111000001010101
0000000111000111
1000111011101101
0001010011101111
0110110011111101
1101001111110010
1001101101010100
0100000001001001
0101010010110110
1010110110100111
1011101101000110
0110000100110101
0011000011001111
1001010010100110
1110011000111011
0111000001111001
0000001010011011
1000111100110101
0001010010010110
0110110000100010
1101001110100110
1001110101001100
0100000010000001
0101010111110010
1010110100001001
1011101011100101
0110000011101111
0011000011110011
1001010011100110
1110011001001010
0111000010010001
0000000101100110
1000111110101001
0001010111010100
0110110011001110
1101010000101110
1001110011101000
0100000100110110
0101010110111101
1010110110101000
1011101101001110
0110000101101001
0011000000001111
1001010110001100
1110011000000011
0111000100011100
0000000111000011
1000111010101011
0001010001100011
0110101100100111
1101010010100110
1001110011001110
0011111111111100
0101011001100010
1010110011100011
1011101111011000
0110000011101001
0010111111111011
1001010000011000
1110011100000010
0110111111111110
0000001011010111
1001000001000110
0001010111011001
0110110010011110
1101010000010001
1001110010101011
0100000101000011
0101010110101011
1010111000011000
1011101111011010
0110000010000010
0010111111110010
1001010001011011
1110011000101100
0111000010100011
0000000100101101
1000111011101111
0001011001011011
0110110000100010
1101001011000101
1001110001010011
0100000010101100
0101010111001011
1010111001101010
1011101100010100
0101111110100101
0011000001111000
1001010110100000
1110011000011000
0110111111111001
0000000101100100
1000110111000110
0001010101010010
0110110000000101
1101001111100101
1001110010010001
0100000010101111
0101011001010110
1010110101111111
1011101111111101
0110000101001010
0011000100100110
1001010100011101
1110011000110001
0110111101010011
0000001010100111
1000111100110110
0001010101100101
0110110000010100
1101001101001111
1001110011010111
0100000001000111
0101010111111010
1010110101010000
1011101011111001
0110000100111010
0011000000000011
1001010101001110
1110010111110110
0111000010000011
0000000111101111
1000111010011101
0001010110111010
0110101111101000
1101010010100001
1001110011001100
0100000011110111
0101010110100000
1010110010100011
1011101111010001
0110000101011100
0011000000110011
1001010010100010
1110010110110101
0111000011110101
0000001010011011
1000111110100001
0001010100101011
0110101111111111
1101010000111011
1001110110100001
0100000101010000
0101010110111001
1010110100011001
1011101100010100
0110000100101011
0010111100110011
1001010001111000
1110011010001010
0111000001100000
0000001010011001
1000111100111001
0001010111011001
0110110010011011
1101001111011010
1001110100100110
0100000000010011
0101010100001010
1010110011001010
1011101111010111
0110000011100110
0011000000001011
1001010001110110
1110010111110110
0111000001010011
0000001010010100
1000111101011000
0001010100110010
0110110000101001
1101001111100001
1001110001011100
0100000011111011
0101010101111001
1010110110010110
1011101110110010
0110000010110101
0011000000101110
1001010100110111
1110011001100101
0111000001110001
0000001000010000
1000111111111101
0001010100011001
0110101111110110
1101010000111111
1001110010100000
0100000010001110
0101010011110110
1010110001111000
1011101110000001
0110000010110011
0010111100011000
1001010001110001
1110011001011101
0111000000100111
0000000111001010
1000111101010011
0001010011010111
0110101111111101
1101001110010011
1001110100001101
0100000010000100
0101010110001010
1010110100100010
1011101111110110
0110000100000010
0011000000110110
1001010010000000
1110011010000011
0111000001010111
0000001010000011
1000111110101011
0001010011111110
0110110011100101
1101010000011010
1001110010110101
0100000001110110
0101010010000111
1010110010110111
1011110010001101
0110000001001111
0011000001001011
1001010100101111
1110010111110001
0111000011000001
0000001011001101
1000111100011010
0001010001000100
0110110011100111
1101001111100011
1001110001011111
0011111110101011
0101010011110000
1010110111100110
1011110001101101
0110000011010011
0010111110101011
1001010110101100
1110011010001110
0111000011111010
0000000110111000
1000111001011001
0001010011001001
0110110101000010
1101001111100001
1001110000011010
0100000100110010
0101011000110101
1010111001011110
1011110000100010
0110000100100110
0011000011000000
1001010011101010
1110011110010000
0111000110111010
0000000101010101
1000111011011000
0001010101000100
0110110010101010
1101001110101110
1001110011011000
0100000010010011
0101010110011110
1010110110001111
1011101110010011
0110000001110101
0011000000000111
1001010100010101
1110010111000011
0111000011111100
0000001010010111
1000111011100000
0001010101100010
0110110010111010
1101010000101010
1001110011001011
0011111111010001
0101011000001100
1010110011011000
1011101010110101
0110000111100100
0011000001001100
1001010011100100
1110011010011110
0110111111111110
0000001010010011
1000110111110100
0001010100101101
0110101111101111
1101001111111111
1001110000110110
0100000011010001
0101011000010000
1010110011110001
1011110000110110
0110000010000111
0011000001101000
1001010100000010
1110011000110001
0111000101110010
0000000110011000
1000111110101010
0001010101100100
0110110011001101
1101001101110111
1001110110100010
0100000010000001
0101010101111111
1010110110011010
1011101101100100
0110000111100000
0010111111100111
1001010000101010
1110011000000111
0111000010001101
0000001000110001
1000111100110011
0001010011111011
0110101110101010
1101010010010100
1001110011111011
0100000100111101
0101011000100100
1010110100010111
1011101101100001
0110000111010000
0011000010101001
1001010101010011
1110010111101010
0111000011001110
0000001000010110
1000111010000111
0001010100110110
0110110010000010
1101001110010011
1001110100011100
0100000010101110
0101010110010111
1010110010000000
1011101110001000
0110000101101010
0010111110011001
1001010011010000
1110011000101011
0111000001101011
0000001001111000
1000111011100111
0001010111000011
0110110001111010
1101001111001010
1001110011110011
0100000010110001
0101011000000010
1010110010110011
1011101111100111
0110000010101001
0011000011011001
1001001110110001
1110011010011110
0111000000100111
0000000110010000
1000111011111001
0001010101000001
0110110010010001
1101001110010001
1001110101000001
0100000101100001
0101010100100101
1010110100110000
1011101111001001
0110000110000101
0011000000100110
1001010111000001
1110011001000101
0111000011101010
0000000111100111
1000111000111000
0001010101000011
0110110010110000
1101001111110110
1001110100010101
0100000011010111
0101011000100111
1010110010001000
1011101100011010
0110000100010101
0010111111100110
1001010010011011
1110011001101000
0111000100110110
0000001011011111
1000111000000100
0001010101000111
0110110000011011
1101001110000110
1001110010110000
0100000010101011
0101010101101001
1010110101101000
1011101110110110
0110000101111111
0010111110000000
1001010001011111
1110010110110010
0111000101010110
0000001011000011
1000111010100110
0001010101110111
0110110011011011
1101001110110010
1001110010101100
0100000010001001
0101010111000101
1010110100111010
1011110101001000
0110000111111101
0011000101010011
1001010011000111
1110011000101100
0111000011000010
0000001000100000
1000111000011101
0001010100111100
0110110000011000
1101001100111100
1001110100000011
0100000011011101
0101010110000010
1010110110010110
1011101110001111
0110000000101101
0010111110110110
1001010101001110
1110011011010101
0110111111010011
0000000101111010
1000111100100010
0001010110001001
0110110010011100
1101001111111100
1001110001001100
0100000010111110
0101010100000100
1010110011100011
1011101011101111
0110000010111110
0010111101100010
1001010010100111
1110011011011100
0111000001110001
0000001011001010
1000111011110011
0001010110110111
0110110100110100
1101010000101001
1001110010011000
0100000100101001
0101010110000110
1010110110010101
1011101101101101
0110000011010100
0011000010100100
1001010010110101
1110011000111010
0111000010011010
0000001010001010
1000111100010011
0001010101001000
0110110000000111
1101001110100101
1001110011100000
0100000000111110
0101010111111001
1010110111000001
1011101100110001
0110000001111000
0010111111011111
1001010100000111
1110011001101001
0111000100101011
0000001001011111
1000111100000010
0001010011101100
0110101111100010
1101010001010011
1001101111101000
0100000100111101
0101011000110100
1010110101110000
1011101100100111
0110000100110001
0011000001101010
1001010010100101
1110010111101000
0111000011010010
0000001010000101
1000111100011010
0001011000010001
0110110100101011
1101001101011100
1001110100001010
0100000011100011
0101010101001011
1010110100111001
1011101101111010
0110000101111011
0011000000101001
1001010100001111
1110011010100001
0110111111010001
0000001000111110
1000111100111001
0001010111100100
0110101101111011
1101010000000111
1001110001111001
0100000101010111
0101010101011011
1010110101110111
1011101100110010
0110000100110110
0011000011100000
1001010100011010
1110011010001101
0111000010111111
0000001010001100
1000111001111111
0001010011000011
0110110101010111
1101010000010001
1001110000001010
0100000001010100
0101010110001011
1010110011110000
1011110000100011
0110000011101010
0011000000001100
1001010011110100
1110011000000010
0111000010011001
0000000111010010
1000111010111100
0001011000001100
0110110010101000
1101010001000011
1001110001101011
0100000100100001
0101010111111001
1010110011110001
1011110000110100
0110001001001101
0011000010010100
1001010100000001
1110010101111001
0111000010001001
0000001000001010
1000111110010110
0001010100110000
0110101111101001
1101010000101000
1001110100010001
0100000100110011
0101010111010011
1010110111010101
1011110001011110
0110000100101110
0011000001001011
1001010001001110
1110011011101001
0111000010000111
0000001010101000
1000111100001010
0001010100010000
0110110000000001
1101010010011110
1001110001011011
0100000101000011
0101010111100111
1010110111000010
1011110001010001
0110000011010101
0010111110111010
1001010011111100
1110011000101011
0111000000101100
0000001010011001
1000111010100000
0001010011110000
0110110001000101
1101010000110000
1001110010010000
0100000010110100
0101010110011000
1010110100011001
1011101101111010
0110000011000110
0011000011010001
1001010010101101
1110011011111110
0111000001101110
0000001001000101
1000111100100010
0001010011111011
0110110010110101
1101010100101101
1001110101000010
0100000001010100
0101010110100110
1010110110000101
1011101110111011
0110000101100101
0010111110111100
1001010101011100
1110011000111001
0110111111111111
0000001001001001
1000111010100111
0001010110010101
0110110000000111
1101001111011100
1001110001110110
0100000011000010
0101010101100101
1010110111001111
1011101110010011
0110000100001000
0011000001011111
1001010110000001
1110011000001111
0111000000101101
0000001010010000
1000111011100111
0001010100001110
0110110010001100
1101001111000001
1001101111110110
0100000001111011
0101010011110010
1010110001010101
1011101110101100
0110000101101101
0010111110010001
1001010001001110
1110011000011100
0111000011011101
0000001001101001
1000111101000011
0001010111010000
0110110000111000
1101010000011101
1001110010010011
0100000010100101
0101010110010110
1010110011111010
1011101110010101
0110000010100101
0011000001111111
1001010101011001
1110010111110100
0111000011001000
0000001011000010
1001000010010000
0001010011101100
0110110001000100
1101010010101000
1001110010000100
0100000010000110
0101010101011110
1010110111000100
1011110000000000
0110000011111100
0010111110010100
1001010101011001
1110010111011001
0110111111101000
0000001000101011
1000111110111110
0001010100100000
0110110011011100
1101001110010011
1001110000110111
0100000010110110
0101010111001110
1010111000100001
1011101110111001
0110000001100010
0011000010000011
1001010110100001
1110011010101101
0111000001011100
0000001100111010
1000111100110101
0001010111110000
0110110001000101
1101010000000110
1001110100101101
0100000011110101
0101011000111101
1010110110111101
1011101001010011
0110000011010001
0010111101111100
1001010011100011
1110011000010000
0111000000101110
0000001011010111
1000111001110111
0001010110110110
0110110001000101
1101001110100001
1001110011011010
0100000100100101
0101010110011110
1010110011100101
1011101111110001
0110000011100111
0010111111000011
1001010001101101
1110011010000010
0111000000101111
0000000101101000
1000111100011011
0001010011101110
0110101111000101
1101001101110000
1001110011111111
0011111111001010
0101010111110011
1010110101111010
1011101110010000
0110000011000010
0011000011001011
1001010101100011
1110010101101011
0111000001101110
0000000111110011
1000111000111010
0001010110010011
0110110010110001
1101001101001001
1001110100001111
0100000101000000
0101010110101001
1010110110101000
1011101101100010
0110000110101110
0011000000001111
1001010010010101
1110011000110010
0110111110110010
0000001010010000
1000111001100000
0001010110111111
0110101111010010
1101010001111110
1001110011011000
0100000000100001
0101010100110000
1010110100111010
1011101100011010
0110000111101001
0010111111011000
1001010010100010
1110011001010010
0111000001010001
0000001000101111
1000111000110001
0001010100011101
0110101110011101
1101001110100110
1001110010100100
0100000010010010
0101010110010010
1010110100110110
1011101111000000
0110000100101100
0010111111011100
1001010100000010
1110011011011101
0111000010101110
0000001010011010
1000111110010101
0001010101000011
0110110011001010
1101010000110110
1001110110101111
0100000011100100
0101011000000101
1010110011110110
1011101100101001
0110000010101101
0011000001010010
1001010111011101
1110011010001000
0111000100011111
0000001000110011
1000111011000011
0001010111100010
0110110010101110
1101010000000110
1001110001110011
0100000011111000
0101010110010101
1010111001010011
1011101111001001
0110000100101010
0011000100111100
1001010000101101
1110011001111110
0111000010011110
0000000110101110
1000111100111111
0001010110011011
0110101110101111
1101010000101101
1001110110011010
0100000001001011
0101011000100110
1010110101000101
1011101101010111
0110000100111100
0011000001110110
1001010100110001
1110011001010100
0111000001101111
0000001001011110
1000111001111101
0001010100010101
0110110010100011
1101001110010110
1001110100011000
0100000101101101
0101010100100001
1010110101010101
1011101100000000
0110000101110011
0011000000000001
1001010000011110
1110010111100010
0111000000111111
0000000111111010
1000111010111110
0001010101011110
0110110001011011
1101001110110011
1001101111101011
0100000010010010
0101011010110011
1010110101111000
1011101111000000
0110001000001001
0011000000110011
1001010110000111
1110010111000000
0111000000110011
0000001011111111
1000111100000101
0001010101001010
0110110001011010
1101001111101011
1001110001100100
0100000010011101
0101011000001101
1010110100010110
1011101110000110
0110000011100111
0010111101110111
1001010100111011
1110011010000100
0111000010010110
0000001001110000
1000111100000110
0001010101011111
0110110011011101
1101010001100001
1001110011001000
0100000101110011
0101011010110111
1010110011111110
1011101001100110
0110000110010001
0010111111010110
1001010100010010
1110011011000001
0111000011100001
0000001000101110
1000111010001101
0001010100011011
0110110100000000
1101010000100110
1001110010010010
0100000011010110
0101011101000100
1010110010111110
1011101110100010
0110000001111000
0010111110111101
1001010011111111
1110011000001001
0111000110110011
0000001001000110
1000111011111000
0001010111001101
0110101111101100
1101010001010110
1001110001010101
0100000101001000
0101010110001010
1010110011011011
1011101101110100
0110000101001110
0010111111001000
1001010100100110
1110010111100110
0111000011000111
0000001010100001
1000111001110111
0001010001101001
0110110000010010
1101010001011101
1001110100111001
0100000000000101
0101011001110000
1010110101010011
1011101111110100
0110000000101101
0010111110000010
1001010010001011
1110010111111110
0111000001111000
0000001000010101
1000111110111011
0001010111001001
0110110001001010
1101010010011000
1001110010010101
0100000010001001
0101010111001100
1010110101010011
1011101011110101
0110000101001111
0011000011000010
1001010011110111
1110011010001000
0111000001110010
0000001101000100
1000111011010110
0001010100110011
0110110010000100
1101010001001000
1001110100001101
0100001000001110
0101010111011001
1010110011111100
1011101101000110
0110000100000111
0010111111000111
1001010001011110
1110010110111111
0111000001001100
0000000111011101
1000111011100100
0001010100100110
0110110011011111
1101001101110110
1001110001100010
0100000010011100
0101010110101000
1010110111011101
1011101010101011
0110000101000011
0011000000011101
1001010101000101
1110011010001000
0110111111011110
0000001010000110
1000111110010110
0001010100101001
0110110010100100
1101001111101000
1001110010010100
0100000100100101
0101010111000100
1010110100010011
1011101011100100
0110000100111101
0011000000101100
1001011000100011
1110011001011010
0111000101001010
0000001011101011
1000111111101110
0001010111000110
0110110000011101
1101001100111100
1001110100010011
0100000000001001
0101011000110011
1010110110001110
1011110000111000
0110000100101010
0011000010010010
1001010101111100
1110010101101011
0111000100010011
0000001001000100
1000111101101110
0001010100110000
0110110011100111
1101010001110011
1001110010100100
0100000011010110
0101010100110010
1010110011011000
1011101111000111
0110000111011011
0011000010101010
1001010001011111
1110010101101010
0111000011001110
0000001001101101
1000111110001011
0001010100000000
0110110010101101
1101010000011101
1001110011011000
0100000101100001
0101010110011010
1010110010010111
1011101111101011
0110000110011011
0011000010000110
1001010010111011
1110011001111010
0110111111110110
0000001010101000
1000111010110011
0001010011111111
0110101110111111
1101001101001000
1001110010111110
0100000010111100
0101010110101011
1010110111001110
1011101111001100
0110000001000101
0011000011010001
1001010100011111
1110011011010000
0111000001110110
0000001001000100
1000111110010101
0001010100111011
0110101110111100
1101010001000010
1001110011001101
0011111111110010
0101010101111111
1010110111011111
1011101111010000
0110000011100101
0011000001000100
1001010100000101
1110011001010010
0111000010010011
0000001100000101
1001000000001000
0001010100001110
0110110010110100
1101010000111111
1001110011111011
0100000010110001
0101010010001001
1010110100110000
1011101101111111
0110000100110001
0010111111100110
1001010001010011
1110011001100111
0111000010101110
0000001000110110
1000111011100010
0001010100001110
0110101110000010
1101010001101001
1001110001011100
0100000011111000
0101010111101111
1010110101010111
1011101101100001
0110000010101100
0011000010010000
1001010100000011
1110011000110000
0110111111100000
0000001000111110
1000111011000101
0001010011111010
0110110001110101
1101010101000010
1001110001011010
0100000010011100
0101010101111001
1010110110000011
1011101101110011
0110000011000001
0011000000111010
1001010010101001
1110011001010001
0111000010010100
0000000110110010
1000111011111001
0001011000010001
0110101101010111
1101001111110101
1001110011011110
0100000000011010
0101010111001101
1010110110011011
1011101011101000
0110000100010011
0010111111100011
1001010000111100
1110011001100100
0111000000011100
0000000111111110
1000111101100101
0001010101010000
0110101111110001
1101001111110101
1001110010001010
0100000110001001
0101010111010011
1010110101100111
1011101100011011
0110000100001000
0011000000000001
1001010111001111
1110011011011000
0111000000101000
0000001000001101
1000111101010000
0001010101001101
0110101111000001
1101010000101110
1001110010101000
0100000000100100
0101010011011100
1010110101110111
1011101011001101
0110000100010010
0010111111101110
1001010011110110
1110010110011011
0111000010011101
0000001010010011
1000111110001011
0001010101000011
0110110001000111
1101001111111111
1001110100110010
0100000010101001
0101011001001001
1010110100000101
1011101100110000
0110000011100100
0011000100001011
