0000000000000000
1111111101001110
0010001010100100
0000010010000010
0000111010101011
1110001000000100
0010110001110000
1100011101011100
0100000000001100
1011011111010000
0100110001001100
1011001100011100
0100100010111011
1011110101101011
0011100110100010
1101001010011011
0010000010101011
1110111001000000
0000001001010001
0000111100011111
1110001010101100
0010101100101000
1100100001011101
0100000100000001
1011011101011011
0100101011101001
1011001110101001
0100011111110001
1011110111100111
0011101001011111
1101001100001011
0001111100011000
1110111001001010
0000000101110100
0000111010000111
1110001010010001
0010101101000010
1100011111111101
0100000100000011
1011011110100101
0100110000010010
1011010000100110
0100011110110100
1011110111100011
0011100100011010
1101001100100111
0010000011111111
1110111100101110
0000000101111001
0000111001010100
1110000101111100
0010101010111010
1100100110111000
0100000000111000
1011011101101101
0100110001101110
1011010001101111
0100100001001000
1011110101111000
0011011111001001
1101000111010111
0001111100110100
1110111010111101
0000000111011101
0000111011010110
1110001000010000
0010110000110111
1100100001001000
0100000110110110
1011100010011011
0100101011100011
1011010101000010
0100100011010101
1011111001111001
0011101001110010
1101001001011100
0010000010101001
1111000001000011
0000000100111100
0000111000100111
1110001001111110
0010110001101100
1100100010111001
0100001001000000
1011100010110101
0100101110100001
1011010000110101
0100100010101110
1011111001010111
0011100011011111
1101001010100010
0010000101000100
1110111000010100
0000001001100101
0000111010001010
1110001011110010
0010101011011010
1100100011101100
0100000001001001
1011100001011110
0100101110100001
1011010010100001
0100100000101001
1011111010100111
0011100001101101
1101001001100011
0001111101101100
1110110110000111
0000000110011001
0000110111011011
1110001000010110
0010101011000111
1100011111111000
0100000101011100
1011100100111001
0100101100110110
1011010010110011
0100100010011111
1011110011010000
0011100011011111
1101001010100101
0001111111110110
1110111000001011
0000000100101001
0000110101100011
1110001100000000
0010101010100010
1100100001101011
0011111110111000
1011100010001001
0100101101110011
1011010000110010
0100100011101000
1011110110110011
0011101000010100
1101001010110011
0010000001000100
1110111011101110
0000000110001010
0000111001101001
1110001000111100
0010101011101010
1100100010010100
0100000001110001
1011011111101111
0100110001001000
1011010001000110
0100100011010111
1011111001110101
0011101001000010
1101001011010110
0001111011111111
1110111011010100
0000000101100010
0000111001011111
1110001001001001
0010101001101001
1100100001111100
0011111110010100
1011100001101101
0100101111111101
1011010000001111
0100100010000110
1011110111110110
0011100010110110
1101001010001001
0010000010110010
1110110111111100
0000000101000100
0000111010010111
1110000111000010
0010101011100110
1100100001001101
0011111111110101
1011100000110110
0100101110111100
1011010001100101
0100100011100001
1011111010100100
0011100011110101
1101000111111111
0010000001001011
1110111010011110
0000000100101001
0000110111101001
1110001011001010
0010101111110000
1100011101111110
0100000010000111
1011011111111100
0100101010110100
1011001100111100
0100100100100110
1011110111110101
0011100110100101
1101000110101000
0010000100100010
1110111000111001
0000000110100111
0000111001010001
1110001011001100
0010101110001111
1100100001000100
0100000000110110
1011100001010110
0100110000010000
1011010000100101
0100011111000011
1011110011101100
0011100100101100
1101001011001110
0001111111001000
1110111011110101
0000000011011000
0000111011011101
1110001000010101
0010101110110110
1100100110010010
0100000100011000
1011011110100001
0100110011110000
1011010100000101
0100100010110010
1011111000001010
0011100111010111
1101001001110001
0001111110111011
1110111001000001
0000000100101111
0000111001000110
1110000110011100
0010101101100000
1100011110011001
0100000001100011
1011100011010101
0100101111100010
1011010010110011
0100100110010111
1011110111001111
0011100011000100
1101000110011000
0010000000110101
1110111101101011
0000000111000000
0000110111000111
1110001001000111
0010101011111010
1100100110000001
0100000000000010
1011011111001110
0100110000101100
1011010001111101
0100011111101110
1011110010010110
0011100100010110
1101000101011111
0001111101101110
1110111011001101
0000000101010110
0000110110111100
1110001001010111
0010101100000010
1100100101100111
0100000000001101
1011100001110101
0100101100100101
1011010000000101
0100100000011000
1011110011101011
0011100010100000
1101001001110110
0001111111110110
1110111000111010
0000000110010010
0000111001010100
1110000110001110
0010101101010101
1100100010010100
0100000100001001
1011100101101100
0100101110000110
1011001100111011
0100100000111011
1011111001001101
0011100011010000
1101000110011110
0001111110110101
1110111101111010
0000001010111010
0000111000110011
1110000111001101
0010101110011000
1100100000001111
0100001000010111
1011100101010010
0100110000001001
1011001111100111
0100100000010011
1011110111101001
0011101010010011
1101000100000110
0001111010001100
1110111111100001
0000000101000011
0000111000101100
1110001010001001
0010101101100000
1100100011111000
0100000001001111
1011100001001111
0100101111110010
1011010101111110
0100011111010011
1011110111110000
0011100101100011
1101000111101011
0001111010110100
1110111101111010
0000000111001110
0000111010101011
1110001110101110
0010101010101111
1100011101010000
0100000101010101
1011100011010100
0100101000111110
1011010010010011
0100100011000101
1011110101100010
0011100111110001
1101001001110011
0001111111011101
1110111001101010
0000001001111001
0000111000110101
1110001011010010
0010101001101000
1100100000110011
0100000001111100
1011100001001111
0100101011011111
1011010010111010
0100011110001110
1011110101010010
0011100011100101
1101001001010101
0010000010100001
1110110111011010
0000000011111100
0000110101001100
1110001001010100
0010100111110001
1100011110101111
0100000100100000
1011100010110011
0100101011111010
1011010010011011
0100100001011011
1011111010011101
0011100100100000
1101000110000110
0010000001001010
1110111010110010
0000000101110000
0000111000111101
1110001101101101
0010101110101000
1100100100100111
0011111110010111
1011011011100010
0100101100101001
1011010010001001
0100100101010011
1011110101011100
0011101000101010
1101001000010111
0010000000101101
1110111101001101
0000000110011011
0000111010111000
1110001011101100
0010110000100111
1100100000110011
0100000101000000
1011100000111110
0100101111000100
1011010111101101
0100100010000010
1011110010000000
0011100110100001
1101000111101000
0010000011001111
1110111001101101
0000000100010100
0000110100001100
1110000111100010
0010101011111111
1100100001100001
0100000101110001
1011100100101011
0100101101001100
1011010010101110
0100100101011011
1011110100101011
0011100110001111
1101001001111001
0001111100001010
1110111101001001
0000000011001100
0000110110110100
1110001100111000
0010101110000100
1100100110111001
0100000100100101
1011100010000100
0100101011010010
1011001101000011
0100100010111011
1011110100010001
0011100011100110
1101001010101001
0010000000111000
1110111101011010
0000000110010101
0000111011010111
1110000101101111
0010101100001010
1100100000110111
0100000010100001
1011011110110101
0100101110101101
1011010100000111
0100100100110101
1011110110001100
0011100010000011
1101001010100000
0001111110100101
1110111000110110
0000000101000011
0000111000010011
1110001011010101
0010101110100101
1100100001010100
0100000011101000
1011100000100011
0100101101101010
1011001111101101
0100100010101000
1011110010000100
0011100100010100
1101001000001011
0010000000111001
1110111011010101
0000001010001001
0000110100100110
1110001000111100
0010101010111001
1100011100111100
0100000101001000
1011100011011100
0100101001010001
1011001101000101
0100011100101001
1011110011110111
0011100100010111
1101001011100100
0010000011000010
1110111011100100
0000001010110001
0000110101101000
1110001000100111
0010101110010001
1100100011101100
0100000000001100
1011100100010101
0100110000111111
1011010101100110
0100100001000001
1011110001000010
0011100111011110
1101000111100000
0001111100001010
1110111010011110
0000000110111110
0000110101001111
1110001100110000
0010101011011111
1100100010110010
0100000001101000
1011011111100101
0100101010111100
1011010110000000
0100100001011100
1011111001110001
0011100001001110
1101000110011000
0010000010001000
1110111100000111
0000000111011100
0000110110001101
1110001110011100
0010101011001111
1100011110001001
0100000000000101
1011100001111110
0100101010101111
1011010000111010
0100100010011100
1011111000010110
0011100101010011
1101001000000010
0001111111101001
1110111011110101
0000000100011011
0000111011101100
1110001100100100
0010101101010110
1100011111101100
0100000001101000
1011100001010111
0100101010011111
1011010001100101
0100100010000000
1011110101010001
0011100110011011
1101001001011000
0010000000101001
1110111001100111
0000000000110111
0000111000011011
1110001000001000
0010101100000111
1100100000100000
0011111111110111
1011100011000000
0100101110110111
1011001111111101
0100100011000111
1011110110101110
0011100101001001
1101001001101111
0001111111000000
1110111100101100
0000000011101010
0000110111101111
1110000111111101
0010101110010101
1100011011110101
0100000011011001
1011100010000110
0100101011001011
1011010001001001
0100100101010011
1011110100001110
0011100100111001
1101000101100101
0001111100101100
1110111001101100
0000000101000010
0000111011001000
1110001011001011
0010101100010011
1100100011001000
0100000011011101
1011100101000100
0100100111111011
1011010001110100
0100100101010001
1011110111011110
0011100111011000
1101000110101111
0010000001001111
1110110110101111
0000000110010011
0000111011001110
1110001010100101
0010101110110110
1100100111100100
0100000110001010
1011100001111110
0100101100111000
1011010001110011
0100100001010101
1011110110110111
0011100111101111
1101001110010000
0001111110111011
1110111110101100
0000000111000100
0000111001111111
1110001001110000
0010101011111110
1100100010000000
0100000101110000
1011100010000011
0100101000110000
1011010101000000
0100100001101011
1011110100000110
0011100011100011
1101000110001011
0001111101010001
1110111101100110
0000000111010100
0000111001100000
1110001011011110
0010101011101101
1100100001001101
0100000100110001
1011011111100000
0100101100110101
1011001110110110
0100011110000110
1011111001010000
0011100111011011
1101001011010110
0010000100101110
1110111110011000
0000000111101010
0000111000011101
1110001011001101
0010101101010011
1100100001100100
0100000100101110
1011011110001100
0100101111011101
1011010100101110
0100100010001111
1011110101110101
0011100001000010
1101000110111111
0001111110001010
1110111001110111
0000001010100001
0000111011100010
1110000110011100
0010101010010010
1100100000010101
0100000010110000
1011100010110100
0100101100110111
1011010000100000
0100100000100001
1011110101111010
0011100001000010
1101001000100000
0010000100010110
1110111111110101
0000000101010010
0000111010100100
1110001100001111
0010101100100011
1100100100000000
0100000100100111
1011100011101001
0100110000010000
1011010010010011
0100100011011110
1011111000100101
0011100101101101
1101001000110100
0010000001000010
1110111100111011
0000001000001101
0000110111010010
1110001010111100
0010101101110100
1100100101100100
0100000000111100
1011100000000111
0100101100011110
1011010100011000
0100100011011001
1011111000001010
0011100101101110
1101000110110101
0010000100011101
1110111101010111
0000000100001101
0000110110010000
1110001110011001
0010101110100100
1100100010100000
0100000001001110
1011100010001111
0100101110100100
1011010000010001
0100011100101001
1011110001100000
0011011111010001
1101001001001010
0010000010100000
1110111011111001
0000001001101001
0000111001011101
1110001001100110
0010101011001010
1100100101101110
0100000010100111
1011100000101110
0100110001001000
1011010010110101
0100011111110101
1011110101000001
0011101001100111
1101000111000000
0001111101100001
1110111001111000
0000000100000110
0000110110010001
1110001110010101
0010101110001110
1100100010010110
0100000110101111
1011100011100111
0100101100011101
1011001111010011
0100100100001111
1011110110010111
0011100011100101
1101001001111111
0010000001001000
1110111100000001
0000001010011111
0000110110011101
1110000111110001
0010101111110010
1100100001111010
0100000001010110
1011100000001000
0100101110100010
1011001101101110
0100100010111101
1011110111011010
0011101011010000
1101001100001000
0010000001101010
1110111100100110
0000001000110111
0000111010111010
1110001101011100
0010101011100100
1100100011110101
0100000000111110
1011100000111000
0100101000011110
1011010101110011
0100100110100100
1011110101101010
0011100111010110
1101001011111110
0010000000111001
1110111100011000
0000000101101001
0000110111001001
1110001000000001
0010101011101011
1100100010101110
0100000011010010
1011100100000000
0100101010101101
1011010000100001
0100100001001001
1011110110010111
0011100100111111
1101001011000001
0001111111000110
1110111110110011
0000000111111010
0000111001010010
1110001110010110
0010101101000011
1100100000110010
0100000100011001
1011100001101110
0100101101011000
1011010001010001
0100100010101111
1011110111011110
0011100010100011
1101001010100010
0001111101001110
1110111110001010
0000000101010001
0000111010000101
1110000111111111
0010101100001000
1100100011010011
0011111110111000
1011011111101111
0100101011010101
1011010001011010
0100100000000011
1011110101101100
0011100010001101
1101001000000011
0010000010000111
1110111010111101
0000000110011001
0000111001010101
1110001010110111
0010101000100001
1100100010110000
0100000001010000
1011100000010101
0100101011000101
1011010101010001
0100100001100011
1011110011100100
0011101000111000
1101001101101010
0001111110001100
1110110111101010
0000000111001110
0000111000111100
1110001100010001
0010100110101111
1100011110110000
0100000010000001
1011011110011110
0100101011001010
1011010000111101
0100100100001101
1011110100000101
0011100111011101
1101000111111011
0010000011100100
1110110111000110
0000000110110011
0000111011000011
1110001010001101
0010101001010010
1100011111010001
0100000100100110
1011011111011101
0100101111110100
1011010010111110
0100100000100111
1011110101011100
0011100101111110
1101000111100000
0010000100101001
1110111010000101
0000000101100010
0000111010000000
1110001001000111
0010101010010010
1100100100011000
0100000001011111
1011100001000001
0100101101010100
1011010100101101
0100100001100011
1011110101010000
0011100010000000
1101001001000011
0010000011101001
1110111000011111
0000001000111111
0000111010011101
1110001000100010
0010101000010100
1100100011010110
0011111111110010
1011011101010110
0100101101100000
1011010000011110
0100100000110111
1011101111101011
0011100110101001
1101000100111000
0010000000010101
1110111100111101
0000000010101110
0000111000111101
1110001010001010
0010101100001101
1100100010111011
0100000010110000
1011011111111100
0100110010010011
1011010101100000
0100100001111110
1011110011111100
0011100100101000
1101001010100010
0010000011001011
1110110110010000
0000000100000100
0000111000001110
1110001100101110
0010110100100110
1100100001101100
0100000001110110
1011100010010010
0100101101110110
1011010101000000
0100100000111111
1011111000111011
0011100100101000
1101001000011100
0010000010011000
1110111100101100
0000000101111101
0000110111100010
1110001001001011
0010101110101111
1100011101111110
0011111110100110
1011011010111100
0100101001101100
1011010001001101
0100100010111110
1011111001100111
0011100101110101
1101000110100101
0001111110110100
1110111100011010
0000000111001011
0000111011000010
1110000110010110
0010101101110011
1100101000001111
0100000110101010
1011100001111001
0100101010101101
1011010010001101
0100100010111001
1011110111110000
0011100111011011
1101000101101010
0010000101110001
1110111001010101
0000000111000000
0000110111100000
1110001000100010
0010101111001100
1100011111101100
0100000100100101
1011011110011100
0100110001110101
1011010100111010
0100100010010111
1011111001001011
0011100011001111
1101000101011011
0001111101010010
1110111101111111
0000000001100010
0000110111001011
1110001000010100
0010101001001101
1100100001001011
0100000101000000
1011100100101111
0100101101001101
1011001101110011
0100100001110100
1011110111000111
0011100101110001
1101000111001111
0001111111100111
1110111100101101
0000000110110011
0000110111000110
1110001101001111
0010101011111010
1100100000010110
0100000100110100
1011100100101100
0100101001100101
1011010000110100
0100011110100010
1011111010101011
0011100110010001
1101001010101011
0001111110111011
1110111011111100
0000000011111001
0000110111010101
1110001111001100
0010110001100000
1100100101100001
0100000011010010
1011100011101000
0100101010001000
1011010001011010
0100100100001001
1011110010001100
0011100101010010
1101000110100100
0001111111111111
1110110011100000
0000001100011000
0000110101011000
1110001010111111
0010101101010011
1100100110011001
0011111111101101
1011100011000000
0100101011101110
1011010100000111
0100100011000100
1011110100001100
0011100101010000
1101000111000001
0010000010101111
1110111011111010
0000000011110111
0000111000111110
1110010001110010
0010101101110101
1100011110010110
0100000000101000
1011100011011010
0100101111010101
1011001111111100
0100011101111100
1011110110011011
0011100011011100
1101001011100000
0001111101000111
1110111001101000
0000001001111101
0000111001010100
1110001001100100
0010101100011100
1100100001101111
0100000100101000
1011100100010000
0100101111010010
1011010000101011
0100011111100101
1011110110011001
0011100001011001
1101001010001000
0010000100010100
1110111100101111
0000001010111100
0000110111001101
1110001001000101
0010101011110111
1100011100110000
0100000100000001
1011100001010110
0100100101101001
1011010110100101
0100100001100111
1011110101001110
0011100011000001
1101000110001100
0010000001100101
1110111100110001
0000000011111110
0000111011100100
1110001000100101
0010101101110000
1100101010000101
0011111111011000
1011011111000000
0100110000000010
1011010100010110
0100011111100010
1011110101011110
0011011111111000
1101001000011010
0001111111100000
1110110101100010
0000000110000101
0000111100000000
1110001001100111
0010101010110110
1100100110010001
0100000011111001
1011100001111110
0100110000100100
1011001110010001
0100100000101111
1011110110011101
0011100111001011
1101000111110000
0001111110001101
1110111001011111
0000000011011101
0000111001001001
1110000111000001
0010101111001100
1100100010011010
0100000000111111
1011100001001000
0100110001110011
1011010011110011
0100100011000111
1011111000010011
0011100101001000
1101000011110111
0010000001110010
1110110110111010
0000000101110110
0000111011110101
1110001001001011
0010101101111000
1100100100010000
0100000011011000
1011011101011101
0100101011000010
1011010001110101
0100100011001011
1011110101111011
0011100011111110
1101001001011100
0010000001100001
1110111010110000
0000000110101111
0000111010000011
1110000111100110
0010101010011000
1100100011001011
0100000011101111
1011100001100111
0100101011000101
1011010010101100
0100011101100011
1011101111111100
0011101001100010
1101000111101111
0001111111010011
1110111010011110
0000000100101010
0000110111011000
1110000110110111
0010101010101001
1100100100010111
0100000010111100
1011011101011010
0100101010111100
1011010100100101
0100011111101001
1011111001111101
0011100100111110
1101000110001001
0010000011011010
1110111001000101
0000000111011101
0000111010000100
1110001110110101
0010101111110010
1100100011110011
0100000100010110
1011100101111100
0100101100011111
1011001111101001
0100100110000111
1011110100111000
0011100101101100
1101001000101001
0010000010011100
1110111010011101
0000001000110111
0000110111011001
1110001001101011
0010110001011011
1100100001111010
0100000110101100
1011100100001110
0100101000001011
1011001101011010
0100100111001011
1011111010111100
0011100111111011
1101001010101001
0001111100010001
1110111100010111
0000000111011011
0000111010110111
1110001000011001
0010101110011100
1100100011011010
0100000000001111
1011100010010010
0100101100111111
1011010010000110
0100100101000001
1011110011101101
0011100011101011
1101000111101000
0010000001110111
1110111011010101
0000001001110111
0000111010010101
1110001000001011
0010101011000001
1100100011010110
0100000001011001
1011100011110110
0100110000111010
1011010100011010
0100100000100001
1011110100011111
0011100100101001
1101001001100111
0010000001000110
1110111100110110
0000000110101100
0000111000010111
1110001000100100
0010101110011110
1100100010010111
0100000011001100
1011100000011001
0100101011000010
1011010010010010
0100011111110001
1011110110000100
0011100101110011
1101001001101011
0010000100011010
1110110110111000
0000001000011111
0000110101011010
1110001001101000
0010101100010100
1100100010110011
0100000101111110
1011011110010000
0100101001110000
1011010010111101
0100100011010110
1011110100111101
0011101001101100
1101000111010111
0010000100010100
1110111011011001
0000001001001011
0000111011000111
1110001100001111
0010101011011110
1100100010100111
0100000001111001
1011100110001010
0100101001000111
1011010010000001
0100011101111000
1011110101000011
0011101000100111
1101001000111010
0010000100000010
1110111110101110
0000000100111111
0000110100011111
1110001000101110
0010101101010001
1100100001111111
0011111111111111
1011100000001111
0100101100001100
1011010010001101
0100101001001010
1011110111010000
0011100000110111
1101000110000111
0010000010000010
1110111001000111
0000000100001101
0000111100101110
1110001010100110
0010101101100101
1100100101010110
0100000011111110
1011100011000011
0100101011001001
1011010110100111
0100011110101100
1011110111110111
0011100110011110
1101001010011011
0010000011001000
1110111001110100
0000001000110010
0000111001001100
1110001001010110
0010101111110010
1100100101010101
0100000101101000
1011011110100000
0100101011001010
1011010000111101
0100100100001100
1011110011001110
0011100010001000
1101001100011111
0001111101110011
1110111000011101
0000001000110111
0000111000100011
1110001001011011
0010101001011101
1100100000111101
0100000010000010
1011011110001010
0100101101001000
1011010011000100
0100100100001111
1011110111001110
0011100101010000
1101001101011101
0001111111000110
1110111101010011
0000000110101001
0000110101101101
1110000100111010
0010101100011001
1100100011111011
0100000001101011
1011100001111110
0100101111000010
1011010001100010
0100100000100010
1011110101001111
0011100110010100
1101000101110111
0001111101001010
1110111100000110
0000000011111110
0000111010100000
1110000110011100
0010101110011011
1100100000010110
0011111110011111
1011011111110001
0100101110111110
1011010001000000
0100100101000110
1011110011010111
0011100111001010
1101000111100010
0010000000001101
1110111010101100
0000000111010000
0000111011001010
1110001011001000
0010101100001100
1100100100010001
0100000011111001
1011100011101111
0100110010000110
1011001010100001
0100100100111101
1011110011111111
0011100100111000
1101000100100100
0010000101010001
1110111011110001
0000001010101100
0000111101100001
1110000111010001
0010101101101011
1100011111101101
0100000000001101
1011100100101001
0100101010010100
1011010010110011
0100100100111011
1011110110011010
0011101000001000
1101001010011001
0010000010110101
1110111000000010
0000001000001111
0000111000100011
1110001101111001
0010101111010001
1100100100110100
0100000001010010
1011100001000011
0100101101101110
1011001101101101
0100100001111111
1011110100011010
0011101000010110
1101000100010101
0010000011111101
1110111110010101
0000000110100110
0000111001100100
1110001011000010
0010101100011000
1100100010111111
0100000001111100
1011011111110101
0100101111000100
1011010010010110
0100100001110100
1011111010101001
0011100101000000
1101001010001000
0010000011110010
1110111011111001
0000000100111101
0000111001011011
1110001001100101
0010101100001000
1100011111010111
0100000011111011
1011011111100101
0100110001001100
1011010000000101
0100100100011110
1011110101110110
0011101000010101
1101001010010010
0001111110110111
1110111001000000
0000000101110111
0000111001010110
1110001010100101
0010101101001111
1100100100000010
0100000000110111
1011100001101111
0100101101000001
1011010100000001
0100100101001010
1011111011101011
0011100110000111
1101000011011110
0010000100010001
1110111110001010
0000000010010010
0000111011100001
1110001010000001
0010110000111000
1100100011010100
0100000110101101
1011011111010011
0100101010011101
1011010000000011
0100100011000110
1011110001000010
0011100101100000
1101000100110101
0001111110011011
1110111011101011
0000000110110000
0000111010010010
1110001001001110
0010101010111000
1100100101010001
0100000010100100
1011011110110010
0100101100110110
1011010010110010
0100100111001001
1011110111000011
0011100111110000
1101000111011000
0010000001010100
1110111001111010
0000001000001100
0000111101001110
1110001010000000
0010101100110101
1100100101001001
0100000011001110
1011100000111001
0100101110001011
1011010010100000
0100100000010100
1011110100101001
0011100110011000
1101001001001110
0001111111000111
1111000001111110
0000000100111010
0000110110111010
1110001001110111
0010101101010011
1100100001010111
0100000001000010
1011100100101010
0100101010100101
1011010110101110
0100100000011110
1011111000110010
0011100110100111
1101000100110001
0001111111111110
1110111111111111
0000000000110001
0000110111111000
1110001001010011
0010101100110011
1100100101101000
0100000100100001
1011100000111100
0100110000000100
1011001111101110
0100100101000010
1011110101110111
0011101000001000
1101000111010011
0010000001111111
1110111100110101
0000001010100101
0000111001011010
1110001010101011
0010110010001001
1100011101011111
0100000010010101
1011100001100001
0100101100100100
1011010011000100
0100100010110001
1011110101110110
0011100010011111
1101001000111011
0010000100100011
1110111101110100
1111111111111010
0000111010110111
1110000111010111
0010101101110101
1100100000001111
0100000111011101
1011100010011100
0100101010100010
1011010000000000
0100100110000110
1011111101000011
0011100101001101
1101001100000011
0001111111011010
1110111000000100
0000001000010111
0000111111101100
1110001001011111
0010101100101111
1100100000101101
0100000110011011
1011100000011010
0100101000110111
1011010011011101
0100100101110010
1011110100111010
0011100101100011
1101001001001110
0010000101100100
1110111101001010
0000000000011110
0000110110001111
1110000111001111
0010101111111001
1100011111101010
0100000100110101
1011100100001010
0100101011011011
1011010001000100
0100100010001100
1011110010100001
0011101000000111
1101001001010001
0010000001011101
1110111000111100
0000001000111001
0000111100001001
1110000111111000
0010101111110011
1100100110010001
0100000010111100
1011100011110101
0100101000111001
1011010110010111
0100100011010011
1011111001111010
0011100100101001
1101000111000000
0010000010000010
1110111001100101
0000000010011001
0000111011101010
1110001010100000
0010101111111011
1100100100110001
0100000000110000
1011100001010110
0100101101111001
1011010001101100
0100100101000111
1011110101111011
0011100101001101
1101000101100101
0010000010010101
1110111001110011
0000000101001110
0000110110001101
1110001010000100
0010101100101001
1100100001011010
0100000010100010
1011100010001111
0100101110101111
1011010111001001
0100100110000011
1011110101111100
0011100111001010
1101001010000101
0010000010111101
1110110101110000
0000001001010001
0000111011101000
1110001011101110
0010101110101100
1100100001001011
0100000011011101
1011011101110011
0100110001110100
1011010000101100
0100011101111001
1011110000000010
0011100101011101
1101001001110100
0001111111100001
1110111101010101
0000000100110000
0000110111110011
1110001001110011
0010101011010010
1100100010000010
0100000100001100
1011100100101001
0100100110111010
1011010101001110
0100100101000100
1011110110001100
0011100111111100
1101001011101100
0010000001111110
1110111001010001
0000001000100001
0000111001111001
1110001001100101
0010101101001100
1100100000110000
0100000011010110
1011011110010100
0100101101010011
1011010001011100
0100011111111111
1011110011101100
0011100100000111
1101000110001001
0010000000110010
1110111010001011
0000000111101111
0000110110101110
1110001010111001
0010101101101011
1100011111000011
0100000110100100
1011100010110001
0100101111101010
1011001101000011
0100100001001010
1011111011101100
0011101000000010
1101001000000000
0010000001000101
1110111100000111
0000001101110100
0000111010101110
1110000111010110
0010101010101011
1100100001100111
0011111111011101
1011100101110000
0100101110001010
1011010001111011
0100100010001010
1011110110010010
0011100011101010
1101000110110101
0010000000010111
1110111100001010
0000000101101110
0000111011100111
1110000111110100
0010101100001101
1100100011011010
0100000011110111
1011100010000110
0100101110111101
1011001110100101
0100011100100110
1011111011101000
0011100110011010
1101001001110101
0010000010110000
1110110101110010
0000000100100111
0000111011011000
1110001000101001
0010101100001011
1100100101111010
0100000010010110
1011011111010110
0100101010011011
1011001110101001
0100100011110110
1011110101011010
0011100010100001
1101001001101101
0010000001011001
1110110100110011
0000000110111111
0000110111111111
1110001000010110
0010101111011111
1100011111111100
0100000010010100
1011100001010010
0100101010010100
1011010010010000
0100100100110000
1011110110101000
0011100101001010
1101000101000000
0010000110000011
1110110110000000
0000000111001111
0000110110000100
1110001010001110
0010101101111111
1100011110011101
0011111101110111
1011100000101110
0100101100001011
1011010000010100
0100100011110010
1011110100110101
0011100111000000
1101001100110111
0001111110010111
1110111100010011
0000001000100100
0000111010010101
1110001010001111
0010110001000111
1100100010010001
0011111110000110
1011011110010100
0100101011100011
1011010010101101
0100100011100010
1011111000110101
0011100010100001
1101000110100111
0001111110111101
1110110101101001
0000000011011011
0000111000101000
1110010000100100
0010101100110100
1100100011100100
0100000111000010
1011100000110111
0100101111111100
1011010001011000
0100100001010010
1011110001000000
0011100010001011
1101000010010000
0001111111011110
1110111001001101
0000000110011111
0000111000111110
1110001010010100
0010101101100010
1100100000101000
0100000000100000
1011011110100000
0100101100010110
1011010011000011
0100101001001000
1011110110111000
0011100011010010
1101000111111011
0001111101011101
1110111001110000
0000001011111010
0000111000110011
1110001011010110
0010101101111100
1100100100111001
0100000100000001
1011011101111000
0100101101110010
1011001110010100
0100011111001000
1011110011100101
0011100100001001
1101001001110001
0010000101000010
1110110101111111
0000001001111000
0000111010011010
1110001100100110
0010101101110010
1100100010011011
0100000001011011
1011100001111011
0100101101110000
1011010010001101
0100100011110110
1011110111001110
0011011011111100
1101000110100010
0010000101001001
1110111101000111
0000000100000010
0000110110111001
1110001101000011
0010101101100110
1100011110101110
0100000101111111
1011100100110111
0100101111101010
1011010011110110
0100100011011110
1011111000100110
0011100010101111
1101000111100101
0001111101110101
1110111001111001
0000000101111000
0000111100111010
1110001011011111
0010110000101000
1100100001001001
0100000100010001
1011011101011101
0100110001110101
1011010000111001
0100100001100111
1011110011011010
0011100100101010
1101001100100100
0001111111111100
1110111001000101
0000000011000101
0000110110100110
1110000110100010
0010101110000000
1100100011110101
0100000100011011
1011100010001100
0100101011011101
1011001111110110
0100100010011101
1011110100111001
0011100010111011
1101000101111001
0001111111101000
1110111000001110
0000000011011101
0000110111111000
1110001001001100
0010101101010101
1100100001001001
0100000011001100
1011100000010011
0100101010110000
1011001111100110
0100100100000000
1011111001010110
0011100001000110
1101001010010101
0001111110110111
1110111011011010
0000001001001010
0000111000101110
1110001101110110
0010110101110000
1100100101100011
0100000110101110
1011100011110100
0100101110100111
1011010001000100
0100100010000101
1011111000010101
0011100001101011
1101001001011000
0001111111001001
1110111011111010
0000000101101101
0000111011111000
1110000110001011
0010101011000010
1100100001000111
0100001000000111
1011011111110101
0100101101000101
1011010011010010
0100011111010100
1011110100101000
0011100011000110
1101001000001111
0010000001110101
1110111001101100
0000000101110010
0000111010011000
1110000111100110
0010101111001011
1100100010010011
0100000101100000
1011100101000100
0100110000011111
1011010111010100
0100100000000100
1011110111111000
0011100111111110
1101001001000000
0001111001110111
1110111010001000
0000000010101110
0000111011010110
1110001010010110
0010101100010000
1100100111011111
0100000010111010
1011101000110011
0100101100011101
1011010011000100
0100100100000000
1011110100101101
0011100110010001
1101001000110110
0010000110011010
1110111010010101
0000000010111100
0000110110011001
1110001000001011
0010101100001111
1100100101111100
0100000100010011
1011100011011100
0100101101011110
1011010001010010
0100011111010000
1011111010010011
0011100110101111
1101001001001001
0010000011010010
1110111001101000
0000000100001011
0000111011101010
1110001001010111
0010101010100000
1100100001010110
0100000101110001
1011100011111101
0100101010110010
1011010000011011
0100100000111100
1011110101110000
0011100101101100
1101001000010011
0010000000101110
1110110111101110
0000000011100001
0000110111010111
1110001001101111
0010101110001010
1100100100100000
0011111110101001
1011011111000011
0100101011011010
1011011000011011
0100100110001101
1011110011110101
0011100100011001
1101001010000011
0001111100111100
1110111101010010
0000000101101100
0000111101011101
1110001011010110
0010101100100001
1100100000011101
0011111111010010
1011100011010001
0100101111000110
1011010001001011
0100100011100001
1011110100000000
0011101000000011
1101001000011111
0001111111001101
1110111000110101
0000000101100000
0000111100100011
