0000000000000000
1111111110111000
1111111110010110
0000000001111000
0010001000101100
0010110111011110
1101011010100100
1101110110011010
0011000100010001
0001011111011101
1100101000100111
1111001111010111
0011100010011001
0000000000110011
1100011100101001
0000101000000000
0011011000001100
1110101000111010
1100110110010110
0010000011001101
0010101101111111
1101011000101010
1101110011110010
0011000010000011
0001100000111000
1100101011000100
1111001010100111
0011100000110101
0000000101101101
1100011110100100
0000101011110111
0011011000110000
1110101001111011
1100111000101000
0010000000011000
0010101010011110
1101011110110011
1101110111000010
0011000101011101
0001011110110101
1100101011110111
1111001100101010
0011011111111110
0000000011101010
1100011101110011
0000101011111000
0011011000001001
1110100101100001
1100110111111010
0010000011101011
0010100111111110
1101011000001100
1101110110011101
0011000000110110
0001011110111011
1100101010101010
1111001100111101
0011100100011101
0000000101000010
1100011110101110
0000101101011101
0011010111011010
1110100100111110
1100111001110000
0001111111011010
0010101010111111
1101011010110101
1101110110101111
0011000011011000
0001100001000010
1100101001001111
1111001101010110
0011011111101100
0000000011111001
1100011100000100
0000101010000001
0011011010000010
1110100100100010
1100111010000011
0010000010111110
0010101101010100
1101011001101000
1101110110111110
0011000001011000
0001011101011100
1100101010101000
1111001100111011
0011100010011110
0000000001111100
1100100001000100
0000101011100011
0011011100001100
1110100111110011
1100111000100101
0010000100001001
0010101011101010
1101011010001111
1101110110101010
0011000010101010
0001011100100110
1100101001010110
1111001010110110
0011100000000100
0000001000101001
1100011110001111
0000101010000111
0011010110110001
1110100111010011
1100110110011010
0010000011110111
0010101101110111
1101011001000000
1101111000101111
0011000001011100
0001011111101100
1100100111010101
1111001110100011
0011011101010101
0000000001110100
1100011101111111
0000101001011000
0011010111000011
1110100101110001
1100111001111011
0010000001000010
0010101110001000
1101011001010101
1101110110101000
0011000100101110
0001100001011100
1100100110110100
1111001110100110
0011100010010001
0000000001100100
1100011111100100
0000101100110010
0011011010000100
1110101001001101
1100111001001110
0010000001110111
0010101001101100
1101011110101001
1101110110011001
0011000100001011
0001011111001010
1100101010011010
1111001111011111
0011100011110100
0000000101111110
1100011110110101
0000101010100111
0011011010010000
1110101000011001
1100111100100011
0010000100100000
0010101010011010
1101011010100010
1101110111001010
0011000001011101
0001011111100101
1100101010011001
1111001100100111
0011100101000101
0000000100001100
1100011110101101
0000101001100010
0011011111011110
1110100111100110
1100111011001111
0010000010111011
0010101011100110
1101011010010111
1101110110011110
0011000010110001
0001011111111101
1100101110011000
1111001010111111
0011100000110010
0000000010101101
1100011110010010
0000101100010000
0011011011010000
1110101001110100
1100110111110100
0010000000100000
0010101101000000
1101011100100101
1101110111110001
0011000010011001
0001100100100010
1100100111010000
1111001100011101
0011011110111101
0000000100010101
1100011111010111
0000100111011000
0011011001110001
1110100111111110
1100111001100000
0010000010011011
0010101100000110
1101011100101011
1101110101110110
0011000001101100
0001011110111101
1100101100011000
1111001110001111
0011011110111001
0000000010110100
1100011110110011
0000101010110000
0011010101010110
1110101000010110
1100110111000110
0001111111000001
0010101011000001
1101011011011000
1101110101101000
0011000001110011
0001100000111011
1100100111011011
1111001100001000
0011011110111111
0000000001001111
1100011110101001
0000101001100011
0011011011111001
1110101011110011
1100111001000110
0001111111001110
0010101101101000
1101011010101101
1101111000000110
0011000001001000
0001100001010111
1100101000101001
1111001010100111
0011011111000100
0000000100011011
1100100000000101
0000101010100000
0011011000111001
1110100110111101
1100111010100001
0001111101101010
0010101010000100
1101011010100101
1101110011001110
0011000010010101
0001011111010100
1100101100101100
1111001001111010
0011100000101000
0000000100110000
1100011100111011
0000101000100001
0011010110010111
1110100110100001
1100111011101000
0010000011101010
0010101010001001
1101010111101001
1101111001001001
0011000100011000
0001011111010000
1100101010101001
1111001100001010
0011100000011010
0000000111111010
1100011111011011
0000101011011000
0011011001100100
1110100111100000
1100111001101110
0010000010000000
0010101010110001
1101011011011001
1101111010010100
0010111111010101
0001011111101100
1100101001010000
1111001010101000
0011100001000010
0000000100001111
1100011110000101
0000101001001111
0011011000100010
1110100110001001
1100111001100110
0010000100110111
0010101100010001
1101011011101100
1101110101011010
0011000100001110
0001011111001001
1100101010001110
1111001111100111
0011100001100110
0000000111011100
1100011111010011
0000101100000011
0011010101110100
1110100110001011
1100110110010111
0010000100111101
0010101100101001
1101011000111001
1101111000000101
0011000001011010
0001100000101011
1100101000011110
1111001001100001
0011100000001000
0000000101110011
1100011100001001
0000100111101000
0011010110101100
1110101000101001
1100111001000100
0010000100001110
0010101011101111
1101010111110001
1101111000011110
0011000011001000
0001011110111110
1100101001101000
1111001110001110
0011011111000101
0000000011110001
1100011100011000
0000101101110001
0011011011110000
1110100111000010
1100111001010100
0001111110101000
0010101011011101
1101011001100111
1101111000000100
0011000010010011
0001011110100011
1100101000011111
1111001011101101
0011011111111001
0000000100101001
1100011100100100
0000101000000110
0011010111101111
1110100110011011
1100111010011011
0010000010011100
0010101100100000
1101011011100011
1101110110000010
0011000010001111
0001100001010010
1100101100010101
1111001110001111
0011100000000011
0000000011110010
1100011110011100
0000101001100011
0011011001010111
1110100111110100
1100110111000101
0010000011011001
0010101010101101
1101011001111100
1101110111111111
0010111111101010
0001011111000111
1100101100000011
1111001111000001
0011100000101111
0000000001011110
1100011100100000
0000101011100010
0011010110100101
1110100111111101
1100110111111111
0001111111100011
0010101011010001
1101011000010110
1101110100100110
0011000100010010
0001100000010100
1100101001110111
1111001101111110
0011100001110101
0000000100110000
1100011101001111
0000101001011001
0011011001011100
1110101011000110
1100110111100101
0010000001010100
0010101001011101
1101011101001010
1101110110111101
0011000010010100
0001100001010011
1100101001111001
1111001101110110
0011100000011001
0000000011011111
1100011101100101
0000101000111110
0011010111111000
1110101001010100
1100111000000010
0010000011010001
0010101100111111
1101011010110011
1101110101110010
0011000001011000
0001011101101011
1100101001111111
1111001001101101
0011011111010011
0000000101011001
1100011110100100
0000101100101010
0011010111101101
1110100111011011
1100111001000011
0010000010110010
0010100111101010
1101011011101110
1101111000101100
0011000010110001
0001011111101100
1100101000101001
1111001110010001
0011100000100101
0000000110100101
1100011111101101
0000101010100101
0011011001110011
1110100111010111
1100110111001010
0010000110011110
0010101101010010
1101011100100010
1101110111100011
0011000001110000
0001100001000010
1100101010111111
1111001101001011
0011100000010101
0000000111000010
1100011101010000
0000101100100001
0011011001001110
1110100101101101
1100111010111110
0001111110000011
0010101011010011
1101011001011100
1101110110000101
0011000011000001
0001011111111111
1100100110011101
1111001010101001
0011100010110111
0000000010010110
1100011100000011
0000101001100001
0011011000000010
1110100111100011
1100111011110010
0010000011000000
0010101100100010
1101011010111011
1101110111111000
0011000100101111
0001100001101000
1100101001100110
1111001101101001
0011011101010100
0000000101110000
1100011101011001
0000101000111111
0011011001111001
1110100110111100
1100111100001100
0010000001011111
0010101100000111
1101011010111001
1101110111000001
0011000000000110
0001100000000000
1100101001000111
1111001011101101
0011100000001101
0000000011011111
1100100010100010
0000100111100110
0011011000011100
1110101000010001
1100110110111101
0010000101101000
0010101011000100
1101011100011011
1101110101100010
0011000000111100
0001011110110010
1100100111011110
1111001010111000
0011100001111010
0000000010011100
1100011110010011
0000100111001100
0011010110001000
1110100111100110
1100110111101000
0010000011100101
0010101011101000
1101011001101110
1101110101100010
0011000001011010
0001011101000111
1100101100010000
1111001100001110
0011011111110100
0000001000000100
1100011101100011
0000100111111001
0011011000010100
1110101001101101
1100111000001000
0001111111011101
0010101101001000
1101010111100100
1101111000100001
0011000001101100
0001011110101100
1100100101011011
1111001110010000
0011011101000111
0000000101011001
1100100000110000
0000101001000110
0011011001110000
1110100110000110
1100111001010110
0001111111100100
0010101000110100
1101011101011110
1101110110011001
0011000010111011
0001011110010101
1100100111111001
1111001011110100
0011100001100001
0000000101000111
1100011101001101
0000101011011110
0011011000101011
1110101010011111
1100111011001101
0010000000101111
0010101101010111
1101010111110100
1101110101000111
0011000001000100
0001011111110111
1100101100010100
1111001100111001
0011011110111000
0000000100011000
1100011011010010
0000101011001100
0011011000001001
1110100110101100
1100111011001010
0010000010110000
0010110000010110
1101011010100100
1101110110110101
0011000001111110
0001011111110101
1100100111011000
1111001011111001
0011100010011111
0000000001101100
1100011110100011
0000101100001010
0011011100001101
1110101010000000
1100111011010010
0010000011011000
0010101100110001
1101011001010011
1101110110010100
0011000001111111
0001011110010100
1100101000001111
1111001111011010
0011100100110100
0000000101011111
1100011011110110
0000101000010000
0011010100100101
1110100101100111
1100111010101000
0010000100111001
0010101010101001
1101011010011010
1101110111010001
0011000001011011
0001011111110110
1100101010010011
1111001101000000
0011100000100000
0000000011010011
1100100000100101
0000100111111110
0011011001010001
1110101001011100
1100110111110011
0010000001100000
0010101110010010
1101011110100001
1101110111011101
0010111111110101
0001011111011110
1100101000110101
1111001110111011
0011100001100111
0000000011111100
1100011100111000
0000101010110011
0011011000001100
1110100010101000
1100111101001000
0010000000110010
0010101100011110
1101011010110000
1101111000011111
0011000010001100
0001100010101110
1100101100000000
1111001011001111
0011011111100000
0000000011010101
1100011001111011
0000101010111101
0011011010011000
1110100111110010
1100111011100010
0010000000111011
0010101000000011
1101011001010010
1101111001000001
0011000000101000
0001100010011101
1100101001110100
1111001011101110
0011100100001111
0000000011100010
1100011101100011
0000101100010000
0011011001000000
1110100110011101
1100111000111100
0010000000101110
0010101110100110
1101011011010011
1101111000001100
0011000000101001
0001100011110001
1100100111100001
1111001001011100
0011100000001100
0000000001110011
1100011111000000
0000101010000001
0011010111111011
1110100110110011
1100111010011100
0001111101010011
0010101110001100
1101011001101001
1101111001010001
0011000010110000
0001011011011110
1100101000111011
1111001100010111
0011011111011110
0000000100000111
1100011110010101
0000101011000000
0011011001110000
1110101000110001
1100110101111010
0010000001100000
0010101000111100
1101011011000000
1101110100110110
0011000000010110
0001100001000110
1100101000001110
1111001010010011
0011011101011110
0000000010001111
1100011100100000
0000101011011010
0011011001000110
1110101000011101
1100111010010110
0010000010010100
0010101001100110
1101011010101011
1101110111110000
0011000010100101
0001011110110110
1100101011010111
1111001111000110
0011100001100100
0000000010111100
1100011100101010
0000101001011100
0011011001011010
1110100111110000
1100111010100101
0010000000001101
0010101001101110
1101011100000010
1101110100011011
0011000100100010
0001100010100100
1100101011001001
1111001100010010
0011100010010110
0000000100011001
1100100000001110
0000100111010001
0011010111000110
1110100111000001
1100110100100001
0010000100100010
0010101000000111
1101011010000010
1101111000000111
0011000011010101
0001100001111110
1100101010111011
1111001010100001
0011100000101111
0000000111111011
1100100000101011
0000100111101100
0011011000001111
1110101000011110
1100111011010100
0010000001111001
0010101101001000
1101011001010011
1101111001111001
0011000000111111
0001100000000011
1100101011101001
1111001100011011
0011100100001100
0000000101010101
1100011011011110
0000101011011110
0011011001100010
1110101000011010
1100111000100100
0010000001110010
0010101101010010
1101011101001011
1101111010100010
0011000001101111
0001100000010011
1100100111001011
1111001010110101
0011100001110101
0000000100101100
1100011101010100
0000101010010100
0011011100100011
1110100110101100
1100110110011100
0010000011010001
0010101011011001
1101011000111011
1101110101000100
0010111111001000
0001011110000100
1100101001011110
1111001011000001
0011100000111110
0000000100110111
1100011100101010
0000101110111110
0011010110110011
1110101010010101
1100111010010110
0010000101011000
0010100111110100
1101011011001110
1101110111100000
0011000011110110
0001100001100101
1100101000010001
1111001100011010
0011100000011101
0000000101110010
1100011110100011
0000101011010110
0011010100001011
1110100111111111
1100111100000011
0010000001000110
0010101000111010
1101011010010010
1101111001100110
0010111101001110
0001100001110110
1100101011000010
1111001101010000
0011100000110100
0000000110001011
1100100000101110
0000101011100110
0011011000111111
1110101001000010
1100111001000010
0010000000100011
0010101010101111
1101010111101011
1101110101011000
0011000011001100
0001011111101111
1100101000101011
1111001011100110
0011100001100100
0000000010000010
1100100000100000
0000101010001001
0011011001110101
1110100111000011
1100111010100011
0010000010110111
0010101100000100
1101011010010001
1101110110111011
0011000100011100
0001011110101110
1100100111000001
1111001010111001
0011100001010001
0000000101000011
1100011011110100
0000101010111111
0011010111100010
1110100101110101
1100111001000000
0010000000100000
0010101110001101
1101011011010101
1101111000110010
0011000010110110
0001100001111111
1100101010010011
1111001011111001
0011011101001000
0000000100111011
1100011111000010
0000101011011110
0011010111011100
1110100111001001
1100111000001011
0010000000101011
0010101100010110
1101011000101101
1101110110011001
0011000001111010
0001100000101100
1100101010101001
1111001101111100
0011100000101001
0000000011001110
1100011110000110
0000101010010011
0011011001010101
1110101000110100
1100110111101111
0010000000010011
0010101101010111
1101011000111001
1101110110110100
0011000010100011
0001100000000101
1100101000010000
1111001001110100
0011100000110100
0000000011100000
1100011101000111
0000101011000100
0011011000101001
1110101000010000
1100111000100110
0010000010101111
0010101101010111
1101011100110010
1101110100000011
0011000000100011
0001100000010101
1100101000100111
1111001100001110
0011011110101011
0000000010010101
1100011010100111
0000101100101001
0011011000011111
1110101001111001
1100111001100011
0010000001000101
0010101000001100
1101010111010011
1101110101110010
0010111110111110
0001011101101011
1100100111100100
1111001100010011
0011011111000111
0000000101010000
1100100000000110
0000101011011110
0011011010001110
1110101000110100
1100111011001111
0010000000010101
0010101100010111
1101011110011010
1101110101100100
0011000000000100
0001011111010000
1100101001010111
1111001110111010
0011011111010111
0000000101100011
1100011110001001
0000101001100010
0011010110101010
1110101000001101
1100111100001000
0010000101110101
0010101011001010
1101011100011100
1101111001001010
0011000000011001
0001100000101000
1100100110011010
1111001010101000
0011100010011000
0000000101000110
1100011110101100
0000101000110100
0011011000001001
1110100100000001
1100110111101001
0010000010110101
0010101110011011
1101011000100011
1101110110101101
0010111110100010
0001100001100111
1100101011001001
1111001001000100
0011100010011011
0000000011100001
1100011111010001
0000101010000010
0011010111100110
1110101000000110
1100110111011111
0010000000001011
0010101010110001
1101011101111110
1101111000000010
0011000000011011
0001100001000001
1100101011111001
1111001101111000
0011011101010101
0000000011111001
1100011101001101
0000101001001011
0011011000011000
1110101001110000
1100111011010101
0010000000110010
0010101011100100
1101011011111000
1101110101111011
0011000000010010
0001100010010000
1100101100001100
1111001001111001
0011100001010110
0000000001111110
1100011100001011
0000101000011101
0011010111101000
1110101000100101
1100111001011001
0010000001001101
0010101001100010
1101011001001000
1101110111110010
0011000000010100
0001100010001000
1100101010100011
1111001101110011
0011100000110011
0000000100100000
1100011111001111
0000101000110011
0011011010111111
1110100100101010
1100111010000010
0010000001110011
0010101010111011
1101011001100000
1101110111010111
0011000100010101
0001100011101110
1100101000110110
1111001010101100
0011100010101010
0000000001001001
1100011110100011
0000101001100000
0011011000001000
1110100111001100
1100111010001011
0001111111111001
0010101010100110
1101011011111000
1101110101101101
0011000000010010
0001100001101110
1100101010111111
1111001010010010
0011100000000110
0000000110010101
1100011110011100
0000101010111100
0011011000010000
1110101000011001
1100111011010000
0001111110010111
0010101000011100
1101011000011011
1101110110010101
0011000010000110
0001011110000000
1100101010001000
1111001100100100
0011011111100011
0000000100001110
1100011100010010
0000101001111111
0011010101111000
1110100101110000
1100111101010000
0010000100000110
0010101010110001
1101011001011010
1101110110100011
0011000101001010
0001011101111101
1100101011001000
1111001011100110
0011011111110011
0000000101010110
1100011110010010
0000101011011101
0011010110101011
1110101000010101
1100111011011100
0010000001010000
0010101011101110
1101010111111100
1101110101010011
0011000010011100
0001011110111110
1100101000111111
1111001100100110
0011100001101111
0000000000010100
1100011011100001
0000101001001110
0011011010001011
1110100111100011
1100111010100011
0001111111110010
0010101011011001
1101011001011010
1101110111101111
0011000011001111
0001100010000100
1100100110111111
1111001101001111
0011100011111111
0000000000111010
1100011100000111
0000101001011110
0011010110011010
1110100110010010
1100111001100101
0010000000000111
0010101101001001
1101010111111001
1101110110101111
0011000100011001
0001100000111000
1100101010010011
1111001100001011
0011100000001000
0000000100011010
1100011110101110
0000101001011100
0011011010000001
1110101010111101
1100111010000111
0001111101000001
0010101010111010
1101011010101001
1101110111001011
0011000100100111
0001100000101010
1100101001010000
1111001110001110
0011100010000111
0000000101010001
1100011110001011
0000101000100100
0011011001010000
1110100111111111
1100110110001011
0010000000100100
0010101101001110
1101011001000101
1101110101101111
0011000101011111
0001011111001110
1100101011010111
1111001101010110
0011100001100000
0000000110011101
1100100001000111
0000101010001000
0011011100000010
1110101000000101
1100111001111001
0010000000110011
0010101100000101
1101011011010010
1101110110100001
0011000000100111
0001100000101110
1100101001011101
1111001101011010
0011100001000001
0000000110101110
1100011111111000
0000101110011000
0011011100000111
1110100010110100
1100111011011011
0010000011010001
0010101101110011
1101011001010001
1101111000110100
0011000001001011
0001100001001110
1100101000100010
1111001100101000
0011011111010110
0000000100001110
1100011101110010
0000101011000000
0011011010110000
1110100111011101
1100111010100110
0010000000111110
0010100111110010
1101011101001110
1101110111110010
0011000001101010
0001100000000001
1100100110100011
1111001101100011
0011011110111111
0000000100100100
1100011100000011
0000101010001000
0011010111000111
1110100110001010
1100111011100000
0010000010000110
0010101100000101
1101011011001111
1101110110000001
0011000011011111
0001011111010001
1100101100001101
1111001011101111
0011011111111110
0000000100010000
1100011100111101
0000101001011111
0011011011010010
1110100111111011
1100110111100101
0010000010101110
0010101010000111
1101011000001100
1101110110101010
0011000010101110
0001011011011000
1100101000101011
1111010000100101
0011100010001000
0000000101010011
1100100000101011
0000101010101011
0011011000110111
1110101011110111
1100111100110111
0010000001100001
0010101011100110
1101011100000100
1101111001101110
0010111110101111
0001100010011101
1100101000110000
1111010000010111
0011011100111100
0000000100100011
1100011101000001
0000101100010110
0011011000011000
1110100111010110
1100110110110110
0010000100000110
0010101011010111
1101011011000001
1101111001101101
0011000010101010
0001011111100101
1100101010010110
1111001011011111
0011011110000101
0000000010111101
1100011101101000
0000101001010111
0011010111110011
1110100110010111
1100111001100100
0010000000010011
0010101101111111
1101011100100010
1101110110100010
0011000101000000
0001011101011000
1100101001000100
1111001100001000
0011011110001010
0000000011010010
1100011101000011
0000101011010111
0011010111011001
1110100111001000
1100111011101100
0010000010000111
0010101010110000
1101011011001101
1101110101010011
0011000001100111
0001011110111010
1100101000110110
1111001101000100
0011011110111011
0000000010000111
1100011101111011
0000101010100101
0011011100001110
1110101000001000
1100111110101101
0010000001001000
0010101010101001
1101011010101001
1101110111111101
0011000010100111
0001100000111010
1100101011010101
1111001011010101
0011100001001110
0000000101100100
1100011110011100
0000101010110011
0011011001110100
1110100111101000
1100111100000001
0010000011111100
0010101100010100
1101011001010110
1101111000111101
0011000011100110
0001011111111000
1100101010111100
1111001101101001
0011100010111000
0000000010110101
1100011110100010
0000101010010010
0011011001000010
1110101000000000
1100111011001101
0010000001101110
0010101010000001
1101011110001100
1101110110110101
0011000000011101
0001100010110101
1100101000000111
1111001110010000
0011011111100100
0000000101101001
1100011111111011
0000101000101110
0011011000001110
1110100101001101
1100111010111010
0010000000100100
0010101011111010
1101011110000011
1101110110010101
0011000011001100
0001100000001101
1100101011000000
1111001101001010
0011100001110000
0000000011111110
1100011011101101
0000101011001000
0011011001001001
1110101011010100
1100111010101001
0010000010101110
0010101000101000
1101011011100101
1101110011011011
0011000010110101
0001100101110010
1100101000100111
1111001101111100
0011100000101000
0000000011110011
1100011110101101
0000101010110111
0011010110010111
1110100101101001
1100111100100110
0010000100101001
0010101001111011
1101011000100111
1101110111101010
0010111110101110
0001011101111011
1100101000000111
1111001001011001
0011011100001101
0000000011000100
1100100000111011
0000101000001111
0011011010011001
1110101000000111
1100111000000110
0010000011110011
0010101110110011
1101011010110110
1101110111100110
0011000001110111
0001100010001110
1100100111011000
1111001011010111
0011011111110011
0000000110101000
1100011111000110
0000101010101000
0011010111111111
1110101000100010
1100111000001100
0010000011111111
0010101101001001
1101011100010111
1101110110011110
0011000001100000
0001011110010101
1100101100101010
1111001000010111
0011100011100000
0000000110000111
1100011101001000
0000101001111000
0011010110110010
1110100110101111
1100111001101100
0010000000001100
0010101010110011
1101011001010011
1101110100010101
0011000001111100
0001100001010101
1100101101000000
1111001100111000
0011100001010110
0000000011001100
1100011111001010
0000101100101011
0011011010000100
1110101000001001
1100111011011110
0010000010011011
0010101010000010
1101011001110110
1101110101011101
0011000011100000
0001100000101111
1100101001101011
1111001100101100
0011100001100110
0000000001111111
1100011111010011
0000101010101100
0011011010100011
1110100110100101
1100111010011000
0010000001101001
0010101111001011
1101011011010100
1101110111000000
0010111111011101
0001011110101110
1100101001000011
1111001110010010
0011100001100000
0000000011011000
1100011110100010
0000100111001010
0011011010001100
1110100110110001
1100111001010111
0010000001010001
0010101101010001
1101011000010001
1101110101011101
0011000010010110
0001100000100111
1100101010100000
1111001100111010
0011100010001000
0000001001001000
1100100000111010
0000101011001110
0011011001100001
1110101000001001
1100111011010010
0010000001010100
0010101100100111
1101011100010000
1101110111010101
0011000011100101
0001100000100011
1100101100111001
1111001011001001
0011100000011011
0000000101001110
1100011110100111
0000101010100100
0011010110011010
1110100110111010
1100111001111110
0001111111101101
0010101000110001
1101011101011010
1101111000011001
0011000101000101
0001100001011111
1100101000110100
1111001100110110
0011100010111010
0000000100011100
1100011110110100
0000101101001010
0011011001010100
1110100111100101
1100110111100110
0010000100110010
0010101001000010
1101011100100111
1101110100111110
0011000010001011
0001011100111011
1100101011000110
1111001101010010
0011011110011001
0000000101110111
1100011100110111
0000100111111001
0011011011011001
1110101010000000
1100111010000000
0001111101111101
0010101100110000
1101011001110101
1101110110101100
0011000100011000
0001011100110001
1100101000101010
1111001101101101
0011100001010100
0000000011101011
1100011111000010
0000101011111111
0011011000001110
1110100110111000
1100111100010001
0010000010100010
0010101011000010
1101011100111000
1101110111001000
0011000010001010
0001100011011100
1100101010111010
1111001011100000
0011100001100011
0000000010101011
1100011110000111
0000101101001101
0011010111001100
1110100101011111
1100111100001111
0010000000110100
0010101100100100
1101011001111000
1101110111011001
0011000010001111
0001100000100000
1100101010011101
1111001101000001
0011100000001011
0000000010011000
1100011110110011
0000101011101111
0011011000010000
1110100100111110
1100111011100110
0010000010100100
0010101011100111
1101011001101010
1101110110001011
0011000011111010
0001011101001111
1100101010110000
1111001110000001
0011011110000111
0000000010110100
1100100000011111
0000101001011111
0011010101011001
1110100111000011
1100111000101100
0001111111011110
0010101011110111
1101011001101001
1101110111110001
0011000010010001
0001011101110010
1100101000011011
1111001101010001
0011100000111001
0000000001010100
1100011101101001
0000101010011010
0011011000111110
1110101001001001
1100111001011100
0010000001100001
0010101101001001
1101011001010000
1101111010010000
0010111111000101
0001011111100110
1100101011010001
1111001011000111
0011011101011010
0000000011110011
1100011110111101
0000101001011101
0011010111110011
1110100110000100
1100111010010001
0001111111110111
0010101011001110
1101011010110110
1101111010011011
0011000001000011
0001100000100000
1100101000110010
1111001010110010
0011100001101101
0000000111001011
1100100000111001
0000101100110001
0011010110110111
1110100111010101
1100111001001101
0001111110011101
0010101011110010
1101011011011100
1101110110101111
0011000010001101
0001100011100100
1100101000101101
1111001001011011
0011011101010100
0000000000101101
1100011110000011
0000101010101000
0011010111011001
1110100110101011
1100110111110011
0010000010110001
0010101000011001
1101011000100111
1101111000010110
0011000100011001
0001011111110100
1100101001011010
1111001010101011
0011100000001100
0000000111010001
1100011101000000
0000101010111011
0011011001011101
1110101010000111
1100110111111000
0001111111001110
0010101100000010
1101011010110001
1101111000011000
0011000010101011
0001011111001100
1100101011000001
1111001100101011
0011011100100111
0000000010100110
1100011100101011
0000101011111100
0011011000101010
1110100111011001
1100111000000100
0010000011111100
0010101011111000
1101011100110011
1101110110001011
0011000000111001
0001011111101110
1100101010111100
1111001010100000
0011100000100101
0000000101011001
1100011100100010
0000101010111110
0011011010010001
1110101010011000
1100111000100011
0010000001100010
0010101001101101
1101011011110101
1101110111110100
0011000010001100
0001011110010010
1100101010110101
1111001001010110
0011100000111100
0000000100111000
1100011111100000
0000101000011001
0011011001000110
1110100111100110
1100111001011011
0010000000101010
0010101100101010
1101011010111001
1101111001110100
0011000010011001
0001011111001010
1100101001111011
1111001011010101
0011100000010111
0000000001101001
1100011111100001
0000101001100010
0011011001010010
1110101010010111
1100110110000110
0010000010011001
0010101010101011
1101011110010100
1101111000101001
0011000001110100
0001011111111000
1100101000101010
1111001001000111
0011011111001101
0000000100100001
1100011110110101
0000101001001010
0011010110101000
1110100110110000
1100110110100110
0010000010011111
0010101011000001
1101011001011001
1101110111000101
0011000000001101
0001100000101010
1100101010001010
1111000101100001
0011100001001111
0000000101011010
1100011101001101
0000100111101011
0011011000011011
1110100111111010
1100111010001101
0010000010110000
0010101001000110
1101011001101000
1101110101110111
0011000011000110
0001011110111111
1100101011001011
1111001010011011
0011100001110010
0000000011101000
1100011111010011
0000101011011111
0011010111010001
1110100111000110
1100111000110110
0010000100100101
0010101101101110
1101011011010001
1101111010001111
0011000010100110
0001011111011000
1100101010110100
1111001001001000
0011100000011100
0000000100001100
1100011110111101
0000101011100101
0011011010000100
1110101001000111
1100110111001111
0001111111000001
0010101011001001
1101011000111011
1101110111000110
0011000001001000
0001100001010001
1100101011011101
1111010001011001
0011100011001101
0000000010111000
1100011110110100
0000101010110001
0011010111000101
1110100110110101
1100111011011101
0010000011010111
0010101010011111
1101011101000001
1101110111111111
0011000000011101
0001100000100010
1100101010111001
1111001110000010
0011011111110001
0000000100110111
1100100000010000
0000101000001100
0011011001000001
1110101001010111
1100111010110110
0010000001110110
0010101011110100
1101011010001001
1101110110111001
0011000000101001
0001100000110011
1100101000011000
1111001101110100
0011100000111011
0000000100001010
1100011001110100
0000101000101011
0011010101111011
1110100110100010
1100110100011010
0010000011100101
0010100110000111
1101011001010100
1101110111111001
0011000010010000
0001100000101110
1100101100101111
1111001100111000
0011100000001110
0000000101100111
1100011111010111
0000100111001110
0011011000000011
1110100110110001
1100111011110010
0010000000101000
0010101100000111
1101011011000100
1101111000100011
0011000010011111
0001011110111101
1100100111011001
1111001110100110
0011011111001101
0000001000011010
1100011111110101
0000101101000000
0011011001101010
1110100111010001
1100111010101000
0001111111100101
0010101011001000
1101011010010001
1101110111111100
0011000001100111
0001100001010010
1100101010100110
1111001101001010
0011100001100011
0000000101111000
1100011100110011
0000101000110111
0011011011010000
1110101010100001
1100111000110100
0010000000100001
0010101011101100
1101011011010100
1101110110001110
0011000001010010
0001100000110110
1100100111101100
1111001101001001
0011100010000011
0000000011100011
1100011100001001
0000101010011001
0011011010001100
1110100110010101
1100111000000111
0010000100001001
0010101101101100
1101011101000010
1101110111111000
0011000000001110
0001100010001001
1100101010100110
1111001110100101
0011100000011001
0000000010110110
1100011001010111
0000101100000100
0011010110100111
1110100110101011
1100111100010101
0010000001101010
0010101001011110
1101011000000100
1101110110011010
0011000000110001
0001011101110101
1100101010011111
1111001000110110
0011100000010111
0000000100011101
1100011100101110
0000101001001100
0011011011110100
1110101000010111
1100111100011000
0010000010000000
0010101011001101
1101010111001000
1101110110101011
0011000000011001
0001100001011011
1100101010001010
1111001100111101
0011100011010111
0000000010011010
1100011111000110
0000101000001001
0011010110110100
1110101000110011
1100111001101000
0010000011000101
0010101100011100
1101011010010111
1101110101000001
0011000010000101
0001100010010010
1100101010111101
1111001100110111
0011011111000011
0000000011100101
1100011100110001
0000101100111001
0011010111111011
1110101000100101
1100111100000111
0001111111100111
0010101001111110
1101011100110000
1101110100000100
0011000000001100
0001011110010110
1100101010000001
1111010000101010
0011011111101100
0000000110100101
1100011111101001
0000101011000010
0011011001011110
1110100101011101
1100111000110000
0010000011001100
0010100111110100
1101011100000101
1101110101111000
0011000001011101
0001100010000101
1100101101000111
1111001110101111
0011100010110001
0000000100111010
1100100000100111
0000101001110100
0011011001011110
1110101001011010
1100111010001110
0001111111011100
0010101010101100
1101011010010101
1101110111000101
0011000001000000
0001100011001001
1100100111001110
1111001010111110
0011100000011001
0000000100111001
1100011110111001
0000100111101011
0011011001101111
1110100110010000
1100110100111110
0001111110100010
0010101101011011
1101011110111101
1101110100111100
0011000000011100
0001100001000101
1100101001111010
1111001101001000
0011100000001011
0000000110001111
1100100000001010
0000101001101101
0011010110000000
1110101001111110
1100111001000010
0001111111111000
0010101011110110
1101011100111111
1101110111001000
0011000001001011
0001100001111001
1100101010010111
1111001001110101
0011011110001011
0000000111000101
1100011111000111
0000100111111010
0011011100010001
1110100110011110
1100111010000000
0010000001111010
0010101010000101
1101011001110010
1101110110000110
0011000010111000
0001100010010111
1100101111011011
1111001100011001
0011100001011100
0000000010110000
1100011011100110
0000101010101010
0011010101111110
1110101010110001
1100111000101001
0010000000111110
0010101110010111
1101010111001011
1101111000110001
0011000000001011
0001011101110001
1100101011010110
1111001011000101
0011100000111011
0000000010100001
1100100001110010
0000101001101110
0011010101111010
1110100111001101
1100111000010110
0010000001010010
0010101110000101
1101011011111000
1101110111001101
0011000010000111
0001011111011010
1100101010001010
1111001011110100
0011100000101000
0000000101100000
1100011100001111
0000101010100000
0011011010001000
1110101000100010
1100111011101110
0010000001000100
0010101110001110
1101011011101000
1101110101000011
0011000000010000
0001011111010101
1100101011001010
1111001011001111
0011100000000011
0000000001010110
1100011111010000
0000101010111000
0011011001111011
1110101010011001
1100111000111000
0010000011110111
0010101101100000
1101011101011100
1101110111000011
0011000000001010
0001011111001000
1100101001111101
1111001100010100
0011011111100011
0000000011100111
1100011001001001
0000101011010111
0011011000101010
1110101000111010
1100111000011100
0001111111000100
0010100110100101
1101011110000100
1101111000100001
0011000011101100
0001011101111011
1100101001111110
1111001011010000
0011100000010110
0000000010101011
1100011110001011
0000101000000001
0011010111011000
1110101010001101
1100111000111100
0010000011110101
0010101011001101
1101011000110001
1101111000001001
0011000011011011
0001011100011110
1100101100000111
1111001101001110
0011100000100010
0000000110111110
1100100011000111
0000100111011100
0011010111111100
1110100110001101
1100111000110011
0010000011001000
0010101100111010
1101011100011101
1101110111111001
0010111111101110
0001011111110100
1100101100101110
1111001000110000
0011011110111011
0000000000111101
1100011111011001
0000101001000001
0011011000110101
1110100110101011
1100110110100100
0001111110111110
0010101011000010
1101011011000011
1101111000011001
0011000011100111
0001011110001110
1100101011011001
1111001100011100
0011011110011010
0000000110000100
1100100000001101
0000101010010110
0011011001100011
1110100111100011
1100111010011011
0010000011100010
0010101101000010
1101011001001001
1101110101001000
0011000010101010
0001011110000101
1100101000101100
1111001101110001
0011100011011111
0000000011101100
1100011101000010
0000101010101110
0011010111101111
1110100110011110
1100111010000100
0001111111011011
0010101011100011
1101010111111010
1101110110111100
0011000010001101
0001011110001100
1100101000110101
1111001110100010
0011100000101010
0000000011110010
1100011110101000
0000101001100010
0011010111011101
1110101001011111
1100110111101001
0010000101000011
0010101100110000
1101011011110001
1101111000000010
0011000010110011
0001100000010100
1100101010000111
1111001110001100
0011100000001101
0000000100111011
1100011011010100
0000101000100011
0011011011111001
1110100101111001
1100110101011101
0010000001011101
0010101010010110
1101011011100000
1101111001000011
0011000010110010
0001011111100010
1100101001101001
1111001101001100
0011100000101100
0000000110100001
1100011101101111
0000101010110110
0011011000100010
1110100110010001
1100110111001100
0001111111111000
0010101011001010
1101011001101110
1101111000000111
0011000001100110
0001100001100101
1100101001100110
1111001100010101
0011011101001001
0000000110110101
1100011111001011
0000101010010001
0011011010101011
1110100110110110
1100111000111000
0010000001111000
0010101100100011
1101011010001100
1101110111111101
0011000010000110
0001011111000010
1100101000100100
1111001010001000
0011100000010000
0000000011110100
1100011111010111
0000101000110110
0011011010111001
1110100101111110
1100111011101001
0001111111110010
0010101011010011
1101011010100101
1101111000000111
0011000001010000
0001011100010011
1100100100101000
1111001011010100
0011100100100100
0000000100111110
1100011100101100
0000101011000011
0011010110101100
1110101000100111
1100111010111100
0001111111100010
0010101000111000
1101011011110010
1101110101111000
0011000001100000
0001011111011011
1100100111011100
1111001100010101
0011011110010100
0000001000100001
1100011011110110
0000101100011011
0011010110100001
1110100110010101
1100110111000101
0001111111101100
0010101011010000
1101011101010111
1101110111001110
0011000000110010
0001011110110111
1100101010101000
1111001111010101
0011011111101101
0000000101010001
1100011110100100
0000100111100101
0011011000101010
1110101010110000
1100110111011101
0010000001101000
0010101101001100
1101011010010001
1101110110001111
0011000011110101
0001100010011010
1100101100011011
1111001100000000
0011100011110010
0000000110010111
1100011101011100
0000101011010111
0011011000111111
1110101001100100
1100111100011000
0010000001101010
0010101010110101
1101011001101010
1101110101111111
0011000010010110
0001100011110001
1100101011010010
1111001001100110
0011100000011111
0000000101001101
1100011011100101
0000101101000100
0011011000110111
1110101001100101
1100111001100101
0010000000111000
0010101100100001
1101011100010110
1101110110111001
0011000000100000
0001100001101101
1100100111111110
1111010000001000
0011100001010011
0000000011010100
1100011110100110
0000101100100100
0011011010001000
1110101010111010
1100111001010100
0001111101101001
0010101010100010
1101011000000100
1101110101010110
0011000100110100
0001100010010111
1100101101101011
1111001101010001
0011100010010111
0000000101100100
1100100000001001
0000101010100000
0011010101100101
1110100110101100
1100111011110001
0010000000100110
0010101100100010
1101011010111001
1101111001111000
0011000000111111
0001011101100101
1100101010110100
1111001001111110
0011100100011110
0000000110100111
1100011100110011
0000100110110110
0011011001011001
1110101000000001
1100111010010001
0010000001101001
0010101011010110
1101011011000010
1101110111000100
0011000100010100
0001100000101101
1100101010101010
1111001001000011
0011011111110000
0000000011111011
1100011011011010
0000101100001110
0011010110100101
1110101011010010
1100111010110011
0010000000100010
0010101101111000
1101011011111111
1101110111001001
0011000011001100
0001011110111111
1100101001001100
1111001011000000
0011100000000001
0000000110101001
1100011100101101
0000101001001010
0011011000001111
1110100110010110
1100111101100000
0010000011101001
0010101101010001
1101011100100100
1101110111110110
0011000000100000
0001100000000001
1100101010011011
1111001010000100
0011011110111011
0000000101101110
1100011111110101
0000101001110010
0011010111100010
1110101001100100
1100111100010110
0010000000100000
0010101100010111
1101011010010101
1101110111000000
0011000001010111
0001011110001001
1100101010011011
1111001101000011
0011100001011011
0000000101100000
1100011100110111
0000101010111110
0011011000001110
1110100111010010
1100111001000111
0010000000111010
0010101010001000
1101011001010110
1101111000111100
0010111111110111
0001011111111010
1100100111101001
1111001110011011
0011100000110010
0000000101000001
1100011110111110
0000101010101101
0011011010101111
1110101001101011
1100111001011010
0001111101011110
0010101101010000
1101011011001111
1101110100101110
0011000000101100
0001100010000011
1100100111100101
1111001101001101
0011011111000111
0000000001010101
1100100001011110
0000101011111011
0011011010000011
1110100101000010
1100111001001110
0010000000011111
0010101001010001
1101011001111111
1101111000111110
0011000010111011
0001100000011011
1100101001011110
1111001011011111
0011100101010100
0000000100011000
1100011101011011
0000101001111100
0011011100010001
1110101000000011
1100111001101011
0010000001101110
0010101011101100
1101011101011111
1101111011100010
0010111111100101
0001100010100001
1100101001101110
1111001010001000
0011100001010110
0000000100010101
1100011110010010
0000101010000001
0011010111111000
1110101011010001
1100111010111001
0010000001001111
0010100111111000
1101011011011111
1101110110100010
0010111110111011
0001011110111101
1100101010001111
1111001010110100
0011100011110001
0000000100110110
1100011110010000
0000101010101010
0011011010101011
1110101001010111
1100111011100101
0010000011001001
0010101010100110
1101011010011001
1101110100010000
0011000000001111
0001100000010011
1100101000011011
1111001011001111
0011100010000010
0000000100100101
1100011101011010
0000101001111100
0011010110000011
1110100110111100
1100111001010011
0001111111100111
0010101100100101
1101011010011010
1101110111110011
0011000111010111
0001100001110011
1100101010110011
1111001100011101
0011011111011000
0000000001011111
1100011101111111
0000101000001000
0011011001100000
1110101000100010
1100110101101000
0010000011011111
0010101010101101
1101011001100000
1101111000110111
0011000011110111
0001100001000010
1100101001100100
1111001100100100
0011100001000001
0000000111001110
1100011110001000
0000101100011100
0011010111100010
1110101011110011
1100110111010000
0001111111100010
0010101011100111
1101011101111111
1101111000101000
0011000001010000
0001011101011100
1100101011010010
1111001100100101
0011100001100000
0000000100111110
1100011101011111
0000101100111100
0011011001110101
1110101001010011
1100110110100000
0010000011010100
0010101011001011
1101011101100111
1101110101101110
0011000011011110
0001011111110110
1100101001100000
1111001110010101
0011100001011101
0000000101110101
1100011111100000
0000101101101100
0011010111111100
1110100101111100
1100111000100100
0010000000011001
0010101010110001
1101011001011100
1101110111100001
0011000011000110
0001100001000110
1100100111000010
1111001100001100
0011011100101100
0000000101011100
1100100001011011
0000101011000100
0011010111010010
1110100110100001
1100111010000000
0001111110011101
0010101100111100
1101011011111011
1101110111110101
0011000000101110
0001100000011101
1100101000111110
1111001011111101
0011011101100000
0000000011000011
1100011101111010
0000100110101011
0011011011010111
1110100101101110
1100111000011100
0010000101111110
0010100111001010
1101011011101111
1101110111010101
0011000100111100
0001011111010011
1100101010101100
1111001100100010
0011100010001011
0000000011000101
1100100000100010
0000101100111011
0011011001010001
1110100101110101
1100111000101001
0010000100101010
0010101100100111
1101011010000010
1101110101011010
0011000000010011
0001011110000101
1100100110110101
1111001100001010
0011100000001111
0000000111010001
1100011100101010
0000101010000101
0011010111100110
1110100111111101
1100111010000001
0010000010110011
0010101100001111
1101011011010010
1101110110010000
0011000000010011
0001100000001111
1100101001111111
1111001011010000
0011011111111110
0000000110010110
1100011100010011
0000101001100100
0011010111110100
1110100101010110
1100111001000000
0010000011000110
0010101011110001
1101011000001101
1101110111001001
0011000011010111
0001011011111111
1100101010011101
1111001100000100
0011100010010111
0000000011100111
1100011100101111
0000100110011111
0011011000000000
1110100110111110
1100111000110011
0010000011101110
0010101011010000
1101011011101000
1101110101011000
0011000010011101
0001100010101001
1100101000001100
1111001011001011
0011100010010010
0000000100111000
1100011110010110
0000101001001100
0011011001100111
1110100110100110
1100111010011011
0010000000010001
0010101010001101
1101011101000011
1101111001001000
0011000010000010
0001100000111100
1100101010001100
1111001001011011
0011100010110001
0000000100011000
1100011111111001
0000101011111100
0011010111111101
1110101000010001
1100111011011110
0010000100000111
0010101101111111
1101010111000101
1101110011011100
0011000011001011
0001100001110010
1100101001001000
1111001010110111
0011100010111011
0000000001111101
1100011010111010
0000101001101010
0011011010011010
1110101010110111
1100111001001111
0010000010100010
0010101101111011
1101011100110001
1101111000101101
0011000100110100
0001011110111111
1100101000010010
1111001100101110
0011100000111101
0000000100001000
1100011011100101
0000100111111100
0011011000010001
1110101000001100
1100111100011101
0001111101001010
0010101101001010
1101011011101101
1101110111000110
0011000011000010
0001100001111001
1100101100000010
1111001010011000
0011100011100111
0000000100100001
1100011101010010
0000101101000111
0011011010100110
1110101000001111
1100110111000101
0010000000111101
0010101100001000
1101011100000111
1101111000010000
0011000000010011
0001100010111011
1100101010111110
1111001101111110
0011100001010011
0000000101111111
1100011110110101
0000101000111011
0011011000010111
1110100111111010
1100111001001001
0010000000101111
0010101100111111
1101011000000101
1101110101101000
0011000001111101
0001100000000010
1100101000010000
1111001100001010
0011100001010010
0000000111000100
1100011011011101
0000101000111000
0011011100001100
1110100111110001
1100111001011010
0010000100111011
0010101011001011
1101011011011011
1101110111101000
0011000001111100
0001100000101111
1100101010010011
1111001100100110
0011011111110010
0000000111010000
1100011011101111
0000101010101110
0011010111001110
1110100111011010
1100111000011011
0010000000101000
0010101110011100
1101011011001110
1101110111001000
0011000001011011
0001100000011001
1100101110010000
1111001100011001
0011100000001011
0000000100110101
1100100001011010
0000101000101110
0011011100111101
1110100110110101
1100111010100000
0010000001011001
0010101101000110
1101010111110111
1101110110101010
0011000010110001
0001100011100111
1100100101111110
1111001101011001
0011011110101111
0000000001010011
1100011110000100
0000101001001100
0011011010101111
1110100111100010
1100111000000011
0010000010111000
0010101110010100
1101011100000110
1101110011111111
0011000100101101
0001011111110001
1100101011100101
1111001010010001
0011100010011110
0000000101110111
1100100000001001
0000101010001001
0011010110001100
1110101000101011
1100111000110010
0010000000001110
0010101010111011
1101011010111100
1101110110011000
0011000010111110
0001100010100110
1100100111111111
1111001101001100
0011100000000011
0000000100101101
1100011111010101
0000101001111000
0011010110111111
1110101010001001
1100110111100110
0010000001011101
0010101011100100
1101011100001100
1101110111110101
0011000011010100
0001100001110110
1100101011100111
1111010000000100
0011011101111010
0000001000001101
1100011010111110
0000101000100000
0011011011000101
1110101001001100
1100111011100100
0010000010100110
0010100111101010
1101011010101000
1101111000101101
0011000010110100
0001100000110010
1100101001001111
1111001100111101
0011100011111011
0000000100000110
1100011111001110
0000101011000000
0011011011101101
1110101001111101
1100110101010110
0010000000110101
0010101001101000
1101011001011111
1101110110100100
0011000010111101
0001100000001001
1100100110101010
1111001010011000
0011100000011110
0000000101000010
1100011010010011
0000101010100010
0011010100111000
1110101001100011
1100111000010101
0010000011010110
0010101011111101
1101011010110011
1101110111110101
0011000010011101
0001100000101111
1100101000011111
1111001010111110
0011011111111010
0000000100011101
1100100000110100
0000101011000101
0011010111011111
1110100110101111
1100111000000011
0010000010001011
0010101010101011
1101011101011000
1101110101011010
0011000010010010
0001100100110111
1100101001100100
1111001101011111
0011100000101100
0000000111000100
1100011110110011
0000101000100101
0011010111110010
1110101001100010
1100111000000000
0010000001111010
0010101100100101
1101011011100111
1101111000010100
0011000100111010
0001011111010010
1100101010101110
1111001011001100
0011100001101001
0000001000110000
1100011100011001
0000101001110000
0011011001011110
1110100101001100
1100111011101101
0010000000111000
0010101101010011
1101011100111001
1101110101100111
0011000000001000
0001100000001100
1100101010011000
1111001010010001
0011100010101010
0000000011101110
1100011101011000
0000101011110110
0011010101001100
1110101001111011
1100111101110010
0010000100001100
0010101010100011
1101011010010111
1101110110010111
0011000000100011
0001100001011010
1100101000011101
1111001100110010
0011100000100001
0000000011100111
1100011101110000
0000101000101110
0011011000010100
1110101010001110
1100111010011100
0010000000011110
0010101010000111
1101011100101101
1101111010000001
0011000010011111
0001011101111111
1100101000000110
1111010000101100
0011011111100101
0000000111000010
1100011100001100
0000101000100101
0011011000111110
1110100111000000
1100111011110101
0010000100001010
0010100110000010
1101011010101111
1101110100100101
0011000011010011
0001011111110011
1100101001100000
1111001101100110
0011011111001101
0000000101111010
1100011111101110
0000101011100100
0011011000111101
1110100111100011
1100111001011001
0010000010100100
0010101101100000
1101011000001111
1101110111011111
0011000011011111
0001100001100011
1100101100100110
1111001001010001
0011100000001001
0000000111111111
1100011101010101
0000101001111110
0011010110100110
1110101011011001
1100111010011111
0010000010010110
0010101111100111
1101011010111110
1101111000100010
0011000000111000
0001011111010011
1100101011011000
1111001111010111
0011100010110010
0000000000001011
1100011101010100
0000101010001100
0011011000001001
1110101000110110
1100111000101011
0010000000001010
0010101100011010
1101011000010111
1101111010101101
0011000001110110
0001100000111011
1100101010011011
1111001011011011
0011011111101110
0000000010110001
1100011111101111
0000101001001100
0011011011111110
1110101000100101
1100111010110001
0010000011000011
0010101000100000
1101010111011010
1101110110111110
0011000011111001
0001011110001110
1100101001001001
1111001011100111
0011100010001110
0000000011110111
1100011100011000
0000101011111110
0011011011011111
1110101000110000
1100111001101100
0010000000011001
0010101010001001
1101011001101001
1101110110010111
0011000100011001
0001100001101101
1100101011101110
1111010001010101
0011100000110110
0000000100010111
1100011111001010
0000101100111001
0011011010101000
1110100100110010
1100111000000011
0010000000000001
0010101110101010
1101011001101101
1101111011000001
0011000100101011
0001100000100010
1100101000111101
1111001101101010
0011011111000101
0000000010010000
1100011110011101
0000101010101101
0011011011101110
1110100111100101
1100111000110101
0001111111001010
0010101001101101
1101011011111001
1101110111100100
0011000101011110
0001100000010100
1100101010000010
1111001010111000
0011100100011001
0000000001001010
1100011111000111
0000101010000111
0011011011000110
1110101010011110
1100111000001111
0010000100111011
0010101000111001
1101010111100101
1101110111001000
0010111111000111
0001011101011001
1100101001110110
1111001110011111
0011100001011010
0000000001010101
1100011110010101
0000101010000011
0011011010110010
1110101000101011
1100111011011111
0010000001001100
0010101010001111
1101011010001111
1101110110110101
0010111111110111
0001100010010101
1100101010000101
1111001000011100
0011100011000101
0000000101000010
1100011101100010
0000101011101111
0011011001101011
1110100111110010
1100111001011011
0001111111100001
0010101101011011
1101011011011110
1101110111001100
0011000100111101
0001011100010000
1100101011101000
1111001101100001
0011100010010010
0000000101010110
1100100000111011
0000101010100000
0011011000011100
1110101010011001
1100111001011100
0010000000010111
0010101000100010
1101011101101000
1101111000101111
0011000011110110
0001011111011101
1100101110001100
1111001011101110
0011100010100100
0000000010000101
1100011101010100
0000101001101100
0011011001101011
1110101000010111
1100111000010110
0010000001001111
0010101011000010
1101010111010111
1101111001001110
0011000010011100
0001100000100011
1100101001111101
1111001101101101
0011100010001110
0000000101010001
1100011111100000
0000101010010010
0011010110011110
1110101010101100
1100110110101010
0010000001111101
0010101011111100
1101011011011010
1101110110010010
0011000010000010
0001100011000101
1100101011000000
1111001010111011
0011100001110000
0000000011011101
1100011100011110
0000101001000111
0011011010111111
1110100111010110
1100111000110001
0010000001000010
0010101100010100
1101011000111010
1101110100011101
0011000001110000
0001100000110111
1100101001001101
1111001010011011
0011100010001110
0000000101011000
1100011100000010
0000101001000100
0011011001011110
1110100111111101
1100111010010010
0010000001011111
0010101101010000
1101011010101010
1101111100011111
0011000011110100
0001100010001111
1100101011001110
1111001010101110
0011100010100101
0000000100100101
1100100000010110
0000101001101111
0011011001010100
1110101001101001
1100110111111100
0001111101110100
0010101010100000
1101011110110001
1101111001011110
0011000010001010
0001100000000010
1100101011101100
1111001110101011
0011100000000001
0000000010010110
1100011110110101
0000101001000000
0011011010011101
1110101000010110
1100110101011101
0010000010100110
0010101111001110
1101011001101111
1101110110111101
0010111111100100
0001011110010101
1100100101011110
1111001010100100
0011100001001010
0000000100010011
1100011110001001
0000101011101011
0011010111100011
1110100111111110
1100111010111100
0010000010011001
0010101010110000
1101011010000000
1101110100001110
0011000011100101
0001011110111110
1100101010110101
1111001100000000
0011011111010010
0000000011111110
1100011110000100
0000101001100010
0011011010101010
1110101010010010
1100111010010111
0001111110100011
0010101000010111
1101011010101111
1101111010011111
0011000011100010
0001100001100010
1100101000011010
1111001101110010
0011100010000111
0000000101110101
1100011111011001
0000101100010011
0011011001101110
1110101000010000
1100110111100010
0010000001101111
0010101011110000
1101011100110001
1101110111100011
0011000010010110
0001100001011100
1100101000001001
1111001101001111
0011011111111101
0000000100110000
1100011100000000
0000101010011101
0011011000111001
1110100100000001
1100111010010011
0010000010100101
0010101010101110
1101011010111100
1101110110100000
0011000000100101
0001011111011010
1100101001010011
1111001010011001
0011011110110100
0000000101010011
1100011011010000
0000101010111001
0011011010010010
1110100110100000
1100111001011001
0010000000110010
0010101011011111
1101011100010000
1101110101010000
0011000001011110
0001100000100000
1100101010011001
1111001011001010
0011100010100001
0000000010111011
1100011100001000
0000101110101010
0011010111111010
1110101001101100
1100111001000101
0010000010011101
0010101101001101
1101010111101011
1101110101011000
0011000000101001
0001100000100001
1100101011101010
1111010000000010
0011100001111011
0000000110000111
1100011100110100
0000101011001100
0011010111111101
1110101001001000
1100111001001111
0010000010111000
0010110000000000
1101011101110100
1101110111100101
0011000011001001
0001011111001101
1100101000001001
1111001010111101
0011011111101110
0000000100110100
1100011100110011
0000101001010101
0011010110001000
1110101001001110
1100111100100010
0010000100110111
0010101001010011
1101011010010101
1101110111100110
0011000011001101
0001011110111101
1100101001001111
1111001101000011
0011011110101110
0000000100111100
1100011010111111
0000101011110110
0011011001010101
1110100111000010
1100111011011011
0010000000101111
0010101100001010
1101011001100100
1101111000111010
0011000010101101
0001011101011000
1100101010011100
1111001101001111
0011011110111110
0000000110000100
1100011101010110
0000101000111111
0011011010111000
1110100110101100
1100111011011010
0010000001110110
0010101101000111
1101010111101011
1101110110111010
0010111110111101
0001011101101001
1100101010101100
1111010000111100
0011100010011001
0000000100000001
1100011110010111
0000101011011110
0011011010111001
1110100111110111
1100110110011111
0001111111010011
0010101100011001
1101011000001110
1101111001110111
0011000001100001
0001100000000100
1100101000100101
1111001001110001
0011100010011010
0000000100110000
1100100001001010
0000101010111101
0011010111011001
1110100101101100
1100111001101010
0010000000001111
0010101010001100
1101011000001110
1101110110011011
0011000011111000
0001011111111110
1100101001110101
1111001011100101
0011011110110011
0000000011101110
1100011101101111
0000101011111110
0011011010001010
1110100111001111
1100110111011111
0001111101010100
0010101010010010
1101011100101101
1101110110000111
0011000001111000
0001011110011100
1100101001111010
1111001100110100
0011100010101011
0000000010011011
1100011101100001
0000101010011100
0011010111111000
1110100111000111
1100111010001011
0010000001000111
0010101001001101
1101011010100110
1101110111101010
0011000010000011
0001100010101101
1100101100000001
1111001010100111
0011011111010011
0000000101110111
1100011100111111
0000101000000001
0011011010001001
1110101011111010
1100110110000010
0001111111111110
0010101011010110
1101011011111001
1101110111100100
0010111110100000
0001100000011100
1100101001110010
1111001010000100
0011100011111011
0000000011010110
1100011011000111
0000100110010010
0011010111100101
1110101001110100
1100110110111010
0010000000100111
0010101011100100
1101011010001110
1101110110000110
0011000000001111
0001100011100011
1100101000101011
1111001100001010
0011100000101001
0000000110010111
1100011111101011
0000101101001100
0011010111001110
1110100111001001
1100111011011001
0010000000111010
0010101100111000
1101011011101100
1101110111111010
0011000010011011
0001011110001100
1100101100000011
1111001111010000
0011100001110111
0000000100111010
1100011101010111
0000101000100000
0011010101100110
1110100111100011
1100110110110001
0010000000011001
0010101011001010
1101011011000100
1101110111101001
0011000001011101
0001100010000101
1100101011011010
1111001101011011
0011011110100111
0000000011111010
1100011101011110
0000101001001001
0011011010011011
1110100100100010
1100110100110001
0010000000111000
0010101110000110
1101010101010101
1101111000000111
0011000000100001
0001100101111011
1100101010101001
1111001011100011
0011100001010001
0000000100011101
1100011111000111
0000101101110101
0011011001001101
1110101001110100
1100110111000011
0010000011011110
0010101100011110
1101011010001110
1101110111001010
0011000001001100
0001100000000110
1100100110000101
1111001010111011
0011011111101011
0000000010100000
1100011010001011
0000101000000101
0011011001011011
1110100110000011
1100111001010101
0001111111111000
0010101010011011
1101011100000100
1101110110010000
0011000010101110
0001100010101001
1100100111101011
1111001011011001
0011100010001001
0000000010000100
1100011110100100
0000101001011110
0011010111000010
1110100100100110
1100111001111010
0010000001111011
0010101010011011
1101011010000011
1101111001000000
0011000101110101
0001100011010011
1100101010110111
1111001100000001
0011011111001010
0000000100001000
1100011101110110
0000101010000101
0011011000100001
1110100100111100
1100111010111111
0001111110110001
0010101110110110
1101011101000100
1101110110101000
0011000010001011
0001011111000010
1100101100010100
1111001100000100
0011100001111000
0000000111010110
1100011101100011
0000101010100111
0011011001011010
1110100111010100
1100110110100100
0010000010110010
0010101011000000
1101011001001110
1101110101000110
0011000001110000
0001011101011000
1100101001010101
1111001010010000
0011100010101001
0000000001100000
1100011110100101
0000101011001100
0011011011000011
1110101001111111
1100111000000000
0001111101111111
0010101101010110
1101011100100010
1101111000000000
0011000010011010
0001100010001101
1100101010011001
1111001100010101
0011100001011101
0000000110000110
1100011100010101
0000100111111100
0011011001011111
1110101001101010
1100111000010001
0010000001100111
0010101100001001
1101011011110101
1101110110011000
0011000010101000
0001100001001110
1100101100100011
1111001010101011
0011011111101011
1111111100010001
1100011101101100
0000101000110110
0011011010000011
1110101011000110
1100111000111100
0010000100001011
0010100110100010
1101011101100000
1101110100101110
0011000010001011
0001100000000110
1100101100111101
1111001100100011
0011100001000011
0000000011101111
1100011010111111
0000101100000011
0011011001111100
1110101010100101
1100111010010010
0010000101000110
0010101010100100
1101011111011111
1101110100010111
0011000001001000
0001100010010110
1100101000111101
1111001111101001
0011100001010110
0000000001011001
1100011100001100
0000101011011001
0011010111110011
1110100110000010
1100111001101010
0010000000001111
0010101001110011
1101011100000101
1101111000100000
0011000100011010
0001100010001101
1100101001010010
1111010000001100
0011100000011100
0000000100001101
1100011100111100
0000101011101100
0011011000100101
1110100111101000
1100110101110101
0010000100101111
0010101101000110
1101011010111010
1101110101111111
0011000010101100
0001011110111011
1100100101110100
1111001101100110
0011100001000110
0000000011100100
1100011111100001
0000101101000011
0011010111100111
1110101000010101
1100110111000001
0010000010000100
0010101000010100
1101011010110001
1101110110111010
0010111111101100
0001011111011011
1100100111000111
1111001011101111
0011100010010001
0000000101000001
1100011110110100
0000101011011010
0011011001000001
1110101000101101
1100111001011111
0010000001000001
0010101010011100
1101010110100110
1101111001010000
0011000001100110
0001100000110111
1100101001100011
1111001011010110
0011011100111111
0000000101111100
1100011111000110
0000100110110011
0011011000110000
1110100110111000
1100111010010110
0001111101111000
0010101001010010
1101011010001011
1101110101011100
0011000010011100
0001100000101100
1100101000100000
1111001011100000
0011100001110101
0000000011010111
1100011101110010
0000101000010111
0011011010110101
1110101000111110
1100110111010101
0010000001110101
0010101000111011
1101011010000000
1101110101100110
0011000000110111
0001100011001001
1100101010111101
1111001110011001
0011011111010011
0000000001110011
1100011111010001
0000101011000100
0011010111101101
1110100111001010
1100111001001101
0010000010001101
0010101110010010
1101011010111000
1101110110110111
0011000001110111
0001100001010011
1100101100100011
1111010000111000
0011100100111000
0000000101100110
1100011111111101
0000101110100101
0011011000001001
1110101001011101
1100111010010111
0010000011101010
0010101010111101
1101011001011100
1101110111101000
0011000001110001
0001100000010100
1100101001111000
1111001110011101
0011011100011111
0000000101001100
1100011101101111
0000101011101001
0011010110110011
1110101000010110
1100111010000011
0010000001110111
0010101011010010
1101011010011011
1101111000100101
0011000011010011
0001011100001001
1100101010000010
1111001011110110
0011011111001100
0000000001011010
1100011111101101
0000101110011110
0011011001101001
1110100110010010
1100111001100011
0001111111111011
0010101101001010
1101011011000011
1101111000001111
0011000011011111
0001011011110101
1100100111111101
1111001100101011
0011011111111101
0000000011001001
1100011111011000
0000101000110111
0011011010011001
1110100111011100
1100111001001000
0010000000100100
0010101000111101
1101011100110101
1101110110100100
0011000011110100
0001011111110001
1100100111110101
1111001100111010
0011100010010001
0000000011000101
1100011111001110
0000101100100100
0011011000111100
1110101001101101
1100111011010111
0010000010000101
0010101110011010
1101011100100111
1101111010101101
0011000001000011
0001011111000001
1100101001101100
1111001110001100
0011100100000100
0000000011111010
1100011110111110
0000101010000010
0011010100111011
1110100100111100
1100110111100111
0010000010100001
0010101010100001
1101011000001101
1101110111110011
0011000011100011
0001100010001100
1100101000001010
1111001100100100
0011011111101100
0000000101110010
1100100001101101
0000101001000110
0011011001110100
1110101101111001
1100111010111010
0010000011100000
0010101000111101
1101011011001110
1101110111110110
0011000100001110
0001011111110010
1100101011010101
1111001001011000
0011100000011111
0000000101110010
1100011100100100
0000101100010010
0011011010000010
1110101100011000
1100111001001110
0010000001000111
0010101010111110
1101010111111110
1101110101100010
0011000000110111
0001011111110100
1100101000010111
1111001010101011
0011100001100100
0000000110111110
1100011110111110
0000101100100101
0011010111101110
1110100110010010
1100111101001010
0010000000101110
0010101100110000
1101011010101111
1101110110100011
0011000001101101
0001011101100011
1100101100010111
1111001101111100
0011100011000010
0000000011101101
1100011100111100
0000101100001101
0011011001101010
1110101001101000
1100110111110101
0010000001110011
0010101010010000
1101011001111011
1101111001000000
0011000010101010
0001011111011100
1100101001111011
1111001010011010
0011100000000110
0000000011101010
1100011101101100
0000101100110111
0011011000111010
1110100111111101
1100111100000000
0001111111111101
0010101010110101
1101011000110101
1101110111100110
0011000000001011
0001100000110001
1100101010111010
1111001010110110
0011100011000111
0000000010100101
1100011110011101
0000101001110110
0011011000101100
1110101000000010
1100110111100100
0010000000001010
0010101011110110
1101010111101011
1101110111011111
0010111111111000
0001011101100111
1100101100001000
1111001100010111
0011100001110011
0000000101101111
1100011110110001
0000100111000110
0011010111100011
1110100110100010
1100111000100001
0010000001101001
0010101001110001
1101011100000001
1101111100011010
0011000011111001
0001100010010100
1100101010010100
1111001001100001
0011011111110100
0000000100100101
1100011111010011
0000101010110000
0011010110100100
1110100110011000
1100111000101010
0010000100101000
0010101011010001
1101011010011011
1101111001001110
0011000100001111
0001100001111110
1100101001011000
1111001100101011
0011011111110110
0000000100011110
1100011011111111
0000101000000110
0011010111001100
1110101001100111
1100111001101010
0010000010010000
0010101100110110
1101011010110010
1101110110011001
0011000000101111
0001100010110010
1100100110111010
1111001101000110
0011100010111001
0000000101001010
1100011100011000
0000101100000111
0011010101111001
1110101001010100
1100111000100100
0010000000010001
0010101011010110
1101011010001010
1101111001000100
0011000011011111
0001100001001011
