0000000000000000
1111111010110011
0100010010000101
0000010100100010
0001101111010100
1100010101010110
0101011000011011
1001000110010001
0111111111111111
1000000000000000
0111111111111111
1000000000000000
0111111111111111
1000000000000000
0111001111100011
1010010100111010
0011111111111001
1101110101110001
0000001110000010
0001110101100001
1100001111100100
0101011001000000
1001000010100001
0111111111111111
1000000000000000
0111111111111111
1000000000000000
0111111111111111
1000000000000000
0111001101010111
1010010100011011
0100000000010100
1101110111000010
0000001010100000
0001110000111100
1100010110101001
0101011010101100
1001000011011101
0111111111111111
1000000000000000
0111111111111111
1000000000000000
0111111111111111
1000000000000000
0111001000011100
1010001110011100
0100000001000101
1101110110010110
0000001101111110
0001110110000110
1100010001100011
0101011011110000
1001000101011111
0111111111111111
1000000000000000
0111111111111111
1000000000000000
0111111111111111
1000000000000000
0111001001100111
1010010101101100
0100000010010011
1101110111001110
0000001110101110
0001110110000111
1100010011100010
0101010111001100
1001000111100001
0111111111111111
1000000000000000
0111111111111111
1000000000000000
0111111111111111
1000000000000000
0111001000111010
1010010001000110
0100000000000000
1101110100100010
0000001100000111
0001110101010001
1100010101000111
0101011011111101
1001000100001011
0111111111111111
1000000000000000
0111111111111111
1000000000000000
0111111111111111
1000000000000000
0111001101011101
1010010000101011
0011111111010100
1101111000100010
0000001100111101
0001110100100110
1100010100010011
0101011011011100
1001000011110000
0111111111111111
1000000000000000
0111111111111111
1000000000000000
0111111111111111
1000000000000000
0111001101011101
1010010001000000
0100000110111101
1101111000110000
0000001111010010
0001110000101011
1100010001100101
0101010111110101
1001001001011101
0111111111111111
1000000000000000
0111111111111111
1000000000000000
0111111111111111
1000000000000000
0111001001001011
1010001111111110
0100000010010101
1101110010110111
0000001001011110
0001110000100011
1100010100001011
0101011011010000
1001000110110000
0111111111111111
1000000000000000
0111111111111111
1000000000000000
0111111111111111
1000000000000000
0111001001001000
1010010010111001
0100000011111001
1101111000110010
0000001000001011
0001110011111010
1100010111011001
0101011010001011
1001000011000000
0111111111111111
1000000000000000
0111111111111111
1000000000000000
0111111111111111
1000000000000000
0111001011001011
1010001111010000
0100000000101010
1101110101111111
0000001010001000
0001110100110101
1100010001100111
0101011110011100
1001001001010011
0111111111111111
1000000000000000
0111111111111111
1000000000000000
0111111111111111
1000000000000000
0111001011111011
1010010010000001
0100000000011100
1101110010001001
0000001111001111
0001110100110111
1100010101001000
0101011111010010
1001000110001101
0111111111111111
1000000000000000
0111111111111111
1000000000000000
0111111111111111
1000000000000000
0111001011111101
1010010000101100
0011111111011000
1101110001001010
0000001000100110
0001110001110001
1100010011110011
0101011010110001
1001000100100110
0111111111111111
1000000000000000
0111111111111111
1000000000000000
0111111111111111
1000000000000000
0111001000000010
1010010010010111
0100000010011111
1101110111110001
0000001100100000
0001110001100101
1100010001100100
0101011000000100
1001001001101000
0111111111111111
1000000000000000
0111111111111111
1000000000000000
0111111111111111
1000000000000000
0111001011100010
1010010011100000
0100000011011101
1101110011101101
0000001010010010
0001110001000110
1100010101001111
0101011011010100
1001000010001000
0111111111111111
1000000000000000
0111111111111111
1000000000000000
0111111111111111
1000000000000000
0111001000001100
1010010011001001
0100000110101100
1101110100001100
0000001100011010
0001110110110000
1100010101100001
0101011011011111
1001000100010111
0111111111111111
1000000000000000
0111111111111111
1000000000000000
0111111111111111
1000000000000000
0111001000101010
1010001111001110
0100000001100000
1101110111100110
0000001011000010
0001110011010000
1100010101010010
0101011000100110
1001000111011000
0111111111111111
1000000000000000
0111111111111111
1000000000000000
0111111111111111
1000000000000000
0111000101001000
1010010100001100
0100000100010111
1101111101011111
0000000111111100
0001110011111111
1100010001101011
0101011000011111
1001000000111001
0111111111111111
1000000000000000
0111111111111111
1000000000000000
0111111111111111
1000000000000000
0111001010000001
1010010100010111
0100000000101111
1101111000000101
0000001001111101
0001110011100110
1100010100101011
0101011001011101
1001000101001101
0111111111111111
1000000000000000
0111111111111111
1000000000000000
0111111111111111
1000000000000000
0111001000010000
1010010001100010
0100000100100001
1101110101011000
0000001100101000
0001110011010011
1100010111011100
0101011000110011
1001000110000001
0111111111111111
1000000000000000
0111111111111111
1000000000000000
0111111111111111
1000000000000000
0111001000000011
1010010001001111
0100000010100110
1101110100010110
0000001001101000
0001110000000011
1100010110011100
0101011101000010
1001000000010110
0111111111111111
1000000000000000
0111111111111111
1000000000000000
0111111111111111
1000000000000000
0111001011110010
1010010101001111
0011111100011110
1101110001001100
0000001010011111
0001110001000000
1100010010101000
0101011111111101
1001000111110110
0111111111111111
1000000000000000
0111111111111111
1000000000000000
0111111111111111
1000000000000000
0111001110000001
1010010110110001
0100000011010111
1101111000101100
0000010011000010
0001101011110100
1100010101010011
0101011010010011
1001000010100010
0111111111111111
1000000000000000
0111111111111111
1000000000000000
0111111111111111
1000000000000000
0111001111110100
1010010110000100
0100000100101010
1101110101110101
0000001000001110
0001110000100000
1100010111101010
0101010111110011
1001000100101100
0111111111111111
1000000000000000
0111111111111111
1000000000000000
0111111111111111
1000000000000000
0111000110000100
1010010001111010
0011111101110110
1101110111000110
0000001010111100
0001101101010100
1100010111111001
0101011000000001
1001000111101001
0111111111111111
1000000000000000
0111111111111111
1000000000000000
0111111111111111
1000000000000000
0111000110001101
1010010100001011
0011111110011010
1101110100011110
0000001101111101
0001101101101110
1100010011011001
0101011011100100
1001000001111000
0111111111111111
1000000000000000
0111111111111111
1000000000000000
0111111111111111
1000000000000000
0111001110100110
1010010001101001
0011111111101001
1101110100000011
0000000110101010
0001110000000111
1100010010110110
0101100000001011
1001000111001010
0111111111111111
1000000000000000
0111111111111111
1000000000000000
0111111111111111
1000000000000000
0111001000101001
1010010110101010
0100001000010100
1101110111100001
0000001101110100
0001101110110100
1100010101110111
0101011011101111
1001000100111011
0111111111111111
1000000000000000
0111111111111111
1000000000000000
0111111111111111
1000000000000000
0111001001010000
1010001111110111
0100000010011110
1101110010111110
0000001011111101
0001110010011010
1100010101111001
0101011000101111
1001000100101001
0111111111111111
1000000000000000
0111111111111111
1000000000000000
0111111111111111
1000000000000000
0111001010111110
1010001100110100
0011111111100111
1101110100011101
0000001111010001
0001101111001001
1100010010011010
0101011100001111
1001001001001000
0111111111111111
1000000000000000
0111111111111111
1000000000000000
0111111111111111
1000000000000000
0111001101111011
1010010001011101
0011111100111011
1101110100110001
0000001011000001
0001110100110011
1100010011111000
0101011001001110
1001000110000100
0111111111111111
1000000000000000
0111111111111111
1000000000000000
0111111111111111
1000000000000000
0111000111101110
1010010100110000
0100000011000011
1101111001101011
0000001100010010
0001110010000110
1100010110001101
0101011011111111
1001000011111111
0111111111111111
1000000000000000
0111111111111111
1000000000000000
0111111111111111
1000000000000000
0111001100111000
1010010000000010
0100000000000111
1101110001111110
0000001101000000
0001110001110001
1100010011001001
0101011100100110
1001000111111111
0111111111111111
1000000000000000
0111111111111111
1000000000000000
0111111111111111
1000000000000000
0111001001000000
1010001110100011
0100000000110110
1101110101011011
0000001011100010
0001110011000100
1100011001000101
0101011001011111
1001000011000001
0111111111111111
1000000000000000
0111111111111111
1000000000000000
0111111111111111
1000000000000000
0111001011100101
1010010001011101
0011111110111011
1101110111001101
0000001101001010
0001101110101110
1100010010000010
0101011010111100
1001001001001100
0111111111111111
1000000000000000
0111111111111111
1000000000000000
0111111111111111
1000000000000000
0111001000110000
1010010001101001
0011111110011110
1101110100001010
0000001010000000
0001101110010110
1100010101111001
0101011110111111
1001000100101010
0111111111111111
1000000000000000
0111111111111111
1000000000000000
0111111111111111
1000000000000000
0111001101111011
1010010100011001
0011111111001111
1101110011111100
0000001110110010
0001101101010010
1100011010010010
0101010110000111
1001000011010000
0111111111111111
1000000000000000
0111111111111111
1000000000000000
0111111111111111
1000000000000000
0111001111001011
1010010100000001
0100000110001100
1101110111100011
0000001101011110
0001110101010000
1100010011011011
0101011000101010
1001000010110000
0111111111111111
1000000000000000
0111111111111111
1000000000000000
0111111111111111
1000000000000000
0111001001100001
1010001110100111
0100000011100111
1101111101000001
0000001010000010
0001101111010110
1100010011000100
0101011001001110
1001001000100001
0111111111111111
1000000000000000
0111111111111111
1000000000000000
0111111111111111
1000000000000000
0111001001011101
1010010001011110
0100000101001010
1101110110101000
0000001110101010
0001110000000001
1100010000100100
0101011010001101
1001001010000110
0111111111111111
1000000000000000
0111111111111111
1000000000000000
0111111111111111
1000000000000000
0111001011010100
1010010001101010
0100000010101000
1101110101110110
0000001101111001
0001110100001000
1100010100101100
0101011011000011
1001000001101011
0111111111111111
1000000000000000
0111111111111111
1000000000000000
0111111111111111
1000000000000000
0111001011010001
1010010010010011
0100000001100110
1101110101100101
0000001011010111
0001110100000101
1100010101000110
0101011010111100
1001000101111101
0111111111111111
1000000000000000
0111111111111111
1000000000000000
0111111111111111
1000000000000000
0111001011101111
1010010000100010
0011111101101001
1101110100000010
0000001011001110
0001110011010000
1100010110111001
0101011101100100
1001000001100101
0111111111111111
1000000000000000
0111111111111111
1000000000000000
0111111111111111
1000000000000000
0111001011000000
1010010011000011
0100000101010000
1101111010011101
0000001101100010
0001110010111011
1100010001111100
0101011001011000
1001000011100000
0111111111111111
1000000000000000
0111111111111111
1000000000000000
0111111111111111
1000000000000000
0111001001010010
1010001110010011
0100000110100100
1101110011010100
0000001101011101
0001101101110100
1100010011000111
0101011011100111
1001000010111110
0111111111111111
1000000000000000
0111111111111111
1000000000000000
0111111111111111
1000000000000000
0111000101111011
1010001111101001
0100000001001000
1101110100000111
0000001011000111
0001110010101111
1100010101111100
0101011010101001
1001000011001111
0111111111111111
1000000000000000
0111111111111111
1000000000000000
0111111111111111
1000000000000000
0111001001000000
1010010001010110
0100000100000010
1101110100101101
0000001010110110
0001101111101010
1100010100000101
0101011101111101
1001000110101000
0111111111111111
1000000000000000
0111111111111111
1000000000000000
0111111111111111
1000000000000000
0111010000100010
1010010001001011
0100000011110010
1101110011100010
0000001001111000
0001101101111111
1100010111010111
0101100000000001
1001000010100101
0111111111111111
1000000000000000
0111111111111111
1000000000000000
0111111111111111
1000000000000000
0111001110000001
1010001111110011
0011111011111101
1101110010111100
0000001011110111
0001101111011111
1100010100111010
0101011010100000
1001001100110011
0111111111111111
1000000000000000
0111111111111111
1000000000000000
0111111111111111
1000000000000000
0111001001011000
1010010100001010
0100000010001000
1101110100110110
0000001111000000
0001110011100101
1100010010010000
0101011100100100
1001000101011110
0111111111111111
1000000000000000
0111111111111111
1000000000000000
0111111111111111
1000000000000000
0111001110100010
1010001111110001
0100000010100100
1101111000001110
0000010000011100
0001101110111110
1100010011010001
0101010101010010
1001000000001011
0111111111111111
1000000000000000
0111111111111111
1000000000000000
0111111111111111
1000000000000000
0111001000110001
1010010011100100
0100000000111010
1101110110101110
0000001110101101
0001110000000100
1100001110100110
0101011001010101
1001000110001110
0111111111111111
1000000000000000
0111111111111111
1000000000000000
0111111111111111
1000000000000000
0111001100010101
1010010001011001
0100000100010100
1101110110101000
0000001001000001
0001101100010110
1100010011011000
0101011001111010
1001000011110011
0111111111111111
1000000000000000
0111111111111111
1000000000000000
0111111111111111
1000000000000000
0111001001111101
1010010011000011
0100000011111111
1101110011110100
0000001101000100
0001110010111001
1100010010010010
0101011110101111
1001001000011001
0111111111111111
1000000000000000
0111111111111111
1000000000000000
0111111111111111
1000000000000000
0111001011101001
1010010101110001
0100000010111000
1101110011001100
0000001010111001
0001110010110001
1100010111101011
0101011011100110
1001001000001010
0111111111111111
1000000000000000
0111111111111111
1000000000000000
0111111111111111
1000000000000000
0111001001111111
1010010000010001
0100000100001100
1101110010101101
0000000110011100
0001110101001000
1100010011100000
0101011000100100
1001000011110100
0111111111111111
1000000000000000
0111111111111111
1000000000000000
0111111111111111
1000000000000000
0111001111010101
1010010001111100
0100000100000110
1101111010000100
0000001100001001
0001110000010001
1100010000101101
0101011100100001
1001000001011101
0111111111111111
1000000000000000
0111111111111111
1000000000000000
0111111111111111
1000000000000000
0111001011111001
1010010011011011
0011111111011111
1101110100011100
0000001101101011
0001110100011110
1100010011111100
0101011110101111
1001000110111011
0111111111111111
1000000000000000
0111111111111111
1000000000000000
0111111111111111
1000000000000000
0111001000010000
1010001111010000
0100000000010001
1101111000001110
0000001011001000
0001110001010001
1100010010011110
0101011110111110
1001000011001111
0111111111111111
1000000000000000
0111111111111111
1000000000000000
0111111111111111
1000000000000000
0111001010011010
1010010000101101
0100000100100010
1101111000100001
0000001110100001
0001110110001010
1100010101100000
0101011001100000
1001000010110101
0111111111111111
1000000000000000
0111111111111111
1000000000000000
0111111111111111
1000000000000000
0111001100010111
1010010001100001
0011111110100111
1101110100001011
0000000101101110
0001110101110101
1100010001100111
0101010111100011
1001000111010011
0111111111111111
1000000000000000
0111111111111111
1000000000000000
0111111111111111
1000000000000000
0111001001110101
1010001100101000
0011111111000101
1101110110010011
0000001110000100
0001110100110011
1100011001010101
0101011001011111
1001000101111001
0111111111111111
1000000000000000
0111111111111111
1000000000000000
0111111111111111
1000000000000000
0111000111100001
1010010100010011
0100000001101110
1101110100000100
0000001011000111
0001101110100110
1100010100010110
0101011101010110
1001000100100101
0111111111111111
1000000000000000
0111111111111111
1000000000000000
0111111111111111
1000000000000000
0111001010100111
1010010011101101
0011111111001010
1101110101111101
0000001110010101
0001110001100011
1100010010100110
0101011110001010
1001000000000000
0111111111111111
1000000000000000
0111111111111111
1000000000000000
0111111111111111
1000000000000000
0111001010000100
1010010000100101
0100000101111101
1101111000100111
0000000110010110
0001101111011001
1100010010000001
0101011110000110
1001000110101100
0111111111111111
1000000000000000
0111111111111111
1000000000000000
0111111111111111
1000000000000000
0111001100110111
1010001101000000
0100000110001111
1101110001101011
0000001010011000
0001110110000010
1100001110011101
0101011110000000
1001000011110111
0111111111111111
1000000000000000
0111111111111111
1000000000000000
0111111111111111
1000000000000000
0111001100101000
1010010010101101
0100000000001100
1101110001111110
0000001101000100
0001110100111100
1100010001000100
0101011000101011
1001000111010100
0111111111111111
1000000000000000
0111111111111111
1000000000000000
0111111111111111
1000000000000000
0111001100100101
1010011001011000
0100000011111010
1101110110111010
0000001010001100
0001110001001000
1100010010100011
0101100000110100
1001000010010000
0111111111111111
1000000000000000
0111111111111111
1000000000000000
0111111111111111
1000000000000000
0111001101011010
1010010011000001
0100000101001011
1101110110111001
0000001010100010
0001101110101110
1100010001111000
0101010111100100
1001000110001010
0111111111111111
1000000000000000
0111111111111111
1000000000000000
0111111111111111
1000000000000000
0111001001000000
1010010010100110
0100000010001100
1101110110101011
0000001101101101
0001110001010111
1100010011101110
0101011001001100
1001001000010001
0111111111111111
1000000000000000
0111111111111111
1000000000000000
0111111111111111
1000000000000000
0111001101101010
1010010000000010
0100000010001011
1101110110001000
0000010001010010
0001110000001001
1100001110001010
0101011100010001
1001000101110011
0111111111111111
1000000000000000
0111111111111111
1000000000000000
0111111111111111
1000000000000000
0111001000000110
1010010001010100
0100000001010100
1101110100101100
0000001111101111
0001101110100011
1100010011110101
0101011011110110
1001000011100000
0111111111111111
1000000000000000
0111111111111111
1000000000000000
0111111111111111
1000000000000000
0111001100100111
1010001101110011
0011111111111011
1101110001110010
0000001100100011
0001110101001000
1100011010101111
0101010110011000
1001000110000011
0111111111111111
1000000000000000
0111111111111111
1000000000000000
0111111111111111
1000000000000000
0111001001101111
1010010010000100
0011111101011011
1101110100010111
0000001010101101
0001110000001110
1100010011111110
0101010100111001
1001000010001101
0111111111111111
1000000000000000
0111111111111111
1000000000000000
0111111111111111
1000000000000000
0111001011111001
1010010100110111
0100000100101100
1101110110001111
0000001010001010
0001101110110110
1100010001101010
0101011000101000
1001000101011111
0111111111111111
1000000000000000
0111111111111111
1000000000000000
0111111111111111
1000000000000000
0111001001101010
1010010011011110
0100000000100001
1101110110011111
0000001011100011
0001110000010110
1100010100001100
0101011000011110
1001000000111110
0111111111111111
1000000000000000
0111111111111111
1000000000000000
0111111111111111
1000000000000000
0111001001001100
1010010011111100
0100000100011010
1101110101110010
0000001010000011
0001110000000011
1100010110011010
0101011000001100
1001000010110101
0111111111111111
1000000000000000
0111111111111111
1000000000000000
0111111111111111
1000000000000000
0111000110010100
1010010110000010
0100000001001001
1101110100000101
0000001100000100
0001110011000100
1100010110010011
0101011110001011
1001000110110101
0111111111111111
1000000000000000
0111111111111111
1000000000000000
0111111111111111
1000000000000000
0111001001100001
1010010011110011
0100000100000010
1101111100011010
0000001100110110
0001110111110001
1100010010110010
0101011001101101
1001000110001101
0111111111111111
1000000000000000
0111111111111111
1000000000000000
0111111111111111
1000000000000000
0111001001100001
1010001000111100
0100000001000101
1101110110101101
0000001011010111
0001110010111110
1100010011110100
0101011100110111
1001000101010000
0111111111111111
1000000000000000
0111111111111111
1000000000000000
0111111111111111
1000000000000000
0111001011110111
1010010000010101
0100000000010000
1101110011011001
0000001011101110
0001110110000100
1100010010111010
0101011000111001
1001000110101101
0111111111111111
1000000000000000
0111111111111111
1000000000000000
0111111111111111
1000000000000000
0111000101010111
1010010001111011
0100000000010000
1101111001111100
0000001100011110
0001110101110011
1100010001001100
0101011011010011
1001001011100010
0111111111111111
1000000000000000
0111111111111111
1000000000000000
0111111111111111
1000000000000000
0111001001011101
1010010010111011
0011111111010101
1101110111011010
0000001010101001
0001110001011110
1100010101001001
0101010110001010
1001000010010101
0111111111111111
1000000000000000
0111111111111111
1000000000000000
0111111111111111
1000000000000000
0111001001111000
1010010011000111
0100000101110110
1101111000110001
0000001000000001
0001110100111000
1100010100101111
0101011100011010
1001000011001110
0111111111111111
1000000000000000
0111111111111111
1000000000000000
0111111111111111
1000000000000000
0111001000110001
1010010001000101
0100000001000111
1101111000100010
0000001001100011
0001110000001000
1100010001100101
0101011101101010
1001000111100010
0111111111111111
1000000000000000
0111111111111111
1000000000000000
0111111111111111
1000000000000000
0111001101101001
1010010100110100
0100000010010101
1101110101010011
0000001111100010
0001110000110101
1100010010110001
0101011010111011
1001001001001100
0111111111111111
1000000000000000
0111111111111111
1000000000000000
0111111111111111
1000000000000000
0111001001100010
1010001111001001
0011111111110000
1101110110101101
0000010100001011
0001110101110000
1100010001001000
0101010111010001
1001001001010001
0111111111111111
1000000000000000
0111111111111111
1000000000000000
0111111111111111
1000000000000000
0111001110011101
1010010010111100
0100000000100011
1101110110101011
0000001010111011
0001110100011100
1100010010111110
0101011010000110
1001000100010101
0111111111111111
1000000000000000
0111111111111111
1000000000000000
0111111111111111
1000000000000000
0111001011011100
1010001101111111
0100000111110100
1101110101001101
0000000110000111
0001110001101000
1100010100100100
0101011010010000
1001000100110000
0111111111111111
1000000000000000
0111111111111111
1000000000000000
0111111111111111
1000000000000000
0111001010011001
1010010001010111
0100000010110111
1101110111001010
0000001011101100
0001110101101101
1100010100011010
0101011011101110
1001000101010100
0111111111111111
1000000000000000
0111111111111111
1000000000000000
0111111111111111
1000000000000000
0111001100011000
1010010010100001
0100000010011010
1101111010100000
0000010001011010
0001110000010010
1100010011010110
0101011000110000
1001000111011010
0111111111111111
1000000000000000
0111111111111111
1000000000000000
0111111111111111
1000000000000000
0111001101110110
1010001101011001
0100000000111110
1101110101001110
0000001011010110
0001110011010001
1100011000011001
0101011010001000
1001001001101110
0111111111111111
1000000000000000
0111111111111111
1000000000000000
0111111111111111
1000000000000000
0111010001100100
1010010010001111
0011111100100101
1101111000000111
0000001010000010
0001101110111010
1100010110110000
0101011101100011
1001000000101001
0111111111111111
1000000000000000
0111111111111111
1000000000000000
0111111111111111
1000000000000000
0111001010101111
1010010010010010
0100000011010100
1101111001111100
0000001011101010
0001101101101100
1100010001000000
0101011110011111
1001000011000100
0111111111111111
1000000000000000
0111111111111111
1000000000000000
0111111111111111
1000000000000000
0111001010100101
1010010001110011
0100000011110100
1101110110000111
0000001011011111
0001110011010001
1100010011000100
0101011011101110
1001000010110100
0111111111111111
1000000000000000
0111111111111111
1000000000000000
0111111111111111
1000000000000000
0111001100010100
1010001111001011
0011111111001000
1101110111001101
0000001011111011
0001101111010100
1100010111011001
0101011011011011
1001000100001111
0111111111111111
1000000000000000
0111111111111111
1000000000000000
0111111111111111
1000000000000000
0111001011011111
1010001100001110
0011111111001101
1101110011001010
0000001101000101
0001110011000001
1100010000010011
0101011100000000
1001001100011101
0111111111111111
1000000000000000
0111111111111111
1000000000000000
0111111111111111
1000000000000000
0111000111010000
1010010101001010
0011111011100111
1101110011111111
0000010000110101
0001101010111001
1100011000011000
0101011000010001
1000111100101010
0111111111111111
1000000000000000
0111111111111111
1000000000000000
0111111111111111
1000000000000000
0111000111111010
1010010010011011
0011111101100011
1101110100011110
0000001101001010
0001110000110011
1100010101010001
0101011001111001
1001000010001100
0111111111111111
1000000000000000
0111111111111111
1000000000000000
0111111111111111
1000000000000000
0111001110010000
1010010011001100
0100000000111010
1101111011110001
0000001011010010
0001110000111111
1100001110101011
0101011011101010
1001000111010010
0111111111111111
1000000000000000
0111111111111111
1000000000000000
0111111111111111
1000000000000000
0111001011100111
1010010010001010
0100000000001010
1101110101010111
0000001100001111
0001110001100111
1100010101100101
0101011011010110
1001001000001101
0111111111111111
1000000000000000
0111111111111111
1000000000000000
0111111111111111
1000000000000000
0111000111110001
1010010000101010
0011111110010000
1101110110010001
0000001010101100
0001110011111000
1100010010110110
0101011011011010
1001001000101110
0111111111111111
1000000000000000
0111111111111111
1000000000000000
0111111111111111
1000000000000000
0111001110001110
1010001101011110
0100000011001010
1101110000001010
0000001011010110
0001110101000000
1100010101010111
0101011110001000
1001000000010001
0111111111111111
1000000000000000
0111111111111111
1000000000000000
0111111111111111
1000000000000000
0111001100001111
1010010000011100
0100000001011000
1101110101101011
0000001100101101
0001110000001000
1100010100011100
0101011010111111
1001000101110111
0111111111111111
1000000000000000
0111111111111111
1000000000000000
0111111111111111
1000000000000000
0111001010010001
1010001100100001
0011111111101110
1101110100000111
0000001100000001
0001110010111101
1100010101101010
0101011110100011
1001000101000010
0111111111111111
1000000000000000
0111111111111111
1000000000000000
0111111111111111
1000000000000000
0111001010111110
1010010000101110
0100000000111110
1101111000111000
0000001100111011
0001110100110001
1100010111111100
0101011010111000
1001000010011101
0111111111111111
1000000000000000
0111111111111111
1000000000000000
0111111111111111
1000000000000000
0111001011100011
1010010010101010
0100000001000100
1101110110100100
0000001010110101
0001110010010000
1100010010001010
0101011011000101
1001000010001001
0111111111111111
1000000000000000
0111111111111111
1000000000000000
0111111111111111
1000000000000000
0111001011010001
1010001101111011
0100000010100110
1101110111101100
0000001010101111
0001110000101111
1100010010000001
0101011110011110
1001000011100011
0111111111111111
1000000000000000
0111111111111111
1000000000000000
0111111111111111
1000000000000000
0111010000011001
1010010000011101
0100000010001101
1101110100110101
0000001011111111
0001111101000101
1100011000011010
0101011011101110
1001000000111101
0111111111111111
1000000000000000
0111111111111111
1000000000000000
0111111111111111
1000000000000000
0111000101001101
1010010010101011
0100000010011000
1101110100001010
0000000111100111
0001101110101101
1100010000001001
0101011101001101
1001000110111101
0111111111111111
1000000000000000
0111111111111111
1000000000000000
0111111111111111
1000000000000000
0111001100100100
1010010001011011
0011111110101100
1101110100011110
0000001110111010
0001101110101001
1100010011100110
0101011110010100
1001000101100001
0111111111111111
1000000000000000
0111111111111111
1000000000000000
0111111111111111
1000000000000000
0111001101010111
1010010100101011
0100000010000111
1101110111101101
0000001010000100
0001110011110101
1100010100111000
0101011001110010
1001000101110111
0111111111111111
1000000000000000
0111111111111111
1000000000000000
0111111111111111
1000000000000000
0111001101001011
1010001101000010
0100000101101000
1101110001011110
0000001001111011
0001110100001101
1100010100000000
0101011010011011
1001000010001110
0111111111111111
1000000000000000
0111111111111111
1000000000000000
0111111111111111
1000000000000000
0111001010010011
1010010011000110
0100000000010001
1101111001000100
0000001110101000
0001110110001100
1100010010011001
0101011101110000
1001000110110010
0111111111111111
1000000000000000
0111111111111111
1000000000000000
0111111111111111
1000000000000000
0111001011000101
1010001110010000
0100000001110101
1101110101000100
0000001010110001
0001110001000000
1100010101111110
0101011101101100
1001000101100111
0111111111111111
1000000000000000
0111111111111111
1000000000000000
0111111111111111
1000000000000000
0111001001001000
1010010000111100
0011111111100011
1101110100111000
0000001100110100
0001110010011011
1100010111100000
0101011000111100
1001000101110111
0111111111111111
1000000000000000
0111111111111111
1000000000000000
0111111111111111
1000000000000000
0111001101000110
1010010100010011
0100000001010101
1101110100111000
0000001010010000
0001110000111010
1100010111011000
0101011010111100
1001001101010010
0111111111111111
1000000000000000
0111111111111111
1000000000000000
0111111111111111
1000000000000000
0111001000010011
1010010011011110
0100000001101111
1101110011101101
0000001111101111
0001110000011011
1100011000100100
0101011100001001
1001001001101111
0111111111111111
1000000000000000
0111111111111111
1000000000000000
0111111111111111
1000000000000000
0111001100000101
1010010000101101
0011111111100110
1101110111111111
0000001010000011
0001110011011000
1100010000110000
0101011010110001
1001000010000011
0111111111111111
1000000000000000
0111111111111111
1000000000000000
0111111111111111
1000000000000000
0111001001100001
1010001111001101
0011111111111010
1101111001001111
0000001101010001
0001110100010000
1100010010100100
0101010111100100
1001000011110000
0111111111111111
1000000000000000
0111111111111111
1000000000000000
0111111111111111
1000000000000000
0111001010000000
1010001101001110
0011111101000011
1101110100110110
0000001011001000
0001110011101100
1100010011011110
0101011110001011
1001001000101111
0111111111111111
1000000000000000
0111111111111111
1000000000000000
0111111111111111
1000000000000000
0111001101010010
1010010010100101
0100000010110100
1101110101101011
0000001111101000
0001110011110011
1100010101101001
0101011100011100
1001000011101101
0111111111111111
1000000000000000
0111111111111111
1000000000000000
0111111111111111
1000000000000000
0111001011001101
1010001110010010
0100000000111001
1101111010000101
0000001001110110
0001110001110011
1100010000011111
0101011000100001
1001000010111000
0111111111111111
1000000000000000
0111111111111111
1000000000000000
0111111111111111
1000000000000000
0111001100110010
1010010001001111
0100000001000101
1101110100000001
0000001100100011
0001110001101101
1100010010110010
0101011100011010
1001000101110110
0111111111111111
1000000000000000
0111111111111111
1000000000000000
0111111111111111
1000000000000000
0111001100001111
1010001110101000
0100000100100110
1101110101101000
0000010000000010
0001110000011010
1100010010111100
0101011110111100
1001000100111110
0111111111111111
1000000000000000
0111111111111111
1000000000000000
0111111111111111
1000000000000000
0111001101101000
1010001011100000
0100000001101111
1101110100111110
0000001111000011
0001110000100001
1100010000001101
0101011001110110
1001000111010000
0111111111111111
1000000000000000
0111111111111111
1000000000000000
0111111111111111
1000000000000000
0111001110110110
1010010000001001
0100000011001100
1101111100011011
0000001011010101
0001110001001101
1100010000100101
0101011000001011
1001000011000001
0111111111111111
1000000000000000
0111111111111111
1000000000000000
0111111111111111
1000000000000000
0111001001100100
1010010010111111
0100000010001100
1101110110111001
0000001011010111
0001110000100001
1100011001001111
0101011110100100
1001001011011001
0111111111111111
1000000000000000
0111111111111111
1000000000000000
0111111111111111
1000000000000000
0111001101010111
1010010010011110
0100000101011010
1101110101111010
0000001000001010
0001110110100010
1100010100001001
0101011000111000
1001000111111000
0111111111111111
1000000000000000
0111111111111111
1000000000000000
0111111111111111
1000000000000000
0111001010011110
1010001110110010
0011111100000111
1101110101111010
0000001101111001
0001110000010001
1100010111110000
0101011101000110
1001000111011001
0111111111111111
1000000000000000
0111111111111111
1000000000000000
0111111111111111
1000000000000000
0111001110011000
1010010100010110
0100000011110011
1101110110101100
0000000110111001
0001110010110000
1100010000111001
0101011100010101
1001000100011000
0111111111111111
1000000000000000
0111111111111111
1000000000000000
0111111111111111
1000000000000000
0111001000011110
1010001110111111
0100000110110111
1101110011110110
0000001011111100
0001110000110100
1100010011100011
0101011011100101
1001000010101011
0111111111111111
1000000000000000
0111111111111111
1000000000000000
0111111111111111
1000000000000000
0111001000011010
1010010010110101
0011111111100110
1101111000010011
0000001100111010
0001110000100011
1100010111010000
0101011100000000
1001000101011101
0111111111111111
1000000000000000
0111111111111111
1000000000000000
0111111111111111
1000000000000000
0111001100110000
1010010011001110
0100000001000110
1101110111011011
0000001101001110
0001110000010100
