11111111111101110110                      
11111111110010101100                      
11111111101011011010                      
11111111111101111101                      
00000000001100001001                      
11111111111001111011                      
11111111111001010000                      
00000000001101000001                      
11111111111011011110                      
11111111110100011001                      
00000000010001001111                      
11111111111101011110                      
11111111101100101011                      
00000000010110100111                      
00000000000001101011                      
11111111100001110011                      
00000000011100011110                      
00000000001001000110                      
11111111010011000100                      
00000000100010011000                      
00000000010101001011                      
11111110111111001100                      
00000000101000000001                      
00000000101000011100                      
11111110100011010100                      
00000000101101000010                      
00000001001000010100                      
11111101111000011001                      
00000000110001000110                      
00000010000100000001                      
11111100100111010100                      
00000000110011111110                      
00000100011111001000                      
11111000101000011000                      
00000000110101011101                      
00100010110110000111                      
00100010110110000111                      
00000000110101011101                      
11111000101000011000                      
00000100011111001000                      
00000000110011111110                      
11111100100111010100                      
00000010000100000001                      
00000000110001000110                      
11111101111000011001                      
00000001001000010100                      
00000000101101000010                      
11111110100011010100                      
00000000101000011100                      
00000000101000000001                      
11111110111111001100                      
00000000010101001011                      
00000000100010011000                      
11111111010011000100                      
00000000001001000110                      
00000000011100011110                      
11111111100001110011                      
00000000000001101011                      
00000000010110100111                      
11111111101100101011                      
11111111111101011110                      
00000000010001001111                      
11111111110100011001                      
11111111111011011110                      
00000000001101000001                      
11111111111001010000                      
11111111111001111011                      
00000000001100001001                      
11111111111101111101                      
11111111101011011010                      
11111111110010101100                      
11111111111101110110