-0.00052612587185918902
-0.0032514763562514828
-0.0050282495599839622
-0.00049999740530950348
0.0029642983065634324
-0.00148553084724191
-0.0016461702112807897
0.0031780576454843047
-0.0011079315012647076
-0.0028335644153141847
0.0042086240905626375
-0.00061905728138380092
-0.0047202321072824611
0.0055217737295378648
0.0004079685846686415
-0.0073748115011193442
0.0069502712939298415
0.0022188156306166612
-0.010971261131101659
0.0083938539230088566
0.0051700619867333037
-0.015823725243143148
0.0097707083169621314
0.0098734338296660069
-0.022628623723972098
0.01099235345101161
0.017654889782652526
-0.033106407343727613
0.01198389479216334
0.032230573254633424
-0.052900782214415118
0.012686457787324981
0.070100554432905832
-0.11514327739353622
0.013048191923761304
0.5444616462363312
0.5444616462363312
0.013048191923761304
-0.11514327739353622
0.070100554432905832
0.012686457787324981
-0.052900782214415118
0.032230573254633424
0.01198389479216334
-0.033106407343727613
0.017654889782652526
0.01099235345101161
-0.022628623723972098
0.0098734338296660069
0.0097707083169621314
-0.015823725243143148
0.0051700619867333037
0.0083938539230088566
-0.010971261131101659
0.0022188156306166612
0.0069502712939298415
-0.0073748115011193442
0.0004079685846686415
0.0055217737295378648
-0.0047202321072824611
-0.00061905728138380092
0.0042086240905626375
-0.0028335644153141847
-0.0011079315012647076
0.0031780576454843047
-0.0016461702112807897
-0.00148553084724191
0.0029642983065634324
-0.00049999740530950348
-0.0050282495599839622
-0.0032514763562514828
-0.00052612587185918902
