0000000000000000
1111111111010001
1111111101111101
1111111101100000
0001001011100100
0100011000101111
0110101010010101
0111101110010101
0111100110010101
0110001001000010
0011101000010100
0000011100111000
1101001011001101
1010011001101011
1000101001011110
1000001000101000
1000111010110011
1010111110010011
1101111101010000
0001001100110010
0100010011011010
0110100111110110
0111110010111000
0111100111000011
0110001010110010
0011101011001111
0000011000010010
1101001011001100
1010100000011011
1000101010000110
1000000111010111
1000111100001100
1010111111000100
1101111101010011
0001001101000010
0100001111100110
0110100101000011
0111110011110000
0111101001010001
0110001010001010
0011100111111000
0000100000010111
1101001111001011
1010100000011001
1000101110011000
1000000101100000
1000111100010001
1011000100011001
1101111011111001
0001001010100011
0100001111010111
0110100101111101
0111110010111010
0111100110001001
0110001001001101
0011100111111111
0000011100010011
1101001101111111
1010011101111000
1000101000110111
1000001000101010
1000111100001111
1011000001010110
1101111011110001
0001001010000000
0100010100001110
0110100101110000
0111110111001011
0111100111011101
0110001110000111
0011100110101000
0000011011011110
1101001100001011
1010011010100101
1000100110101001
1000001000100000
1000111010010100
1010111111000000
1101111001111100
0001001101011010
0100001110101001
0110100100111011
0111110010111110
0111100111100001
0110001001101101
0011100110111110
0000011101010101
1101001011011010
1010011011010110
1000101010011011
1000000101111010
1000111100110101
1010111110110100
1101111100010110
0001010000001001
0100010001001011
0110100100011011
0111101111101000
0111101001010100
0110001000111000
0011100101010010
0000011110000001
1101001101000110
1010011100101100
1000101010100000
1000000111000011
1000111101110001
1011000011101000
1101110111110111
0001001101000001
0100010001100101
0110101000110110
0111110011000010
0111101000111000
0110001101011000
0011101010011100
0000011101010110
1101010000001001
1010011100001111
1000101011011011
1000000111110010
1001000000000011
1010111110100110
1101111001110100
0001001011101110
0100001111110011
0110100111100111
0111110001011001
0111101011010010
0110001100100001
0011101001010011
0000011110001100
1101001100001101
1010011100000011
1000101001010011
1000000111101100
1000111010001101
1010111101111011
1101111010011111
0001001001011110
0100001110011011
0110100110011001
0111110001001111
0111101000101010
0110001001000101
0011100110100011
0000100000000010
1101001100111110
1010011011010011
1000100111110100
1000001000001011
1000111010010111
1010111111001001
1101111011110111
0001001110011001
0100001111010101
0110100101100110
0111110100001011
0111101011110010
0110001011011010
0011100110000000
0000011110110110
1101001110001101
1010011100100010
1000101000110100
1000001000110001
1000111001111111
1010111111110011
1101111010011100
0001001100011100
0100010011100100
0110101010110001
0111101111111000
0111100110011010
0110001001010000
0011101000000010
0000011100011111
1101001101110010
1010011101000000
1000101001110110
1000000101100000
1001000000111001
1011000001000110
1101111100001011
0001001111000110
0100001111111110
0110100101110010
0111110001101001
0111101000100011
0110000111010110
0011101010010000
0000011101010011
1101001100000100
1010011011110001
1000101000111010
1000000011001000
1000111100100011
1011000000110100
1101111101001000
0001001100000000
0100010000100101
0110100011010010
0111110010100001
0111101010010000
0110001011001010
0011101000011000
0000011110101011
1101001101101001
1010011110100101
1000100111110110
1000000100000110
1000111101100000
1010111110010011
1101111000110000
0001001101100011
0100010001000001
0110100111001001
0111101111100110
0111101100001011
0110001001011000
0011100111000110
0000011110001100
1101001110010011
1010011100100100
1000101001110111
1000001000111111
1000111100011101
1010111100111101
1101111110010111
0001001100111011
0100001111010001
0110100110011110
0111110100011011
0111101000100000
0110001001010100
0011100100111111
0000011011101100
1101010000101000
1010100001100011
1000101010100001
1000000110101110
1000111011011000
1011000100001011
1101111010000110
0001001010111101
0100010000101100
0110100111010100
0111110001101111
0111101010001100
0110001101001101
0011101001101001
0000011100100010
1101001011101100
1010011011010011
1000101001000010
1000001000011110
1000111011110110
1011000010000001
1101111010110100
0001001010010000
0100010001011111
0110100111111110
0111110101001001
0111101001010000
0110001001101100
0011100101110011
0000100000001100
1101001011001000
1010010111110010
1000100110010001
1000001011011101
1000111110110100
1010111111010010
1101111100010010
0001001101110001
0100010000010010
0110101000111011
0111110011101010
0111100111000011
0110001000111010
0011100110001100
0000011011111000
1101001110110011
1010011110011101
1000101000101001
1000001000001011
1000111101111100
1010111111111011
1101111000111110
0001001100010011
0100010100111011
0110100111100001
0111110001101110
0111101010011101
0110001010100110
0011101000111100
0000100001000011
1101001111100011
1010011110101011
1000100110011011
1000000101110001
1000111100010010
1010111110101011
1101111011011011
0001001100111000
0100001110100011
0110101010111110
0111110011111011
0111101000101100
0110001001011110
0011100101101100
0000011011111010
1101001101010001
1010011101110000
1000101010110010
1000001011000011
1000111100000110
1010111101101111
1101111011110000
0001001100110000
0100010001010100
0110100101010111
0111110011011111
0111101010101111
0110001010011100
0011100110011111
0000011010001011
1101001101011100
1010011001011110
1000101011010011
1000000101000010
1000111011000110
1011000010111000
1101111010110001
0001001100110110
0100010001111000
0110100110001000
0111110010010110
0111100111101010
0110000110011010
0011100110101000
0000011111110100
1101001011101000
1010011100100110
1000101000010100
1000000100001110
1000111001110010
1011000000001110
1101111010110110
0001001001001000
0100010010000001
0110100111101100
0111110111000001
0111101001100111
0110001100000101
0011100100010010
0000011101101111
1101001110100011
1010011101101111
1000100011110100
1000000110101000
1000111011010100
1011000010101011
1101111010001110
0001001011101000
0100010001111100
0110100101000110
0111101110100101
0111100100101110
0110001010000000
0011101000110000
0000011010111010
1101001100010011
1010011110010100
1000100111000001
1000000110001100
1000111010110100
1011000001001010
1101111000111001
0001001011100100
0100010001101011
0110100010110110
0111110011000101
0111100111110110
0110001010001000
0011100101111101
0000011110101101
1101001100000110
1010011101010101
1000101010001101
1000001000100110
1000111101000110
1011000001000010
1101111100001010
0001001011001100
0100010010101000
0110100100010111
0111110011000011
0111101001100100
0110000110010011
0011100110101011
0000011101111100
1101001100111001
1010011011010111
1000101010001110
1000001000111101
1000111011111001
1011000000110100
1101111100000101
0001001011110001
0100010011100111
0110100111110001
0111110010100111
0111100110000000
0110001001001011
0011100111010000
0000011111100010
1101001100011101
1010011011100001
1000101000110100
1000000111001100
1000111110101011
1010111111000101
1101111010111000
0001001010111001
0100010001110010
0110101001111110
0111110100011011
0111101010101001
0110001111001011
0011101000001110
0000011111000011
1101001010110100
1010100000011000
1000101010000001
1000000101001010
1000111110000001
1010111110011111
1101111001110100
0001001110010010
0100010001011010
0110100110010001
0111110001000001
0111101010000110
0110001100100100
0011101001110011
0000011111110011
1101010000011111
1010011011110010
1000100111111110
1000000111111101
1000111101000011
1011000001101110
1101111001111010
0001001100100001
0100010101101011
0110100111100001
0111110011111110
0111101010001000
0110001010011101
0011100110010000
0000011100101010
1101001010110000
1010011011010111
1000100110010111
1000000101110111
1000111001101101
1011000000101110
1101111101001010
0001001110111000
0100010001001111
0110100110100100
0111110001100011
0111100101001001
0110001000010010
0011100101111011
0000011001110111
1101001011000101
1010011100110001
1000101000110000
1000001001110000
1000111111111010
1011000011100001
1101111101010111
0001001100001001
0100010010111111
0110100110101011
0111110011111111
0111100111110100
0110001100001100
0011100111001110
0000011101011011
1101001101101010
1010011101010101
1000101000000010
1000000110101110
1000111011100000
1010111111100110
1101111010111000
0001001110000111
0100010000001010
0110101000111001
0111110100010001
0111101000010011
0110001001000010
0011100110001111
0000011001010111
1101001011010010
1010011011001011
1000101010111101
1000001001110110
1000111110001001
1010111100111011
1101111011101011
0001001110110111
0100010001100000
0110100011101110
0111101111101101
0111101001101001
0110001011011110
0011100100011100
0000011110000100
1101001101000001
1010011100111101
1000100111110011
1000000111111101
1000111101100001
1010111110010011
1101111011111000
0001001100110011
0100010100011010
0110101001110001
0111110000011011
0111100110110111
0110001101000001
0011101000010100
0000011110000101
1101001110100000
1010011010101101
1000100101010000
1000000100111100
1000111011110110
1011000001110101
1101111011101000
0001001010111001
0100010001011111
0110100101111001
0111110100111010
0111100110110000
0110001010100110
0011101001001100
0000011110100011
1101001010110100
1010011100001100
1000101000011101
1000000101110111
1001000000111010
1010111111001010
1101111101001011
0001001101110110
0100001110111010
0110100110101011
0111101111110010
0111101000110001
0110001010011111
0011100110000110
0000011010011011
1101001100001010
1010011100001011
1000100111010010
1000000111110100
1000111100010001
1010111110100110
1101111011010100
0001010000101011
0100010001010001
0110100111000010
0111110000010111
0111101000110000
0110001010100011
0011101000111100
0000011100000010
1101010000011010
1010011100101010
1000101010101100
1000001001010011
1000111101000101
1011000000001010
1101111011110001
0001001110010110
0100010100000000
0110101001010011
0111110010101010
0111101001001000
0110001001001011
0011100111100001
0000011100010001
1101001011101001
1010011100101010
1000101010001101
1000000111100101
1000111100101110
1010111100110101
1101111011101111
0001001100010111
0100010010010000
0110100111001000
0111110001001111
0111100110110000
0110001000010110
0011100110001100
0000011100100110
1101001100001100
1010011101000111
1000101001100001
1000000101010101
1000111110011010
1011000001110101
1101111000111010
0001001110000101
0100010010110000
0110100101110100
0111110001111010
0111100110001010
0110001001110110
0011100110111011
0000011011000100
1101001101010111
1010011100111110
1000100101110000
1000001000100111
1000111111000000
1011000001011000
1101111100001100
0001001101111000
0100010011111111
0110100111000100
0111110010111000
0111100111010101
0110001000001001
0011100110011001
0000011100010010
1101001100010101
1010011011101101
1000101011100011
1000001011000000
1000111011111000
1011000000110100
1101111100110101
0001001011011010
0100001111100100
0110100100011010
0111110011010111
0111101010110010
0110001011010100
0011100101010000
0000011100100010
1101001100011111
1010011101111110
1000101011101000
1000000011111011
1000111101010100
1010111111110100
1101111011111000
0001001011010101
0100010000110000
0110100011100000
0111110010100001
0111100101111000
0110001001011000
0011100110011001
0000011011010010
1101001110100011
1010011011101000
1000100111010011
1000000110101111
1000111101000010
1011000000000000
1101111011010111
0001001100011001
0100010001010010
0110100110001111
0111110001011010
0111100111111011
0110001001110011
0011100111000101
0000011101110000
1101001101110101
1010011110010001
1000101011100100
1000001000100111
1000111010110100
1010111110000010
1101111001101111
0001001101110011
0100001111111100
0110100111010011
0111110011110000
0111101000111100
0110001000111101
0011100111010111
0000011111110110
1101001100010111
1010011001000011
1000100100100001
1000001000000100
1000111101101101
1011000010011011
1101111100110001
0001001100111100
0100010100101001
0110100110000111
0111110010000110
0111100100100000
0110001001010100
0011100111101011
0000011010101100
1101001011110011
1010011110110010
1000100110011110
1000001001100000
1000111101011010
1011000010100010
1101111010110000
0001001011011110
0100010010110100
0110100111010000
0111110101101010
0111101001011100
0110001000111001
0011100110111011
0000011101100000
1101001100110010
1010011011100011
1000101011000100
1000000111101000
1000111010011011
1011000010101111
1101111001101001
0001001101100001
0100001111011001
0110100111110101
0111110100001011
0111101000111101
0110001001110101
0011101000000001
0000011010000101
1101001100110110
1010011001110111
1000101010010000
1000000011110110
1000111011011111
1011000010011000
1101111011110001
0001001100010001
0100010011010000
0110101000011110
0111110001110100
0111100111111011
0110000111011111
0011100111111101
0000011001010100
1101001010111000
1010011110000010
1000101000100000
1000000110010101
1000111011111011
1010111011110110
1101111010010110
0001001001110001
0100010001001100
0110100111111110
0111110100000101
0111100101001000
0110001001000001
0011100110001111
0000011011010000
1101001110000101
1010011111010110
1000100111111010
1000001001000001
1000111001000101
1010111111001000
1101111001010001
0001001100011001
0100010011000100
0110100111100001
0111110010111101
0111101010101011
0110001100001100
0011100111101011
0000011100010100
1101001110010110
1010011101010001
1000101100001101
1000001000011111
1000111010000011
1010111111001110
1101111001101011
0001001101111011
0100010000011011
0110100110111001
0111110110011000
0111100111010101
0110001000011001
0011101000101010
0000100000110001
1101001010100100
1010011100110011
1000101011100010
1000000010111101
1000111101000001
1011000010011100
1101111010100001
0001001100011011
0100010100101001
0110100011001001
0111110010001100
0111101010100100
0110001000001111
0011100111001010
0000011111000101
1101001111001011
1010011010101010
1000100100111110
1000000101101100
1000111011000010
1011000000011001
1101111001011000
0001001101110110
0100010010001110
0110100110100111
0111110100111011
0111101001101011
0110001011110000
0011100101011011
0000011100100110
1101001000101101
1010011001101100
1000101000100110
1000000111000110
1001000000001110
1011000010010101
1101111100001001
0001001011110000
0100010010111100
0110100110100110
0111110100110101
0111101001110010
0110001010011111
0011101000001001
0000011101001111
1101001111110000
1010011111001001
1000101000111111
1000000111000011
1000111101001100
1011000000000000
1101111010110011
0001001011101010
0100010010110100
0110100110110001
0111110110010111
0111101001001100
0110001010100011
0011101000001111
0000011110010111
1101001101001011
1010011010101101
1000101001000010
1000000110100101
1000111101011100
1011000001110011
1101111100001100
0001001011011110
0100010011011100
0110100001010110
0111110001010000
0111101010011011
0110001011010100
0011100110000101
0000011100011100
1101001111100010
1010011010100110
1000101100011101
1000000110100000
1000111001111101
1011000010111010
1101111011111001
0001001110100001
0100010001110101
0110100100001011
0111110010101100
0111100111110110
0110001011001010
0011100110101111
0000100000001001
1101001011100001
1010011101001110
1000101001100110
1000000110000010
1000111011011001
1011000001010000
1101111011111110
0001001001111001
0100010100010101
0110100011101110
0111110010110000
0111101001010010
0110000111100011
0011101001010000
0000011101001110
1101001110100101
1010011110111110
1000101001011101
1000000111101011
1000111011100100
1010111111111010
1101111001101110
0001001011000111
0100010010011010
0110100011101010
0111110010111110
0111101010110101
0110001100001100
0011100100011110
0000011110010110
1101001100011010
1010011110101100
1000101010001011
1000001100001001
1000111000011000
1011000001101011
1101111011011000
0001001110000010
0100010010010100
0110100111001111
0111110001001101
0111100101101110
0110001010000111
0011101010011000
0000011011101111
1101001100011110
1010011100001001
1000101010101110
1000000101000011
1000111101100101
1010111111111010
1101111111101100
0001001101000001
0100010100100011
0110100110100001
0111110010011101
0111101100111111
0110001010010000
0011101000010110
0000011010101101
1101001110000101
1010011011011100
1000101010000001
1000000110101100
1000111000111010
1010111111111100
1101111100110101
0001001101101000
0100010010000101
0110100100100010
0111110100111001
0111100110100011
0110001100010001
0011100111011110
0000011011100010
1101001110111100
1010011010100010
1000101010110110
1000000011011100
1000111010101010
1011000010000111
1101111011010110
0001001110011011
0100010010100000
0110100101101100
0111110001111101
0111100111000111
0110000111110101
0011100111010010
0000011011101000
1101001101110111
1010011010010011
1000101010100001
1000000110111001
1000111010100001
1010111101110010
1101111100011111
0001001101101100
0100001111100110
0110101000000001
0111110011100111
0111100101100000
0110001000111000
0011100101111110
0000011101101101
1101001101001011
1010011110001110
1000101101001111
1000000100110110
1000111011010011
1011000001010000
1101111010110000
0001001101111111
0100010000001011
0110100111000010
0111110100000001
0111100101111100
0110000111001011
0011101011000110
0000011010110010
1101001101101001
1010011100101110
1000100111101111
1000001010111010
1000111000001011
1011000001011010
1101111100101010
0001001101110010
0100001111001010
0110100100001111
0111110011011010
0111100111010110
0110001001110000
0011100101000010
0000011011010101
1101001111101011
1010011011111010
1000101010001111
1000001000110000
1000111110001110
1011000010100001
1101111010100111
0001001100100011
0100010000010101
0110101001111010
0111110000000110
0111100110101011
0110001001110001
0011101001011011
0000100001010010
1101001100100100
1010011010110101
1000101010010110
1000000100101001
1000111100111100
1010111100100011
1101111011011011
0001001010110111
0100010011010101
0110100100110110
0111110101011100
0111100110100010
0110001010110100
0011101000111001
0000011110111110
1101001110001110
1010011110110101
1000101010011111
1000000101011110
1000111011101010
1011000000111100
1101111010011110
0001001111110011
0100010000010110
0110100010101011
0111110011010101
0111100110111101
0110001011000101
0011100110000001
0000011100010001
1101001101001010
1010011100100101
1000101100011101
1000000110111000
1000111101011000
1010111101110010
1101111011010100
0001010001010101
0100010010011110
0110100110001110
0111110001000101
0111101000010100
0110001010100011
0011101010010100
0000011100000011
1101001110100001
1010011100101100
1000101010100001
1000000110000011
1000111101011111
1010111110001010
1101111010110110
0001001100011000
0100010000011100
0110100100111011
0111110010101010
0111101001000001
0110001110010111
0011100110111000
0000011001001011
1101001110101011
1010011101001100
1000100110101000
1000001000011011
1000111010011011
1011000000011101
1101111101000010
0001001001011010
0100010000010100
0110100111111010
0111110001001000
0111100101110110
0110001000010110
0011101010001001
0000011101101000
1101001100111100
1010011111000110
1000101010101000
1000001001001101
1000111111010001
1011000001001111
1101111001110011
0001001111110111
0100010000011010
0110100111000001
0111101111011110
0111101010100010
0110001001010011
0011100111000100
0000011010110111
1101001011010111
1010011100101001
1000101001000000
1000000111110001
1000111101110000
1010111100010110
1101111000111110
0001001011100011
0100010011001101
0110100111001101
0111110010000011
0111100110101100
0110001001001010
0011100110100000
0000011011010101
1101001110010010
1010011100000110
1000101000010101
1000001000100101
1000111010101010
1011000001100111
1101111100011101
0001001101000011
0100010010100001
0110100110101000
0111110100011110
0111101000000000
0110000111011001
0011100011110010
0000011110000011
1101001101111110
1010011101101110
1000101000101011
1000000111100101
1000111101000111
1010111111000001
1101111011000111
0001001100101010
0100001111100100
0110101000010100
0111110010001001
0111101001010000
0110001010111010
0011100111101010
0000011100000001
1101001110000100
1010011010111110
1000101001110001
1000000110110100
1000111011011011
1010111110110011
1101111101010101
0001001100111001
0100010010000100
0110100100010011
0111110010101010
0111101001101001
0110001000111111
0011101011000001
0000011101100001
1101001110100111
1010011110111111
1000101000101010
1000001000111000
1000111101110100
1010111111010011
1101111100100111
0001001100110111
0100010100111001
0110100011101101
0111110110101010
0111100111010010
0110001011011000
0011101000101110
0000011111100111
1101010000111000
1010011010100101
1000100110100011
1000000110000001
1000111110111110
1011000010000001
1101111110010001
0001001101001001
0100001111010100
0110101010011011
0111110100011011
0111101000101101
0110001001111010
0011101011000100
0000011101111000
1101001110011100
1010011110011101
1000100111100110
1000001010010010
1000111001111111
1011000001011001
1101111000111101
0001001001010101
0100010010011010
0110101000001100
0111110001111010
0111100101111010
0110001011110111
0011101001101101
0000011100111110
1101001100110101
1010011101111010
1000101010001000
1000001010000100
1000111100001100
1010111111000001
1101111101101111
0001001111110011
0100010001101110
0110100110110010
0111110001101110
0111100110111100
0110000111011101
0011101000110111
0000011100000110
1101001111101000
1010011001010101
1000101010100110
1000000101101001
1000111100101011
1010111110101110
1101111100001100
0001001111100011
0100001111010011
0110100011100101
0111110110000010
0111100101111101
0110001011010011
0011100100011100
0000011011111111
1101001100111100
1010011100010101
1000101101000100
1000000111111010
1000111100001100
1010111100011111
1101111101001000
0001001101011100
0100010010011001
0110100110001010
0111110001100110
0111101010010011
0110001011001011
0011101000110011
0000011010110110
1101001111001100
1010011111100111
1000101001110111
1000000111000011
1000111110101010
1011000010111100
1101110111110100
0001001101001000
0100010001100000
0110101000010011
0111110001011110
0111101001111000
0110001000111010
0011100100000101
0000011011111101
1101001100010001
1010011100011010
1000100111001111
1000000111110110
1000111101011011
1011000001001101
1101111100100000
0001001011100010
0100001101110000
0110101000001110
0111110011010000
0111101001111010
0110001000101001
0011100111110111
0000011100101111
1101001011111010
1010011010110100
1000101001001101
1000000111110011
1000111100101011
1010111111000010
1101111101100011
0001001101001010
0100001111011110
0110101011001111
0111110101111011
0111100111110000
0110001010100000
0011100111000100
0000011101110000
1101001100100010
1010011011000000
1000101001011010
1000000110010111
1000111010101011
1010111111010010
1101111011001101
0001001011111100
0100010000100000
0110101000110100
0111110001010000
0111100111001010
0110001001011110
0011101001111010
0000011101011011
1101001111110010
1010011011100000
1000101011100001
1000000110100010
1000111010100110
1011000000000010
1101111111110010
0001001101010011
0100010010001111
0110100101101110
0111110100000001
0111101001100111
0110001001001110
0011100111000011
0000011010010100
1101001100101101
1010100000010111
1000100110100101
1000000110111001
1000111100000101
1010111111111101
1101111001010111
0001001100000110
0100010000010001
0110101000101100
0111110010000001
0111100110111101
0110001000100011
0011100011001111
0000011001110010
1101001101010010
1010011101110011
1000101100001100
1000001000110100
1000111100010001
1010111110001111
1101111010000011
0001001110110111
0100010010010100
0110100101010010
0111110100000110
0111100110011110
0110001000110101
0011101000111110
0000011101100011
1101001001110010
1010011110011110
1000100111100111
1000000101000011
1000111101110010
1010111111100101
1101111001110100
0001001100010101
0100010001100100
0110100011111010
0111110100110111
0111101011001111
0110001011111111
0011101000011010
0000011011110011
1101001110111010
1010011110100001
1000100110100111
1000000101101001
1000111010111011
1010111111111011
1101111100110101
0001001110000001
0100001110110011
0110100101011101
0111110010011000
0111101000110010
0110001000111011
0011100100111010
0000011011011001
1101001100001011
1010011100110110
1000101001100111
1000000111000101
1000111111011001
1010111111101100
1101111100000011
0001001011101010
0100001111010011
0110100110111001
0111110011100101
0111101001101111
0110001101100101
0011101000001110
0000011101101101
1101001100101111
1010011010000110
1000101000001111
1000000110110101
1000111110001001
1011000000111101
1101111010111101
0001001001000010
0100010000111000
0110100111001000
0111110010000101
0111101001101111
0110001001010000
0011100111111011
0000011101010001
1101010000000101
1010011011111111
1000100101111000
1000001000100100
1000111101011000
1010111101111110
1101111101011010
0001001011101111
0100010011000000
0110100111000000
0111110011010100
0111101001000101
0110001001101000
0011100110101010
0000011100001110
1101001100110110
1010011010011010
1000100111110000
1000001000001111
1001000000011100
1010111111010000
1101111011000111
0001001011011111
0100010001111101
0110100011010110
0111101101110010
0111101000010111
0110001010011111
0011101001001110
0000011011010110
1101001111101110
1010011010101100
1000101000101101
1000001000110100
1000111100100111
1011000001010001
1101111010001110
0001001101001100
0100010010101111
0110100111011111
0111110010111001
0111100110000011
0110001000100110
0011101001010011
0000011100110000
1101001110001111
1010011100111110
1000101000100001
1000000110100011
1000111111011100
1010111101011001
1101111101011111
0001001100100111
0100001110100101
0110100011111011
0111110001100101
0111101001000101
0110001101101111
0011100101111100
0000011110100101
1101010001011011
1010011100110001
1000101001000110
1000000101000110
1000111100000011
1011000001000010
1101111101010010
0001001110000001
0100010001111011
0110100111111011
0111110101101011
0111101010001100
0110000111110111
0011100110100011
0000011110100011
1101001111101011
1010011001101111
1000101000010110
1000000111001101
1000111011000111
1010111111101000
1101111100000001
0001001100010001
0100010001001010
0110100101111110
0111110011100000
0111101000110010
0110000110101011
0011100111000010
0000011001100110
1101001101110110
1010011010110011
1000101010100011
1000000101001101
1000111100010011
1010111110110000
1101110111000000
0001001011000101
0100001111011111
0110100011000100
0111110010010000
0111100110101001
0110001000100010
0011101010010011
0000011111001000
1101001110000000
1010011101010010
1000100011110100
1000001001010000
1000111101100000
1011000010001111
1101111001000110
0001001011101111
0100010000001000
0110100111010010
0111110001101001
0111101000101100
0110001101111101
0011101001111000
0000011011100010
1101001000011000
1010011001011100
1000101000010100
1000001001010000
1000111100101111
1011000011110110
1101111101110101
0001001101110001
0100010001100101
0110101001101101
0111110010001111
0111100111100100
0110001010001111
0011100110000101
0000011100100000
1101001101110101
1010011100110000
1000100111110101
1000000100110100
1000111100011100
1010111101001011
1101111010011000
0001001111101010
0100010001100101
0110101000000111
0111110001101111
0111100101011000
0110001001010111
0011100111100100
0000011011011101
1101001101010101
1010011100001101
1000101000001000
1000001010101100
1000111101000111
1011000001010000
1101111100010000
0001001100101111
0100010001001000
0110100111111010
0111110100001001
0111101000000100
0110000110000001
0011101001000110
0000011110011001
1101001100010111
1010011101111111
1000100110010010
1000000100011001
1000111100101100
1010111110101001
1101111010000100
0001001010100001
0100010001010100
0110100101110110
0111110010111001
0111100111110111
0110001000010000
0011100110111001
0000011100010100
1101001011010001
1010011001100101
1000100110011101
1000001010011101
1001000000001001
1011000000100001
1101111001000010
0001001100101111
0100010011010000
0110101000110001
0111110010111001
0111100100100101
0110001100000110
0011100110111100
0000011110000011
1101001101100000
1010011001011010
1000101000100111
1000001000001100
1000111011001111
1011000000101001
1101111001100011
0001010000101010
0100010010010110
0110101001110111
0111110010000100
0111100110101101
0110001001110100
0011100110000000
0000011100110001
1101001011010100
1010100000110001
1000101001000100
1000000110101011
1000111111101100
1011000011000111
1101111101010000
0001001100011001
0100010010110010
0110100110010000
0111110101001001
0111101000010001
0110001011110110
0011101011001000
0000011011010001
1101001100001010
1010011111000001
1000100111010001
1000000111001101
1000111011111001
1011000000010000
1101111100001010
0001000111100111
0100010010100011
0110100011001100
0111110001110110
0111101000110001
0110000111101000
0011100101111000
0000011100100100
1101001111010100
1010011011010011
1000100111100101
1000001000000111
1001000000110110
1011000011110110
1101111011011101
0001001011011000
0100001111110000
0110100110100111
0111110100111011
0111101001101011
0110001010011101
0011100011001010
0000010111101111
1101001111000000
1010011010100100
1000101100000110
1000000101100110
1000111101111001
1010111111111001
1101111001010100
0001001101110011
0100010001101011
0110100011011111
0111101111110010
0111101010011010
0110001010010100
0011101000100101
0000011100011010
1101001011110011
1010011010100000
1000100110111000
1000001001100110
1000111101111010
1010111111010101
1101111101000010
0001001001100011
0100010010101100
0110100101000001
0111110000001010
0111100111111001
0110001011111000
0011101001100000
0000011100100001
1101001111010011
1010011111100000
1000101011011110
1000001000000000
1000111011011001
1011000001101001
1101111010100000
0001001010011101
0100010001000110
0110100100101000
0111110011100011
0111100111001111
0110001001111000
0011101001001011
0000011011110101
1101001100000111
1010011011110000
1000101100100110
1000001001111010
1000111100010111
1010111111101110
1101111011010101
0001001011000111
0100010001110101
0110100110001110
0111110010110011
0111100110001110
0110001100101011
0011100101101101
0000011101000110
1101001101100011
1010011110011111
1000101010011010
1000000101010110
1000111101001001
1011000001001010
1101111001101011
0001001001111010
0100010011111010
0110101000111010
0111110101110100
0111100111110011
0110001000100110
0011100100010011
0000011100011011
1101001101011101
1010011001011110
1000100111101010
1000001000001100
1000111110010000
1011000011111011
1101111101001000
0001001100011000
0100010000110010
0110100011000000
0111110100100011
0111101001101010
0110001001100110
0011100110111010
0000011110011011
1101001110111111
1010011111000011
1000100111000111
1000000011101010
1000111110001000
1011000000011111
1101111110010001
0001001011100000
0100001110000101
0110100111100011
0111110001011111
0111101001110001
0110001100111000
0011101001101011
0000011001100010
1101001011010100
1010011011101010
1000101000100101
1000000110001101
1000111101000110
1010111111011111
1101111000110000
0001001100011010
0100010010010101
0110100101100011
0111110011011110
0111100110011010
0110001000100100
0011100111000011
0000011110011001
1101001110110010
1010011001100111
1000100111100000
1000001000011110
1000111110000011
1010111110100011
1101111000001010
0001001010111011
0100010101010111
0110100011101000
0111110011101001
0111101001110100
0110001100000110
0011100110100000
0000011101100010
1101001110010010
1010011011111001
1000101000100101
1000000111011110
1000111011010100
1011000000010111
1101111001101000
0001001100011011
0100010001000101
0110100110011000
0111110001100111
0111101001000101
0110001011110111
0011100100010011
0000011101000000
1101001100000011
1010011111001011
1000101011101011
1000000101110110
1000111011011100
1010111111100110
1101111011111111
0001001010111100
0100010010011011
0110100011101101
0111110001111111
0111101100101011
0110001011011111
0011100010111011
0000011100010011
1101001101101011
1010011101000011
1000101001000100
1000000101101100
1000111010110000
1011000010101011
1101111110011111
0001001100000001
0100010010111100
0110100111111111
0111110001111011
0111101001111011
0110001000101110
0011100100111100
0000011011101000
1101001100101001
1010011011100101
1000101000111101
1000001001100101
1000111100101011
1011000010111110
1101111011001001
0001001100000100
0100010000110100
0110101000010011
0111110011100010
0111100100111101
0110001011110011
0011101001000010
0000011010011000
1101001110000110
1010011111101010
1000101100110110
1000000110110011
1000111100000111
1011000000100101
1101111011111001
0001001100010000
0100010001110101
0110100101101101
0111110001001011
0111101001101001
0110001101001011
0011101000100010
0000011110000010
1101001101000111
1010011010111000
1000101000100011
1000000110011011
1000111010110111
1010111111111000
1101111100100011
0001001100110100
0100010010111001
0110100110101010
0111101111001100
0111101010010110
0110001001110100
0011100111011010
0000011101001011
1101001100001001
1010011010110111
1000100101000001
1000000110010001
1000111100111110
1010111110111010
1101111100001110
0001001101111010
0100010001111101
0110100011111111
0111110010111110
0111101001010000
0110000111011010
0011100101001111
0000011111001000
1101001101000111
1010011010000001
1000100110100011
1000000111110011
1000111000100111
1011000000100000
1101111011001001
0001001011001110
0100010000110101
0110100101100110
0111110010110101
0111101010001100
0110001011000100
0011100110111000
0000011101011110
1101001011010100
1010011101011101
1000101010110001
1000000111111000
1000111011000100
1011000010000010
1101111010111000
0001001101110111
0100010000110101
0110100111010001
0111110100101011
0111101000001110
0110001011101010
0011100110101100
0000011111100000
1101001101101000
1010011101010010
1000100111001110
1000000110001010
1000111100010011
1010111110111100
1101111010011000
0001001001111001
0100010001011101
0110100101110100
0111110000110000
0111100110101111
0110001100000010
0011100110111010
0000011111101011
1101010001011011
1010011110011000
1000101010010001
1000000110111010
1000111101000110
1010111101010111
1101111000111001
0001001101010011
0100010010111011
0110100110101110
0111110010101001
0111100111101010
0110000111001001
0011100110111110
0000011111000011
1101001011001000
1010011100101011
1000100111001010
1000001000111101
1000111110100001
1010111110101100
1101111100101100
0001001111000101
0100010001110011
0110101000100101
0111110100000010
0111101000010101
0110001000110100
0011100110000011
0000011011000000
1101001100110010
1010011101111100
1000100101011110
1000001000011010
1000111111001001
1011000000111010
1101111011000110
0001001100110010
0100001110111001
0110100101010010
0111110001000010
0111101001000010
0110001001111111
0011100111011100
0000011101000101
1101001010000110
1010011100010110
1000101000100010
1000000111010100
1000111011100110
1011000000011011
1101110111010011
0001001110001101
0100010000101011
0110100101111010
0111110001110001
0111100101101101
0110001001010001
0011100100110111
0000011100110111
1101001011111000
1010011100001011
1000101000111010
1000001010101101
1000111101110111
1010111111101110
1101111001110110
0001001101000100
0100010000011011
0110100110111000
0111110011101000
0111100111001011
0110001011011001
0011100111011000
0000011100110111
1101001100111110
1010011010111110
1000101001011010
1000001000101110
1000111001001111
1011000010110001
1101111101111000
0001001100000101
0100010010001100
0110100110000110
0111110011011101
0111101010001111
0110001001110000
0011100110000011
0000100001101011
1101001101011101
1010011011010010
1000101001101101
1000001000101010
1000111111000100
1011000010111000
1101111100101000
0001001011101100
0100010011000110
0110100011011111
0111110100000001
0111101010001110
0110001000110110
0011100011110110
0000011010011101
1101001010100111
1010011100001111
1000100111100100
1000001000111000
1000111010010110
1011000000001100
1101111011110110
0001001100000110
0100010011111110
0110100111100001
0111110011111011
0111100101010101
0110001010110001
0011100111110110
0000011011000101
1101001101010111
1010010110011010
1000101001010001
1000001000011000
1000111100100010
1011000000100000
1101111100010011
0001001011110001
0100010010001101
0110100100011100
0111101111101101
0111100111011000
0110001011011001
0011100111110011
0000011111101011
1101001011110111
1010011100111110
1000100110001101
1000001010110100
1000111011111111
1011000001001100
1101111010001001
0001001111100000
0100010001001111
0110100101011000
0111110001111101
0111101001100100
0110001100001100
0011100110001011
0000011010110001
1101001101111000
1010011011101000
1000100111001111
1000000011110110
1000111010100100
1010111110100101
1101111011011100
0001001001010100
0100010001010100
0110100111000101
0111110000000111
0111101010010100
0110001000000010
0011100111001011
0000011110111110
1101001100110110
1010011100101001
1000101001001100
1000000111100101
1000111111000000
1011000011001111
1101111010111101
0001001011000101
0100001101100111
0110100111001110
0111101111001010
0111101001100101
0110001000110110
0011100100110001
0000011101010111
1101001011111110
1010011110101100
1000100110111111
1000000101100010
1000111111101101
1010111111100000
1101111100001111
0001001101110100
0100010001010110
0110100110110111
0111101111110100
0111101001000011
0110001001111101
0011100110001110
0000011011101100
1101001011010011
1010011100011110
1000100110110011
1000000100111001
1000111110010100
1011000100100001
1101111011011000
0001001101101001
0100001111011000
0110100111101011
0111110000110111
0111101000110000
0110001010011010
0011100100101001
0000011110001100
1101001100111010
1010100000101101
1000100111010001
1000001001001010
1000110110110001
1011000000000101
1101111011000110
0001001010100000
0100010001111001
0110101000010010
0111110010001010
0111100110111100
0110001001110011
0011101000110011
0000011010010000
1101001101111100
1010011011110101
1000101011000101
1000000010100111
1000111011111001
1011000000010000
1101111100010111
0001001111010010
0100010010110100
0110100110010001
0111110010011111
0111101001001111
0110001101100011
0011100111010010
0000011011000111
1101001101011011
1010011100101110
1000101010010011
1000000101111001
1000111101101000
1010111101011000
1101111100001011
0001001111010010
0100010001001110
0110100111110001
0111110100111001
0111100010101001
0110000110110001
0011101001000001
0000011100010000
1101001100010001
1010011101100110
1000101001001111
1000000110001000
1000111101001110
1010111111010101
1101111010110011
0001001100111111
0100010001001001
0110101000111100
0111110001000000
0111100110010001
0110001001111010
0011100111111101
0000011100110100
1101001000101111
1010011111110111
1000101000110010
1000001001101110
1000111101010110
1011000000001010
1101111100001001
0001001100000101
0100010011000011
0110100111010111
0111110011010100
0111100110000001
0110000111110011
0011100111110011
0000011110000011
1101001011010101
1010011011110111
1000100111101100
1000001000001011
1000111101010111
1011000000010001
1101111011101001
0001001011111111
0100001111001000
0110101001011110
0111110100001010
0111101010100100
0110001010000001
0011100111101001
0000011101010100
1101001101010000
1010011100001101
1000100111110101
1000001000100110
1000111110100110
1010111110001010
1101111011111100
0001001101111001
0100010001010010
0110100100101000
0111110001010100
0111100110111110
0110000111101110
0011100110110101
0000011001010011
1101010001011000
1010011110101001
1000101011100100
1000001010001111
1000111010110000
1010111110111110
1101111011010110
0001001101110000
0100010001110010
0110100100001111
0111110001101100
0111101010001111
0110001010100111
0011101000010100
0000011100001000
1101001010011110
1010011101110110
1000101100010111
1000001000001110
1000111010000011
1010111110000111
1101111100101101
0001001000110010
0100010010110000
0110100101110001
0111101101001101
0111100101001110
0110001011000101
0011100111100010
0000011101110101
1101001011110001
1010011010000101
1000101000000000
1000001001001110
1000111110011001
1010111110111101
1101111101011001
0001001011110010
0100010000100010
0110100110101010
0111101111100000
0111101001111101
0110001001011001
0011100111101000
0000011011111101
1101001100011001
1010011100011000
1000100111110100
1000000111010110
1000111001111001
1011000000010011
1101111000111111
0001001000000101
0100010010000000
0110100110111000
0111110011000111
0111100110101001
0110001010100000
0011101001001100
0000011110110010
1101010001001011
1010011101100100
1000101000010011
1000000101111000
1000111101000110
1011000000001111
1101111011100011
0001001010101101
0100001110111100
0110100100001000
0111110000100101
0111100111111110
0110001001001111
0011101010111100
0000011011111111
1101010010011010
1010011100110101
1000101000110100
1000001001000100
1000111110000110
1011000000110010
1101111010111011
0001001101010111
0100001100110111
0110100101010001
0111110001110110
0111101001100100
0110001100000000
0011101011011010
0000011110110110
1101001101011000
1010011001011000
1000101010000001
1000001001000001
1000111100000111
1011000000101101
1101111100101111
0001001101111000
0100010100001111
0110100110010101
0111110010101101
0111101000000110
0110000110101111
0011100111110010
0000011010110110
1101001010000000
1010011100101100
1000101010100010
1000001010010110
1000111101011111
1011000000101001
1101111010110001
0001001110111011
0100001111011011
0110100011111111
0111101110110100
0111101000010101
0110001010000000
0011101000110011
0000011111001001
1101001100010001
1010011010011000
1000101000011010
1000000100011101
1000111101001001
1011000101001000
1101111100000110
0001001010001101
0100010000001100
0110100100000001
0111110010000011
0111101001100001
0110001011011001
0011100110000111
0000011111010101
1101001110111101
1010011101100110
1000100110111110
1000001001000111
1000111110100111
1010111111101000
1101111000000010
0001001100110100
0100010010100011
0110100110001000
0111110011111100
0111101011000110
0110001010110110
0011101000100011
0000011010101110
1101001101011001
1010011100010111
1000101010110101
1000000110101111
1000111100000001
1011000000011100
1101111010010110
0001001111110100
0100001110000110
0110100001010101
0111110010101000
0111101100110000
0110001000110000
0011100111001011
0000011010010000
1101010000001111
1010011100011010
1000101011100011
1000001010110000
1000111110101100
1010111111000010
1101111100000100
0001001110110111
0100010000110010
0110100110110101
0111110100000000
0111101000010110
0110001011010110
0011101000110111
0000011100110111
1101001101100111
1010011110010000
1000101010111011
1000000101111111
1000111110011101
1011000001000101
1101111010100101
0001001011111100
0100001110000100
0110100110010101
0111110011101100
0111100110111101
0110001001011000
0011100101001010
0000011101000011
1101001100001101
1010011010111000
1000100110100111
1000000111001000
1000111110000011
1011000011001101
1101111010100100
0001001010001111
0100010001110101
0110100101101110
0111110010011101
0111100110110111
0110001001011010
0011100110101010
0000011101011111
1101001101010110
1010011100010001
1000101010101000
1000000110001100
1000111100111011
1010111111011110
1101111011010101
0001010001100011
0100010000110100
0110100110011110
0111110000011010
0111100111101010
0110001001100111
0011101001001110
0000011011001100
1101001100000010
1010011110000010
1000100111101111
1000000101111011
1000111001000110
1011000000101001
1101111100000000
0001001101010000
0100001100100000
0110101010110001
0111110011010010
0111101001000100
0110001011011111
0011100110001110
0000011111011111
1101001001111110
1010011100001101
1000101000001001
1000000101100110
1000111010010110
1010111111110001
1101111010100111
0001001110010001
0100010000100001
0110101001010010
0111110001110100
0111100111110001
0110001000101110
0011100110100010
0000011011011100
1101001101100000
1010011100001000
1000100111000000
1000000111100010
1000111100100011
1011000001110001
1101111001000011
0001001011100111
0100010011110111
0110101001100111
0111110000100101
0111100111110011
0110000111101011
0011101000000111
0000011110100001
1101001101000010
1010011010101001
1000101011100011
1000001000010110
1000111011000011
1011000000000100
1101111010011000
0001001011000001
0100010001110001
0110100110110011
0111110001111010
0111101000100101
0110001011110011
0011100001111101
0000011010011111
1101001101010110
1010100000010101
1000101111000010
1000000100110111
1000111110011101
1010111111000001
1101111110001101
0001001111111101
0100010000001011
0110100110100101
0111110100001001
0111101001000111
0110001000111101
0011101001001011
0000011111000000
1101001111111010
1010011100001000
1000101001111111
1000000101011010
1000111100110000
1011000011111110
1101111100001011
0001001011011100
0100010000111111
0110100110100001
0111110011111010
0111101000100010
0110001100011011
0011101000111110
0000011100000110
1101001110000011
1010011011010101
1000101100010001
1000000100000000
1000111100011010
1010111110111001
1101111001011100
0001001100001101
0100010000000101
0110100110101000
0111110011111000
0111100110111000
0110001001011110
0011100111110000
0000011101011111
1101001001110110
1010011010011011
1000101000100111
1000000101100101
1000111101001100
1011000001010011
1101111000001101
0001001111000011
0100001111110011
0110100101111101
0111110001101101
0111101000001001
0110001001100111
0011101000000010
0000011100100000
1101001110110100
1010011000001110
1000100111001010
1000000101110000
1000111110001111
1010111111100101
1101111101011000
0001001100111001
0100010011100111
0110100101101110
0111110010111101
0111101000100011
0110001010011110
0011101000011101
0000011011011011
1101001110001110
1010011100101001
1000101100000100
1000001000010001
1000111010111000
1010111101010111
1101111011001101
0001001101101100
0100010001011011
0110100101111000
0111110010111011
0111100100011111
0110001000101000
0011101001100011
0000011011010111
1101001100100001
1010011011000000
1000101000000011
1000000110100111
1000111100100011
1010111111100011
1101111010010011
0001001011111001
0100010100010010
0110100100100111
0111110011001110
0111101101010111
0110001011100010
0011100111101100
0000011011011001
1101001101100000
1010011011101000
1000101000100001
1000000100101000
1001000000000110
1011000010010011
1101111100000010
0001001101111110
0100001111111010
0110100011100100
0111110011110100
0111101010001110
0110001001100010
0011101000000101
0000011110011010
1101010000110100
1010011011111011
1000101011010100
1000000100011101
1000111110111011
1011000010011000
1101111010101110
0001001110010001
0100010100100000
0110100101110100
0111110000100110
0111101001001000
0110001010110111
0011100110010000
0000011101010100
1101001010100100
1010011100100010
1000101011011000
1000001000111001
1000111100000111
1011000001000111
1101111001111101
0001001111100011
0100010001110010
0110100111001110
0111110011000011
0111100100100011
0110001011001011
0011100100000111
0000011110101100
1101001111100010
1010011010100101
1000101001101100
1000001000011110
1000111110110010
1011000011000101
1101111110010000
0001001100111011
0100010010001111
0110101000010101
0111110101011100
0111101100010100
0110001110000100
0011101011100010
0000011110111110
1101001101100100
1010011011010001
1000101001110011
1000000111000111
1000111100111101
1010111101110100
1101111111111111
0001001011000010
0100010000110000
0110100111011001
0111110100110101
0111100111100010
0110000111101100
0011101001111100
0000011101011100
1101001011100110
1010011100010011
1000101100101110
1000000110001101
1001000001010001
1011000001010111
1101111101111100
0001001001110100
0100010100101101
0110100111011001
0111110001111010
0111101011110011
0110001000000111
0011101001000010
0000011110111110
1101001010101010
1010011101111010
1000101001101100
1000000110100010
1000111100010101
1011000000010010
1101111010111011
0001001001110110
0100010101010001
0110100101011011
0111110010101110
0111101001011010
0110001100001100
0011101000101101
0000011101010100
1101001110000001
1010011110001000
1000100100100101
1000000111101111
1000111101011101
1011000000110111
1101111001011010
0001001011011000
0100001111111100
0110100111100110
0111110100011000
0111101001110100
0110001000000011
0011100110011011
0000011010001100
1101001011101101
1010011010100100
1000101100010011
1000000110001100
1000111111001111
1010111111000001
1101111000111110
0001001110011011
0100010101000010
0110100111010000
0111110010000110
0111101000001000
0110000111001010
0011100111101111
0000011011000010
1101010010110110
1010011011101010
1000101001100011
1000000100010111
1000111011110001
1010111110001101
1101111100000100
0001001111101110
0100010011111010
0110101000101001
0111110010001100
0111100110101110
0110000111111010
0011100101101011
0000011010011111
1101001011011000
1010011100001010
1000101000011100
1000000110110111
1000111110000000
1010111110011100
1101111000111000
0001001011101011
0100010011101011
0110100111001010
0111110001001111
0111101000101011
0110001010101101
0011101001011011
0000011011100111
1101001110001110
1010011111010100
1000101001101000
1000001000000000
1000111100001101
1011000001110011
1101111100110101
0001001100011110
0100001111001011
0110100110100010
0111110011011011
0111101000000101
0110001001111011
0011100111011010
0000011011010100
1101001101101011
1010011001111010
1000101001111101
1000001001010111
1000111111011001
1011000001101001
1101111101101100
0001001110010010
0100010010110010
0110100101111000
0111110011100011
0111101000100001
0110001100000011
0011101011001111
0000011101100011
1101001011111101
1010011001010010
1000100110101010
1000000111011011
1000111100110011
1011000000100001
1101110111001011
0001001101010000
0100010000101001
0110101000010010
0111110010011110
0111101001011111
0110001000001101
0011101001100101
0000011101110011
1101001011000000
1010011101000001
1000101001110010
1000001000011110
1000111111010011
1010111110000100
1101111011011101
0001001101110101
0100010001000000
0110100110101000
0111110000101001
0111101010010001
0110001011011110
0011101001100011
0000011101010001
1101001110111110
1010011110011000
1000101011000001
1000001001001010
1000111010100101
1010111110100010
1101111001011011
0001001001101001
0100010000101011
0110100110001010
0111110001001100
0111100110011011
0110001011111110
0011100101100000
0000011100000000
1101001011110001
1010011010111110
1000100111101111
1000000111001011
1000111110000101
1011000000001110
1101111001111101
0001001110101111
0100010100001010
0110100011011111
0111110010001010
0111101010011101
0110001010001000
0011100110011110
0000011111101111
1101001110111010
1010011000001100
1000101010110110
1000000111010101
1000111110000000
1011000010000111
1101111011110101
0001001101111010
0100010100010011
0110100110010101
0111110001000101
0111101001011001
0110001001010101
0011100110011011
0000011011000010
1101001111010010
1010011011011111
1000101011100110
1000000101011001
1000111101101101
1010111011110000
1101111001001101
0001001110000111
0100001111011011
0110101000101011
0111110100010110
0111101000000101
0110000110110010
0011100110111100
0000011001010101
1101001101000000
1010011101000010
1000101110100010
1000001001111110
1000111111011111
1011000001100101
1101111000110101
0001001100001010
0100001111010110
0110100101000110
0111101111111001
0111101000100110
0110001011101011
0011100110111010
0000011100010000
1101001101111000
1010011100101010
1000101001111110
1000000011101111
1000111100111111
1010111111000000
1101111100000000
0001001000011111
0100010011001010
0110100110101001
0111110000010111
0111101000110111
0110000101011000
0011100110100110
0000011110001000
1101001010010011
1010011011000101
1000100111110000
1000000101101111
1000111111000001
1010111111110100
1101111010100001
0001010000001001
0100010111000101
0110100111110011
0111110010010110
0111101010001110
0110001100011110
0011101001100111
0000011001001000
1101001111010111
1010011011110110
1000100111111101
1000001000000010
1000111110011100
1011000010101100
1101111110111111
0001001111000010
0100010000100101
0110100100100000
0111110010111101
0111101001011101
0110001110000011
0011101001010111
0000011101110011
1101001100010111
1010011100100010
1000101001001000
1000001010011000
1000111110000000
1011000000010000
1101111001100100
0001001110000100
0100001111011101
0110100101111101
0111110100000101
0111101001011101
0110001001111010
0011101010100001
0000011100011100
1101001010100001
1010011101101101
1000101011010010
1000000100001011
1000111011110011
1011000000010010
1101111000101001
0001001101000110
0100010010000110
0110100110001111
0111110000101111
0111100101101111
0110001010100101
0011100111011011
0000011100110001
1101001101010101
1010011101000101
1000101001000100
1000000111001101
1000111100011010
1011000001010110
1101111100100111
0001001111010010
0100001110110011
0110100111110000
0111110010110001
0111101011000100
0110001011011110
0011100111111011
0000011010011001
1101001110010010
1010011011111011
1000101001010010
1000000111110111
1000111011111101
1010111111001110
1101111010001110
0001001101011111
0100010000100111
0110100111010111
0111110000011100
0111101011111110
0110001010001111
0011101010110111
0000011110011100
1101001010001101
1010011100010010
1000101001011101
1000000111111011
1000111011101110
1010111111100011
1101111010010010
0001001101010001
0100010100010010
0110100110101000
0111110001100111
0111101100000000
0110001100001001
0011101001000001
0000011110011010
1101001101111110
1010011100000110
1000101100000000
1000001000100010
1000111101110011
1010111101101011
1101111011110000
0001001011100110
0100010011101000
0110100111000011
0111110000100101
0111100101100110
0110001000100000
0011100111100000
0000011100100100
1101001100110111
1010011011110001
1000101010011000
1000001001101100
1000111100010001
1011000010001101
1101111010000100
0001001101011001
0100010010110111
0110100111111011
0111110001111101
0111101010000101
0110001010001100
0011100110100001
0000011001110010
1101001011101111
1010100000000001
1000101000110110
1000001100011011
1000111110001101
1010111111101001
1101111011111101
0001001110100011
0100001100111011
0110101010101111
0111110010010110
0111101010110110
0110001010011001
0011100110110110
0000011011000001
1101001010100010
1010011011100110
1000101000110101
1000000111100001
1000111111110101
1011000100000111
1101111100001000
0001001101011110
0100001111001110
0110100110001111
0111110011110111
0111100111100100
0110001011010111
0011100101011011
0000011101011011
1101001011110101
1010011111111010
1000100111110101
1000000101110010
1000111110101000
1010111111100100
1101111100011011
0001001100101001
0100010110101101
0110100110010011
0111110011010001
0111100110000111
0110001100110111
0011101001110010
0000011111001100
1101001110101011
1010011011111100
1000100110100101
1000000111010110
1000111101101010
1010111111100100
1101111101100110
0001001010010010
0100010010011100
0110100110000100
0111110011010001
0111100111011010
0110001010001001
0011100100011000
0000011101100111
1101001010100000
1010011011101110
1000100111001111
1000001011001011
1000111111100011
1010111111101001
1101111010000111
0001001100011000
0100010000101000
0110100011111111
0111110010001110
0111100110001001
0110001001100111
0011101000010111
0000011010101000
1101001100111011
1010011001101110
1000101010111001
1000000011100101
1000111100100111
1011000010001110
1101110111110010
0001001101101010
0100001111110000
0110100100100000
0111110100000110
0111100111010110
0110001000101001
0011100101111010
0000011100111101
1101001100111011
1010011100101100
1000101001111100
1000000110000000
1000111101100000
1010111101011110
1101111010001010
0001001011001001
0100010100001001
0110100011101101
0111110000001110
0111100110101111
0110001000111100
0011100111111100
0000011101010101
1101001101010110
1010011101000001
1000101001000001
1000000110101110
1001000001110101
1010111110001101
1101111100000111
0001001100010011
0100010010100100
0110100110101110
0111110001101111
0111101010001010
0110001011100011
0011101001000110
0000011010111010
1101001100011011
1010011101011010
1000101000001000
1000001010010011
1000111011011000
1010111111110101
1101111010101000
0001001111100100
0100001110110010
0110100101110100
0111110011111010
0111101001111111
0110001010110111
0011100100111001
0000011011001010
1101000111001011
1010011100101100
1000101000101010
1000000110100111
1000111100111011
1011000001000111
1101111100111001
0001001010111001
0100010000010111
0110100101000001
0111110001010111
0111100111110100
0110000111010001
0011100111001101
0000011101110001
1101001100110100
1010011001000000
1000101000111110
1000001000000011
1000111111100110
1011000010011000
1101111011010011
0001001010110001
0100010001100101
0110100110011111
0111110011001111
0111101000111010
0110001001111000
0011100100111111
0000011011101111
1101001101011100
1010011010001000
1000101000010100
1000000111011100
1000111100100100
1010111111111000
1101111011110101
0001001110101111
0100010100110010
0110100111010011
0111101111101101
0111100111111000
0110001001001100
0011100101010111
0000100000011011
1101001110000001
1010011110000001
1000101001001110
1000001000110101
1001000000110001
1011000000110111
1101111100011000
0001001101110010
0100001110111111
0110100101011110
0111110011010000
0111101110010111
0110001001101110
0011100011000011
0000011001100011
1101001100001010
1010011110111011
1000101000111011
1000000111011100
1000111100001010
1010111111001110
1101111101000010
0001001011000101
0100010001111100
0110100111010100
0111110010010110
0111100110001000
0110001001000110
0011100111010001
0000011100011001
1101001001111011
1010011101010110
1000101000110110
1000000110110101
1000111110011010
1010111111010010
1101111100000010
0001001011000010
0100010010011101
0110100110111011
0111110010011011
0111101000100110
0110001000001010
0011100111001000
0000011110010000
1101001011111011
1010011001100011
1000101001100110
1000000101000001
1001000000011000
1010111111101000
1101111000100100
0001001110010000
0100001111000110
0110100111010011
0111110010011101
0111101010011110
0110001011010100
0011100110110100
0000011100101001
1101001010110000
1010011100111000
1000101010001001
1000001000001101
1000111100001100
1010111101010000
1101111011001101
0001001011110110
0100010010101000
0110100111110101
0111101111100100
0111100110100100
0110001001101101
0011100110110010
0000011100111000
1101001101010100
1010011001101101
1000100110111111
1000000110111010
1000111011101011
1011000001110011
1101111010011111
0001001101000010
0100001111101111
0110100111100100
0111110001101011
0111101000111011
0110001101110010
0011100111111100
0000011010011010
1101001111100110
1010011011011001
1000101000001011
1000001001111111
1000111110100010
1011000001000001
1101111100000000
0001001011101100
0100010011001110
0110100110001110
0111110000100000
0111101000101010
0110001100010110
0011100110011001
0000011100001100
1101001011011001
1010011100111011
1000100110111011
1000001001110010
1000111110000100
1011000011110110
1101110111111111
0001001111111001
0100010000010011
0110100111010111
0111110000100100
0111101000100011
0110001100001000
0011101000110100
0000011111000100
1101001101111100
1010011000010000
1000101001101100
1000000101101110
1000111101111010
1010111111111010
1101111110111001
0001001010101110
0100010010101011
0110101001011100
0111110100000100
0111100111101100
0110001000111000
0011100111001000
0000011010100010
1101001011010100
1010011100110000
1000100101111000
1000000111010001
1000111011110010
1011000011100010
1101111011010010
0001010001110000
0100010011111110
0110100111100001
0111110010101110
0111100100111110
0110001001001010
0011100110010000
0000011011100001
1101010001011100
1010011100110000
1000100100101100
1000000110101111
1000111100111000
1010111111010001
1101110111101111
0001001101000011
0100001110101010
0110101000100100
0111110011111001
0111101001111011
0110001001111010
0011100010001111
0000011001101101
1101001011101101
1010011011011101
1000101001000110
1000000111111000
1000111001110111
1010111111111010
1101111010111100
0001010000011000
0100010010010101
0110100101111111
0111110000011100
0111100111011011
0110001001101110
0011100110110000
0000011110100011
1101001011101101
1010011011000000
1000100111100101
1000000110101111
1000111011011011
1011000101011110
1101111101000000
0001010010011110
0100001101011000
0110100100010110
0111110010011010
0111100101111110
0110001011000101
0011101000001101
0000011101000110
1101001110001011
1010011011011110
1000100100011110
1000000110001101
1000111100100011
1011000010010010
1101111000100100
0001001100010100
0100010000101110
0110100111011110
0111110001100110
0111100111010110
0110001011000001
0011101000110100
0000011100011001
1101001011100010
1010011011111011
1000100111100100
1000000111000011
1000110111110100
1011000001111100
1101111101110000
0001001110000010
0100001111101101
0110101000011010
0111110010110101
0111100101110000
0110001010000000
0011100101111101
0000011011101010
1101001111011001
1010011000000100
1000100111111010
1000001000111010
1000111000001111
1011000000101110
1101111011110100
0001001001010100
0100010000100001
0110100111110100
0111110001100101
0111100111011011
0110001000101110
0011101000010111
0000011110101001
1101001101111111
1010011110000010
1000101010011100
1000000100110100
1000111110000011
1010111101101010
1101111110111000
0001001111001110
0100001111010101
0110100110111100
0111110010111110
0111101011101110
0110001011011110
0011101001110000
0000011011000110
1101001001111111
1010011110000011
1000101000000100
1000000111101110
1000111101010100
1010111110010101
1101111010010000
0001001010111100
0100010001001100
0110100110101111
0111110011010000
0111101000000011
0110001001101000
0011100111101111
0000011011000100
1101001111011000
1010011101001001
1000101000101001
1000001000001111
1000111011010011
1010111110101101
1101111011100000
0001001100100101
0100001111111110
0110100100111111
0111110000110101
0111101000001011
0110001001111000
0011100111000110
0000011011101111
1101001111001111
1010011110001000
1000101010000011
1000000110110100
1000111101001101
1010111110011000
1101111100001100
0001001111010001
0100010110010001
0110100111010010
0111110101110010
0111101000011011
0110001100010000
0011101000111110
0000011101011001
1101010001100100
1010011100111010
1000100110100010
1000000011101110
1000111101010110
1010111111011101
1101111101000110
0001001100010011
0100010001100100
0110100110011100
0111110010010101
0111100111110110
0110001001110111
0011101010101110
0000011001101001
1101001100001110
1010011011001100
1000100110001001
1000000111011001
1000111010000100
1011000010110101
1101111101000011
0001001101101010
0100001110011000
0110100110110011
0111101111100011
0111101001101010
0110001001011110
0011100111101010
0000011100000000
1101001101000100
1010011100001011
1000101000001010
1000000101011101
1000111100011011
1010111111001000
1101111010000111
0001001100010010
0100001111101111
0110100100100011
0111110001111110
0111100111001110
0110001000101101
0011101000010011
0000011100101000
1101001010000110
1010011010010000
1000101001011010
1000001000100101
1000111101111000
1010111101000111
1101111100111111
0001001011110010
0100010010101110
0110100111001011
0111110011010110
0111100110110101
0110001000011101
0011101010010000
0000011011111010
1101001101010011
1010011010111100
1000101001111100
1000000110010101
1000111101100010
1011000010000000
1101111100100000
0001001101011010
0100010010110110
0110101010001011
0111110100011100
0111101001110001
0110001011011010
0011100111010110
0000011010111011
1101001110110100
1010011011000011
1000100101101000
1000001000000100
1000111011100101
1010111110001001
1101111010111010
0001001101111100
0100010001100111
0110100110110000
0111110100000100
0111100111100001
0110001100000000
0011100110100001
0000011110101101
1101001011010101
1010011110101101
1000101010011001
1000000110000011
1000111101011100
1010111110111011
1101111011001000
0001001100001100
0100010010110110
0110100111000111
0111110101001100
0111101011000011
0110001010001111
0011101010111001
0000011111101110
1101001101100101
1010011011100111
1000101010001101
1000001010001001
1000111101000111
1010111101110011
1101111010010010
0001001100101011
0100001111110010
0110100100111100
0111110100101101
0111101010100000
0110001001110010
0011100111100011
0000011110010101
1101001100110111
1010011100110001
1000101000001000
1000000111011111
1000111110111000
1010111111011111
1101111000111101
0001001101100000
0100001111101110
0110101000100111
0111110010101101
0111101100000100
0110001000011011
0011100100011111
0000011100001111
1101001100111101
1010011101010110
1000101010100000
1000000110011001
1000111101010110
1011000000100001
1101111000010001
0001001110010101
0100010010011001
0110100111101000
0111110001001011
0111101001110011
0110000110010101
0011101000101011
0000011010101011
1101001010011111
1010011001100010
1000100111101110
1000001010011010
1000111100111111
1011000011011110
1101111000010011
0001001100100011
0100010000111001
0110100110000100
0111110001001000
0111100111101000
0110001000111110
0011100110101011
0000011101011011
1101001011100000
1010011101100100
1000100110111000
1000000110011001
1000111110110000
1010111101011011
1101111101011000
0001010001010111
0100010011000111
0110100110111001
0111110100000111
0111100111010000
0110001100000001
0011100011001011
0000011101000101
1101001111010011
1010011001111001
1000101001111011
1000000101110110
1000111101110010
1011000000011100
1101111100110110
0001001001100101
0100010000110001
0110100101101001
0111110000111110
0111100111011100
0110001100111000
0011101001110100
0000011111001100
1101001011010111
1010011101101000
1000101010010010
1000000111110011
1000111011010100
1011000010110110
1101111011101111
0001001111101100
0100010001001010
0110100100100010
0111110000111001
0111101001010010
0110001101000110
0011100111110011
0000011001001111
1101001110101100
1010011011101101
1000100111000110
1000000011100011
1000111101110111
1011000010000100
1101111011100100
0001001101010100
0100010001011111
0110100100011111
0111110101001100
0111100110111000
0110001001010101
0011100111110101
0000011110010100
1101001010110001
1010011100000111
1000101000000000
1000001001111001
1000111110000001
1010111110001011
1101111001011011
0001001100000101
0100010011110110
0110100101100011
0111110011010010
0111101010000001
0110001011011101
0011100101010010
0000011110001100
1101001101010110
1010011010111100
1000101001001101
1000000110000001
1000111100101101
1011000010100111
1101111010101011
0001001111110011
0100010010011110
0110100100101011
0111110000011111
0111100111110111
0110001001010010
0011101000101000
0000011100100011
1101001101111100
1010011100110011
1000101001011001
1000001001101100
1000111111001010
1010111111110110
1101111101011100
0001001100100011
0100010001000111
0110100101011000
0111110100100011
0111101010000000
0110001001110111
0011101000001111
0000011100001100
1101001100011101
1010011010001100
1000101000011101
1000000110000110
1000111101100010
1010111110100000
1101111000000001
0001001011001100
0100010001010100
0110101000001010
0111110000100010
0111101000101101
0110001010101010
0011101000111001
0000011101111010
1101001010110000
1010011011110100
1000101001100000
1000001010000110
1000111011010010
1010111111100101
1101111001101011
0001001011111000
0100010100101101
0110101000100001
0111110000100011
0111101000110111
0110000110110100
0011100111000001
0000011011111001
1101001100110110
1010011011001110
1000101000010111
1000001000101000
1000111100001000
1011000001001011
1101111010000111
0001001110101100
0100010011000010
0110100100100101
0111110011101001
0111101000001111
0110001100001111
0011100111100010
0000011110001001
1101001110100000
1010011000111100
1000101010011010
1000001001000110
1000111010111001
1011000001000110
1101111000100111
0001001100101010
0100010001101100
0110100110111010
0111110000000001
0111101010010111
0110001010101010
0011100110111001
0000011010000010
1101001111001101
1010011111001110
1000101001110010
1000000110010010
1000111101110101
1011000001101001
1101111011001010
0001001101011011
0100010010011101
0110100101000011
0111110001010110
0111101001110100
0110001010010011
0011100101110101
0000011100101000
1101001100101000
1010011010111010
1000101011011100
1000001010001000
1000111110100111
1011000000111100
1101111001110111
0001001010001011
0100010101011011
0110100101101111
0111110010010001
0111101001010001
0110001010010010
0011101000110110
0000011101100010
1101001110011110
1010011110101010
1000100110010110
1000000110011001
1000111011011000
1010111111001001
1101111011100110
0001001101110111
0100001111011110
0110100101100110
0111110001110010
0111101000100100
0110001001101000
