0000000000000000
1111111111011101
1111111111000001
1111111111001001
0000100101000010
0010010000000000
0011010011100010
0011110101000110
0011110110010001
0011000100110010
0001110001011110
0000001101110001
1110101000000011
1101001101010001
1100010011110111
1100000011000110
1100011110000110
1101100001110011
1110111110010100
0000100110010011
0010000111100000
0011010010011010
0011111110100110
0011111001001101
0011000110011100
0001110101111011
0000001100011111
1110100101000110
1101001101111101
1100010111101100
1100000100001101
1100011111110100
1101100000111110
1110111011110111
0000101001011010
0010001000111101
0011010110110100
0011111010011001
0011110100100110
0011000110110111
0001110010000101
0000001100110111
1110100100011100
1101001111000111
1100010111000101
1100000101101100
1100011101110000
1101011110111101
1110111100001100
0000100111000110
0010001000110000
0011010000100100
0011111000001101
0011110011111000
0011000111111110
0001110010000000
0000010000100001
1110100110110101
1101010001001011
1100010100100000
1100000010100010
1100011110010110
1101011111101100
1110111101111000
0000100110110000
0010001010010001
0011010010101011
0011111010011011
0011110010011100
0011000101000111
0001110010001111
0000001111101011
1110101000101010
1101001111001001
1100010011110101
1100000100000011
1100011100111011
1101011110101101
1110111111000111
0000101000110101
0010001010010101
0011010010111000
0011110111000101
0011111000001001
0011000001101011
0001110010010001
0000001100101010
1110100111100010
1101001111110011
1100010011010100
1100000010100010
1100011111010000
1101011100010100
1110111101110001
0000100110000110
0010000111000010
0011010110110010
0011111010101110
0011110101011111
0011000110101011
0001110010011100
0000001110000011
1110100011011010
1101001111111111
1100010110101000
1100000010111010
1100011110000100
1101011101011101
1110111101010010
0000101001001111
0010001001011000
0011001111111001
0011111001110101
0011110101011011
0011000101010100
0001110101001001
0000001011111011
1110100010111101
1101001111010100
1100010001000011
1100000111010111
1100011111000001
1101011111101110
1110111110011000
0000101001001100
0010000101111001
0011010100011010
0011111000011101
0011110001000110
0011000101101100
0001110100100010
0000001100111101
1110100110101111
1101001101000110
1100010011011101
1100000110011101
1100011111000100
1101100000000100
1110111100110110
0000100100001001
0010001001110101
0011010011011110
0011111010111001
0011110100010010
0011000001111000
0001110101010100
0000010000001010
1110100101011000
1101001111010001
1100010101100111
1100000011100001
1100011111101001
1101011110011011
1110111110011101
0000100110011110
0010001000011011
0011010011001010
0011111010110011
0011110011000110
0011000011011010
0001110011010010
0000001101100100
1110101000000010
1101001011000100
1100010001111011
1100000001010111
1100011111010011
1101011100100111
1110111111100011
0000100111111011
0010000101000110
0011010100100101
0011111000110011
0011110101101011
0011000111001011
0001110101011110
0000010000011001
1110100101000101
1101001100111011
1100010100100000
1100000001101110
1100011110010101
1101011101111110
1110111011111101
0000100110100101
0010000111101100
0011010001010100
0011110111001100
0011110010101010
0011000010001000
0001110010101001
0000001111000100
1110101000011100
1101001111011011
1100010100010110
1100000001011100
1100011111011000
1101011111111110
1110111111010101
0000100110010011
0010001000110111
0011010010001001
0011111001001101
0011110110110110
0011000100001001
0001110010001011
0000001110010001
1110100011010000
1101001110000001
1100010001110110
1100000100000000
1100100000000110
1101011110000101
1110111110001011
0000100110111100
0010001001110010
0011010010111101
0011111000011001
0011110011110011
0011000110000110
0001110010001111
0000001111100101
1110100100000110
1101001101100000
1100010100100001
1100000100011101
1100100001001011
1101100010000000
1111000000011111
0000100011100011
0010001001010101
0011010010101000
0011111010000101
0011110000110101
0011000001111000
0001110011101100
0000010000000100
1110100011011000
1101001101011001
1100010010111010
1100000100010111
1100100001101011
1101100001111010
1110111110011111
0000100111001001
0010001010101101
0011010110111001
0011110101100110
0011110010100100
0011001000100100
0001110001000000
0000010001101100
1110100110101001
1101010011010010
1100010111010000
1100000010111101
1100011011111000
1101100011011001
1110111100110000
0000101011101000
0010000111000000
0011010100100001
0011111000111110
0011110011110000
0011000110101010
0001110100000100
0000001110111100
1110101000001010
1101001110001000
1100010101010010
1100000101100111
1100011110100100
1101100000011111
1110111111110111
0000100101100110
0010000110000010
0011010000001100
0011111010100100
0011110011101101
0011001000100001
0001110111100010
0000010000010101
1110101001010101
1101001110111000
1100010101110101
1100000010110101
1100100010110010
1101011111100101
1111000000110110
0000100101111111
0010001011111100
0011010101101010
0011110111001110
0011110011100110
0011000100110110
0001110010110101
0000001011100100
1110100110000000
1101001011110111
1100010010110001
1100000101011100
1100011111011101
1101100000000111
1110111101110101
0000100111111111
0010001011001101
0011010011100001
0011111001101111
0011110100101101
0011000110110111
0001110000000110
0000001110000110
1110101001101011
1101001110001010
1100010000000101
1100000111001011
1100011101011010
1101100000111000
1110111100101111
0000100010110101
0010001001101010
0011010100111010
0011111001110001
0011110101101011
0011001001000010
0001110100010001
0000001101101000
1110100101011011
1101001101101001
1100010100001100
1100000011011111
1100011010111000
1101100000110010
1110111110110111
0000100100110100
0010001010101010
0011010011001011
0011111010111001
0011110000111001
0011000011001100
0001110011011001
0000001011111001
1110100110111000
1101001111110001
1100010110001100
1011111111110100
1100011101000010
1101011111100010
1110111111000111
0000100101110011
0010001010001001
0011010011010000
0011110110011111
0011110111000100
0011000100110110
0001110011000001
0000001100100110
1110100110010000
1101001110110011
1100010100011110
1100000011001110
1100011111010000
1101011011001000
1110111101101100
0000100110100111
0010001010000110
0011001111110010
0011111000110000
0011110110011111
0011000010110101
0001110000111110
0000010001000100
1110100100110101
1101010011000100
1100010010101000
1100000001110111
1100011100101000
1101100001100000
1110111101011001
0000101000000001
0010000111111011
0011010100001010
0011111001010111
0011110101011111
0011000011111100
0001110101001101
0000001111000100
1110100100111100
1101001111000010
1100010101001000
1100000001011000
1100011101010000
1101011101011010
1111000000011000
0000100111001101
0010001001001010
0011001110110011
0011111001100100
0011110111110101
0011000101110100
0001110001000111
0000001100111111
1110100110011110
1101001110110001
1100011000100110
1100000100110000
1100011111001011
1101011100011000
1110111011111001
0000100101001001
0010001011100001
0011010011010000
0011110101000000
0011110000111010
0011000111101110
0001110010010101
0000001101100011
1110100101001011
1101001011111001
1100010011010100
1100000010111100
1100011110011100
1101100000101111
1110111111011011
0000100101101100
0010000110101000
0011001111000110
0011111001111111
0011110111011100
0011000010001100
0001110001110010
0000010001000100
1110100111010101
1101010000000100
1100010100011100
1100000000110010
1100011100111000
1101100100000011
1110111101101100
0000101000001001
0010001010100010
0011010100100011
0011111001011101
0011110000001010
0011000110101001
0001110101110011
0000010000111111
1110101000011010
1101001101111010
1100010000111111
1100000110001110
1100011110101011
1101011111000011
1110111101011110
0000100111110001
0010000111001001
0011010100100100
0011111001111011
0011110101011000
0011001000101100
0001110011111000
0000001110000001
1110101001010101
1101001110110010
1100010100100111
1100000010110000
1100011111111011
1101011101000010
1110111011111011
0000100111101100
0010000110110110
0011010001011010
0011111001011100
0011110011011000
0011000101100010
0001110011101111
0000010000110101
1110100011111110
1101010000100000
1100011001011111
1100000010111101
1100011111000001
1101011111001011
1110111011101101
0000100101011100
0010001010111011
0011010110101101
0011111001000000
0011110101010010
0011001000011111
0001110110111010
0000001101010100
1110100111000100
1101001110100010
1100010101110101
1100000100000100
1100011111011011
1101100000011000
1110111111010101
0000101000010110
0010000110111000
0011010011101110
0011111000101101
0011110011011100
0011000110100010
0001110100000111
0000001100100011
1110100111100000
1101001110101011
1100010101101010
1100000011111001
1100011110110011
1101011101101011
1110111011010011
0000100100010000
0010000111101100
0011010001001100
0011110111111101
0011110011100110
0011000110001000
0001110100100111
0000001100110001
1110100111100101
1101010000010110
1100010101001001
1100000100110010
1100011110001010
1101011110000010
1110111101000101
0000100101110010
0010001100011000
0011010101111100
0011111000010111
0011110010110000
0011000100110110
0001110011001000
0000001111000010
1110100011001111
1101001110111101
1100010111111001
1100000101000001
1100011111011011
1101100001100010
1110111110101101
0000100101010010
0010001010011010
0011010010110111
0011111101101001
0011110001101111
0011000111110000
0001110011001111
0000001110101101
1110100011001101
1101001101001100
1100010010111100
1100000100100000
1100011110010010
1101011111000011
1110111100100001
0000101000011100
0010001100110100
0011010101000011
0011111001100100
0011110110010010
0011000101011111
0001110001101001
0000001101101100
1110100111100000
1101001010100001
1100010100001110
1100000100001110
1100011111011111
1101100000100010
1110111110001011
0000100110110011
0010001000111111
0011010001001111
0011111001011010
0011110011101010
0011000100010010
0001110101010000
0000001110101000
1110100111001101
1101001100010101
1100011000010110
1100000111110011
1100011100011101
1101100001100100
1111000000010100
0000100111110111
0010001001000101
0011010100011011
0011110110001111
0011110011110111
0011000101010000
0001110011101001
0000001100111001
1110100110100111
1101001110100010
1100010010010101
1011111111101100
1100100000000010
1101100100111100
1111000000011101
0000100111001011
0010001000110110
0011010100011101
0011110110111111
0011110100111100
0011000101001111
0001110011100001
0000010000011100
1110100101111001
1101010000001110
1100010010100111
1100000110111101
1100011101010001
1101011101111110
1111000000101101
0000100101101110
0010001001001110
0011010110110011
0011111001111000
0011110110000101
0011000100111011
0001110011100000
0000001100011010
1110101000101000
1101010001011101
1100010101000011
1100000100110011
1100011111001110
1101011111011101
1110111100100100
0000100101011110
0010000100101110
0011010011110111
0011111001100000
0011110001100001
0011000100111001
0001110010010011
0000010001111000
1110101001001000
1101001011001000
1100010100100111
1100000001001110
1100011110001101
1101011110111110
1110111011110111
0000101000001111
0010001010001111
0011010010110000
0011111011100010
0011110010111011
0011000100000111
0001110011110000
0000001110001110
1110100110101000
1101010001011010
1100010010110111
1100000011001000
1100011110011100
1101100010011100
1110111111010011
0000100111011000
0010001001010100
0011011000000110
0011110111100001
0011110011101111
0011001000010101
0001110100110000
0000001011111000
1110100111100001
1101001111001010
1100010111001110
1100000110111000
1100011110110001
1101011011011110
1110111010000001
0000100010111100
0010000110010011
0011010010000010
0011111001000011
0011110011000000
0011000001001110
0001110100010101
0000001110001101
1110100101111111
1101001110011100
1100010100111111
1011111111100001
1100011101010110
1101011111000111
1110111111001101
0000100110000010
0010000110111001
0011010010100100
0011111011001010
0011110110101101
0011000011111011
0001110100110011
0000001100110000
1110100110111010
1101001111000011
1100010110101010
1100000010101010
1100011101110001
1101011101110000
1110111010111010
0000100101100011
0010001100001100
0011010011010001
0011111000011110
0011110010001110
0011000101011100
0001110010001101
0000001110001101
1110100111000010
1101010000111110
1100010011100100
1100000101111101
1100011101011100
1101011110101110
1110111011100111
0000100010001101
0010000110011101
0011010011101010
0011111010001111
0011110101010110
0011001000011011
0001110010111000
0000010001010100
1110100111101111
1101001011111101
1100010011111101
1100000011011010
1100011111011101
1101011101001000
1110111101010000
0000100100110001
0010000101110001
0011010001011010
0011111011100001
0011110011000110
0011000101011100
0001110100010001
0000010000110101
1110100111101011
1101001110100000
1100010101011001
1100000000111110
1100011101100101
1101011100001100
1110111110110111
0000100110111110
0010000111111101
0011010011001111
0011110110111010
0011110001111111
0011000000001110
0001110101110000
0000001101010000
1110100111110001
1101001110100011
1100010011100111
1100000100110111
1100011101001001
1101011110101000
1110111011110110
0000100101011000
0010000111111110
0011010001100111
0011111011000000
0011110001110111
0011000101000010
0001110010001100
0000001110110000
1110101001110000
1101001111001001
1100010110001000
1100000110111100
1100100001110000
1101011110111100
1110111100110011
0000100101110111
0010001000100111
0011010100110111
0011110111011011
0011110110011010
0011000100111101
0001110110010100
0000010001000111
1110100101111000
1101010000000011
1100010000000111
1100000100001011
1100011101001010
1101100000111111
1110111111111110
0000100111110000
0010000111111001
0011010100111001
0011111011001000
0011110101000111
0011000111100010
0001110011010000
0000001110000000
1110100110101000
1101001110111010
1100010101110101
1100000100111010
1100100001100001
1101100001000100
1110111111000000
0000100101100010
0010000111111100
0011010010001100
0011111010011101
0011110011111010
0011000100101101
0001110101101011
0000010100001100
1110100010101111
1101001110111000
1100010100011000
1100000100001100
1100011101010011
1101011110101011
1110111101110110
0000101010101001
0010000111001101
0011010101011011
0011111000001001
0011110011111111
0011001000101010
0001110100101001
0000010001001110
1110100101010110
1101001111011111
1100010011101000
1100000001101101
1100011111101000
1101100001111110
1110111101111101
0000100100010110
0010001001101101
0011010001110010
0011110111110111
0011110011000101
0011000110010111
0001110111010110
0000001110001000
1110100101001110
1101001110000101
1100010011011111
1100000011110000
1100011100001101
1101011111111011
1110111101011100
0000100111101011
0010001100000000
0011010101011011
0011111001010111
0011110101111111
0011000101110001
0001110000000111
0000001011100110
1110101000010010
1101001101000011
1100010010110011
1100000101011010
1100011101111110
1101100000110011
1110111011010010
0000100101000111
0010001001001010
0011010011111101
0011111001011110
0011110110010000
0011000101010101
0001110000100010
0000001100111001
1110100110101001
1101001101011000
1100010010110011
1100000100011011
1100011100010101
1101100011000001
1110111010110110
0000100110101001
0010000111000000
0011010101101001
0011111000000010
0011110011110010
0011000011001000
0001110010000000
0000001101101010
1110101001101010
1101001101111010
1100010011011000
1100000000010000
1100011101101110
1101100001100011
1110111100001110
0000100111100101
0010000100101111
0011010001111010
0011111011010101
0011110100100110
0011000101100010
0001110001110011
0000001011001011
1110101000010101
1101010001110001
1100010100100010
1100000100100001
1100011101101101
1101011111010101
1110111010010010
0000100101001011
0010001010011000
0011010110011011
0011111010111110
0011110101000110
0011000101110010
0001110100000110
0000001111001010
1110100011111100
1101001101111001
1100010100111100
1100000100001100
1100100000011100
1101100010101000
1110111101011000
0000100110010110
0010001000011111
0011010011100010
0011111000001000
0011110010100110
0011000110000000
0001110011101000
0000010000110101
1110101000100101
1101001111110011
1100010011100111
1100000011011110
1100011110010001
1101011101001101
1110111011011010
0000100111110000
0010000100110010
0011001111101101
0011111000000111
0011110010010110
0011000101110101
0001110101110011
0000001101110011
1110101010000001
1101001101010000
1100010101001110
1100000001001111
1100011011110011
1101100001011001
1110111110000101
0000100101000111
0010001010111111
0011010101011010
0011111010011110
0011110101000100
0011000101000000
0001110101101101
0000010000011101
1110100111010101
1101001100101011
1100010100111110
1100000000100111
1100100001100001
1101100010100110
1110111111101111
0000100100001111
0010000111100110
0011010011001001
0011110111111001
0011110001110001
0011000100110101
0001110101001000
0000001111110010
1110100101010010
1101010001001101
1100011000000011
1100000011100110
1100011111010111
1101011111001110
1110111010110110
0000101000100001
0010001000001111
0011010001100100
0011111010010111
0011110101110000
0011000100101001
0001110100001010
0000001111110000
1110100110110101
1101010010100001
1100010011011101
1100000100001100
1100011101101010
1101100001111000
1110111101011100
0000100101111110
0010001000001110
0011010010011010
0011111000010111
0011110011110001
0011000100010001
0001111001011111
0000001111011101
1110101000101001
1101001101111001
1100010100001110
1100000011010000
1100011111000111
1101100000011101
1110111101001000
0000101001000110
0010001011011100
0011010010111010
0011110101001010
0011101111011101
0011000011100011
0001110101000011
0000001111100010
1110100100111010
1101001111000100
1100010011110100
1100000000000101
1100011010011101
1101011111010011
1110111110100100
0000100110010001
0010000110101011
0011010011110111
0011111000111011
0011110110000110
0011000110011001
0001110100010001
0000001110100010
1110100111001111
1101001110001000
1100010011101111
1100000101100011
1100011011111111
1101011111010011
1110111111100101
0000100110001010
0010001001000010
0011010011101001
0011111000110001
0011110010111111
0011000011001111
0001110001011001
0000001110110101
1110100100100110
1101001100011000
1100010011100001
1100000001110000
1100011111010111
1101100000100111
1110111111000110
0000100101100011
0010001001011101
0011010010001011
0011111010001110
0011110101011001
0011000111000110
0001110000010110
0000001111111001
1110100100101111
1101001110111001
1100010011011000
1100000111111000
1100011110011101
1101100001110111
1110111111000111
0000100111110011
0010001000000111
0011010001011000
0011111000100101
0011110101000001
0011001000000110
0001110010110100
0000001100100101
1110100100011111
1101001111000111
1100010011100101
1100000100110011
1100011101100110
1101011111001001
1111000000001010
0000101000101110
0010000110110101
0011010100011101
0011111011000100
0011110010010011
0011000011001100
0001110001100110
0000001100101000
1110101000010111
1101001101011011
1100010101010110
1011111111110000
1100011110100010
1101011100011001
1110111101111001
0000100111011101
0010001010001001
0011010110001001
0011110110101111
0011110110010000
0011001000000011
0001110100110010
0000001111111001
1110100101110111
1101001010101001
1100010101101111
1100000001101101
1100100001011101
1101100001010001
1110111011011110
0000100101001011
0010001010100001
0011010100111111
0011110101100100
0011110010010100
0011000110100000
0001110101000101
0000001101010010
1110100101100010
1101001111000110
1100010101000101
1011111111000101
1100011110100010
1101011111000010
1110111101110001
0000100111110111
0010000101100011
0011010000001111
0011111001101011
0011110011100011
0011000101101101
0001110100101100
0000001101011101
1110100110100000
1101001111100110
1100010001110111
1100000110000000
1100011110110011
1101100010100100
1110111111010011
0000101000010110
0010001000010110
0011010011001001
0011111001100010
0011110111100000
0011000110000110
0001110011011101
0000001111010010
1110100100010010
1101001110010111
1100011000000101
1100000100001001
1100100000100100
1101100000000111
1110111011000000
0000101001111101
0010001001011000
0011010110101010
0011110101100110
0011110101001110
0011000100001101
0001110010110010
0000001100110001
1110101000010010
1101001110101011
1100010100101110
1100000001110110
1100011111000001
1101100000011111
1110111100011101
0000100110000110
0010001001100100
0011010101000111
0011110111010100
0011110010000110
0011000111011100
0001110110010101
0000001101011000
1110100100001000
1101001101100001
1100010000011001
1100000100101000
1100011100110111
1101011110101100
1110111101011000
0000100101101000
0010000110110111
0011010111001111
0011111010001101
0011110011110001
0011000100011010
0001110101111001
0000001100101011
1110101000000001
1101010000100101
1100010101001011
1100000011011100
1100100000010010
1101100001101101
1110111011110000
0000100101001011
0010001001001011
0011010001000010
0011111001001110
0011110110010100
0011000111100010
0001110100010010
0000001110010100
1110100110001110
1101001101011000
1100010110011001
1100000001001001
1100011101001000
1101011111011101
1110111111110100
0000100101100111
0010001000101000
0011010110100000
0011111000010000
0011110110111100
0011000111101100
0001110100010111
0000001110100100
1110101000000100
1101001110100111
1100010110011100
1100000001011101
1100011100011101
1101011101000110
1110111111010100
0000100011010001
0010000101101000
0011010010011001
0011111010101001
0011110100011011
0011000100110100
0001110010100101
0000001100011001
1110100101001010
1101001101100001
1100010100111110
1100000110001000
1100011111010011
1101100011101000
1110111111000001
0000100110101111
0010001001001100
0011010011110001
0011111001001100
0011110100000101
0011000101111101
0001110011111101
0000001100110111
1110100101111010
1101001111011111
1100010111100110
1100000011100111
1100011101010111
1101100001101111
1110111110011001
0000100110100100
0010000100011000
0011010011010110
0011111011011001
0011110100110000
0011000101011101
0001110010110001
0000001110100010
1110100111110111
1101001110101010
1100010011000100
1100000100101110
1100100001001011
1101100100011011
1110111011110100
0000100011101011
0010001001000011
0011010011010111
0011110111011100
0011110010101011
0011000111101101
0001110011001111
0000001100111011
1110101000101010
1101001111111101
1100010100000011
1100000100111100
1100011101011011
1101011111110111
1110111100011101
0000100111010100
0010001011000010
0011010100101110
0011110111000000
0011110110101111
0011000101010011
0001110110111111
0000001110001010
1110101001111110
1101001111100101
1100010101000111
1100001001011100
1100011101110100
1101011101011100
1110111100100010
0000100101111111
0010001001001110
0011010011001010
0011111010111000
0011110111010101
0011000110010110
0001110110100011
0000001101001010
1110100110101100
1101001101011100
1100010010101101
1100000010010010
1100011110011001
1101011011110101
1110111101111000
0000100011010000
0010001010101010
0011010110111100
0011111001111011
0011110111001100
0011000011010110
0001110011111100
0000001101110001
1110100110111100
1101001100100101
1100010011101000
1100000101100010
1100100000100010
1101100001110101
1110111110010111
0000100111010111
0010001000101100
0011001111101011
0011111001100000
0011110100011001
0011000010100110
0001110010000110
0000001110011001
1110101001100011
1101010001000101
1100010011111000
1100000011111101
1100011101001110
1101011100110011
1110111101101101
0000101000101101
0010001011001100
0011010011010111
0011111001111100
0011110100110100
0011000100111000
0001110010110111
0000010000001010
1110100110110111
1101001110110011
1100010110111000
1100000110011101
1100011110110011
1101011110000010
1110111110000111
0000100110101101
0010001000010110
0011010100101110
0011111010000001
0011111000001000
0011000110001011
0001110001010001
0000001110111110
1110100100001000
1101001011111011
1100010110011101
1100000111010110
1100100000100110
1101100000011101
1110111110001001
0000100100100111
0010001010110111
0011010010000110
0011110111110010
0011110100000001
0011000101011000
0001110110100000
0000001100010110
1110100111001011
1101001110011001
1100010100010011
1100000001001101
1100011101011111
1101100000110101
1110111010110110
0000100011101101
0010001001010010
0011010011001000
0011111010101010
0011110100000110
0011000100100011
0001110101010100
0000001111010100
1110101000110100
1101001010111110
1100010110001100
1100000001010100
1100100010000101
1101100001101110
1110111101110010
0000101001011011
0010001011100101
0011010010111011
0011110111100001
0011110011110000
0011000101011011
0001110011000010
0000001010101100
1110100101010000
1101001110001111
1100011000011000
1100000001101001
1100011110111110
1101100001011101
1111000000111000
0000100101110001
0010001001011101
0011010010101000
0011111001110100
0011110110010001
0011000010011010
0001110001111000
0000001101111001
1110100111110100
1101001110110100
1100010101011100
1100000100110111
1100011011111001
1101011111101000
1110111100011100
0000100101111011
0010001100010001
0011010000011001
0011111010000111
0011110101010010
0011000100011000
0001110000011000
0000010000100011
1110100110011100
1101010000110000
1100010100000111
1100000010101100
1100011100100100
1101100000111010
1110111101110011
0000100111010011
0010001001000001
0011010001101101
0011111100000011
0011110011101000
0011000101010011
0001110100011100
0000001100111100
1110101000010001
1101001011101110
1100010100000010
1100000011010000
1100011110011110
1101011110101000
1111000000001101
0000101000010111
0010001010101100
0011010011101000
0011111010011000
0011110110011000
0011001001010011
0001110010110111
0000001100011111
1110100101000101
1101001101111001
1100010101100000
1100000010011100
1100011110100011
1101011110111001
1110111101101010
0000100101000011
0010000111101000
0011010011111111
0011110111010110
0011110001001110
0011000101100010
0001110001000110
0000001111001100
1110100111111010
1101001011110100
1100010100011010
1100000100100000
1100100000000011
1101011110111110
1110111100101110
0000101000011101
0010001011110011
0011010010000000
0011110110111100
0011110100101111
0011001000000000
0001110010110101
0000001110011110
1110100101100000
1101001100101111
1100010000111011
1100000100000010
1100011100000111
1101011110000001
1110111111111110
0000100110010010
0010001011101010
0011010011001010
0011111010010010
0011110100101100
0011000101011000
0001110011010111
0000001110001010
1110100110110101
1101001110101111
1100010001101101
1100000001111101
1100011110111110
1101011101100010
1110111110001111
0000100111101110
0010001010111000
0011010010101110
0011111000011001
0011110110000100
0011000100111011
0001110010111110
0000001111111010
1110101001110011
1101001111010011
1100010011000001
1100000011011101
1100011101101101
1101011111110000
1110111100110011
0000101000001110
0010000111110001
0011010000100101
0011111001001001
0011110110001110
0011000101100111
0001110011110010
0000001110111011
1110100110001101
1101001110011010
1100010011100000
1100000011001000
1100011110011001
1101100011010010
1110111111010111
0000100011001111
0010000100011010
0011010011011110
0011111010001110
0011110011110010
0011000100100111
0001110101001101
0000001110100110
1110100101110000
1101010000100010
1100010100000001
1100000101001001
1100011101110100
1101100000101000
1110111110100110
0000100111000101
0010000101110011
0011010101000010
0011111000101110
0011110010010111
0011000111101101
0001110100001110
0000001110011001
1110100100111011
1101001101100100
1100010100011011
1100000010110001
1100011101111000
1101011110100001
1110111111100110
0000100110101100
0010001010100011
0011010101000001
0011111010110110
0011110001011000
0011000010100111
0001110110000111
0000001100001001
1110100111000000
1101010000100101
1100010110110001
1011111111111011
1100011100000010
1101100001100001
1110111100000111
0000100110110100
0010001000101011
0011010011110011
0011111000100100
0011110100010101
0011000110010100
0001110110011001
0000001111011011
1110100110111010
1101001111010101
1100010111010010
1100000011101001
1100011110001000
1101100000001001
1110111100100110
0000100110011010
0010001001100011
0011010101101010
0011111000111111
0011110110011111
0011001001011111
0001110101101100
0000001100110101
1110100100111101
1101001110110110
1100010100110000
1100000011010001
1100011111001111
1101011111111111
1110111111000001
0000101000010001
0010001000101001
0011010100000111
0011111011110111
0011110101011111
0011000100010111
0001110011101011
0000001111010011
1110100111100111
1101001110010101
1100010100111111
1100000011100011
1100100000001011
1101011111111101
1110111101111100
0000100111101101
0010001001000110
0011010001000111
0011111001010110
0011110100101100
0011000011110111
0001110011011010
0000001011011000
1110100111111000
1101001101100001
1100010110111111
1100000010001100
1100100000100111
1101100001111101
1110111111010000
0000100110001000
0010001001100110
0011010010100110
0011111011011000
0011110100111011
0011000101011101
0001110011011001
0000001101000001
1110100111110000
1101001100101100
1100010111111110
1100000001010010
1100011111001001
1101100000000000
1110111110011010
0000100100101100
0010001001010001
0011010100110101
0011111010001010
0011110010000000
0011000010110111
0001110011011000
0000001011111111
1110100100011010
1101001111100000
1100010011100101
1100000001111000
1100011110111010
1101011111101000
1110111011101010
0000100001011000
0010000111110100
0011010010110001
0011111010111100
0011110100110111
0011000111110101
0001110011111101
0000001100010100
1110100101010101
1101010000010001
1100010100001100
1100000010111001
1100011111010110
1101011111111011
1110111110000111
0000100111010111
0010001000111011
0011010011011100
0011111101101011
0011110101101011
0011000011111011
0001111000011101
0000010011000110
1110101000010001
1101001111111111
1100010010000100
1100000010101011
1100011101101110
1101011110010010
1110111111001110
0000100101001100
0010001000110000
0011010101011001
0011111001000000
0011110010011010
0011000100011011
0001110000000100
0000010000100001
1110100110001000
1101001111001001
1100010111001000
1100000101110000
1100100001111100
1101100000011000
1110111101111010
0000100101001011
0010000111011011
0011010010000100
0011110110111100
0011110101110001
0011000011111101
0001110010011111
0000001101000001
1110101010001100
1101001101011000
1100010101001000
1100000011101000
1100011100111100
1101100001100000
1110111101001010
0000100110111111
0010001000101010
0011010010010001
0011110111101000
0011110101011111
0011000100111001
0001110101000111
0000001110101000
1110100110110101
1101001100011110
1100010101010111
1100000011111100
1100011101111001
1101011111101101
1110111101110001
0000100101100100
0010001001000111
0011010100010001
0011111011001101
0011110100100111
0011000101110101
0001110011101010
0000001111110000
1110100110001011
1101001100011001
1100010111011101
1100000001111101
1100011011011010
1101011101110110
1110111100110000
0000100111100111
0010000110100001
0011001111100010
0011111011100001
0011110111000001
0011000101010011
0001110100101100
0000001011011100
1110101000110101
1101010000001101
1100010010110001
1100000011101110
1100100000011111
1101011110010110
1110111100000000
0000101000001001
0010001001110111
0011010100000111
0011111010000100
0011110100001111
0011000110101100
0001110000011001
0000001110101101
1110100100001101
1101001111100110
1100010101100100
1100000011111111
1100100000000110
1101011111111010
1110111111000000
0000101000001111
0010001001110000
0011010001011010
0011111000011011
0011110110010011
0011000111011000
0001110101101100
0000001100001001
1110100110000001
1101001011110110
1100010110010011
1100000011011000
1100100000001101
1101011101111111
1110111101110010
0000100110110010
0010000111101110
0011010100001111
0011111011110110
0011110100001101
0011000110011100
0001110011001110
0000001100100100
1110101000010101
1101001101001100
1100010010100110
1100000000001111
1100100001110001
1101100000011010
1110111001111001
0000101000110000
0010001001000000
0011010001000010
0011111010111010
0011110110100011
0011000111001110
0001110000101011
0000001101110100
1110100101000010
1101001101010100
1100010011000011
1100000011001101
1100011100111111
1101011100011110
1110111101001101
0000100110000100
0010001001101110
0011010011111001
0011110111001010
0011110111010101
0011000001101010
0001110100100001
0000001111100111
1110100101111010
1101001110101000
1100010101100110
1100000011100100
1100011110111101
1101100000010110
1110111101110010
0000100100110001
0010001000010000
0011010101011011
0011111001111100
0011110001110110
0011000100110011
0001110000010100
0000001101110111
1110100110001111
1101010000010001
1100010010111000
1100000011111011
1100011011100110
1101011111011110
1110111100001000
0000100010101111
0010001010100000
0011010100100010
0011111010111100
0011110110111010
0011000110010001
0001110001010101
0000001101001011
1110100111010110
1101001111111001
1100010101110010
1100000100100001
1100011110110100
1101011110110100
1110111110000101
0000100101011100
0010001000100011
0011010100010011
0011111010110001
0011110110011110
0011000000000011
0001110000110100
0000001101010001
1110100110001100
1101001110000001
1100010010000000
1100000010111010
1100011111111100
1101011110000010
1110111100101101
0000100110101010
0010001010110100
0011010001000011
0011111000010010
0011110001010100
0011001001000010
0001110100001010
0000001011111011
1110100101100010
1101001101000000
1100010011010000
1100000100101010
1100011110101000
1101100010011000
1111000000110001
0000100101011100
0010001001000101
0011001111110010
0011110111110110
0011110001010000
0011000100000010
0001110010111111
0000001110100000
1110100100010101
1101001010010111
1100010011011001
1100000011101010
1100100000000110
1101011101111011
1110111011010111
0000100101101011
0010001010010100
0011010011010111
0011111010010010
0011101111110111
0011000110111100
0001110101001110
0000001110010011
1110100111000011
1101001110110010
1100010100001111
1100000010010111
1100011110010111
1101011111000111
1110111010011110
0000100101011100
0010001000101110
0011010101111001
0011111001110111
0011110011010111
0011000101011011
0001110011011000
0000001100000011
1110100111100001
1101001100101001
1100010010011110
1100000101101011
1100011111000111
1101011111011100
1110111110100010
0000100100000001
0010001001000110
0011010011100110
0011111001110101
0011110100011110
0011000011111111
0001110011000000
0000001111011111
1110100110110110
1101001100101011
1100010110011110
1100000011100100
1100011111001001
1101100000111011
1110111011110000
0000100101011111
0010000110111110
0011010011100010
0011110110000110
0011110110100100
0011000111001010
0001110011010100
0000001011010010
1110100110010000
1101001101110011
1100010100001010
1100000100111010
1100011101010001
1101011111110100
1110111111001110
0000100110110000
0010000101011000
0011010010001111
0011111010111010
0011110011001110
0011000011100111
0001110100101110
0000001100001100
1110100010010100
1101010000111010
1100011000111101
1100000100000011
1100011101010110
1101011111101111
1110111100111000
0000100101010000
0010001011011000
0011010011011111
0011111000010011
0011110011101000
0011000110001011
0001110001011000
0000001101101011
1110100101010101
1101001100011010
1100010011111000
1100000011101001
1100011101100011
1101011111101000
1110111111111101
0000100100011100
0010001011100000
0011010101100100
0011111000011011
0011110010001010
0011000100110011
0001110010110011
0000001100000101
1110100010011100
1101010000001001
1100010100010111
1100000100011110
1100011111000111
1101100001001110
1110111011111100
0000100110100011
0010000111001000
0011010011001110
0011111010110001
0011110010111110
0011000100101010
0001110011100101
0000001110011001
1110100011101101
1101001101010011
1100010110001111
1100000100000100
1100011100010001
1101100010001110
1110111110000111
0000101000100111
0010001010010011
0011010010000101
0011111100010000
0011110100111111
0011000110111100
0001110000111101
0000001100110010
1110100110110100
1101001100111010
1100010110000110
1100000100111110
1100011100100001
1101011110110001
1110111101010001
0000100101110100
0010001010101011
0011010001110110
0011111001001110
0011110100001011
0011000100111001
0001110011001001
0000001111000101
1110100111000111
1101010010000100
1100011000100001
1100000010100111
1100011110010001
1101011101001110
1110111001110101
0000100011001100
0010001001000111
0011010011100001
0011111010110011
0011110110011111
0011000001100101
0001110010011101
0000001101000001
1110101001100010
1101001110011001
1100010101111111
1100000010100011
1100011111001111
1101011110101111
1110111111000111
0000100001111111
0010000011100010
0011010000111011
0011110111110001
0011110011111100
0011000101111100
0001110011001110
0000010000101110
1110100111000011
1101010000010111
1100010100001011
1100000110011110
1100011110101100
1101011100100000
1110111101100000
0000100111101000
0010001000101101
0011010100111000
0011110111010011
0011110110000100
0011000101000001
0001110010010111
0000001110000110
1110100100100000
1101001101010100
1100010111011010
1100000001110110
1100011101110110
1101100001101010
1111000000010011
0000100110110101
0010001010111010
0011010100100010
0011110111011011
0011110100110100
0011000110100010
0001110101010011
0000001110000110
1110100101000010
1101001101111111
1100010110000001
1100000011010000
1100011111010001
1101011100000100
1110111101110100
0000101000011101
0010000111111010
0011010100010001
0011111011000010
0011110100100110
0011000011010011
0001110001011001
0000001011111111
1110100111000010
1101010000000010
1100010110100100
1100000100101111
1100011110110111
1101100001110111
1110111101011100
0000101000010111
0010001010000100
0011010010000111
0011111001010100
0011110110100010
0011000101100001
0001110100110111
0000001110100101
1110100110001001
1101001011010011
1100010010000001
1100000010010111
1100011011011111
1101100010001000
1110111100000010
0000101010000101
0010000111110001
0011010011100001
0011111010010001
0011110100011000
0011000101000000
0001110110111011
0000001010001110
1110101010100011
1101001101010010
1100010011101011
1100000101001010
1100011100011010
1101011011001011
1110111110001101
0000101000100010
0010001000011110
0011010000101011
0011111000111111
0011110100011010
0011000100000110
0001110001101101
0000010000110110
1110100111100100
1101001101110111
1100010011000101
1100000011101000
1100011111110101
1101011110000001
1110111101101010
0000100110011111
0010000101100100
0011010001110100
0011111010011101
0011110101011011
0011000101001010
0001110010110111
0000010001010110
1110100111010111
1101001111111111
1100010110100110
1100000010101010
1100011100101100
1101100001001101
1110111100100111
0000100110011110
0010001010100110
0011010101000110
0011111011100011
0011110101100101
0011001001000001
0001110100011011
0000001111101111
1110100110011000
1101010001000100
1100010101000101
1100000101001111
1100100000000101
1101011110011010
1110111101010110
0000100110011001
0010000101101111
0011010011110001
0011111000010100
0011110011011111
0011000100001111
0001110100100001
0000001110011110
1110100101100000
1101001101011011
1100010100001101
1100000110011101
1100011110100000
1101100001010001
1110111101110010
0000101011101001
0010001000001110
0011010110010011
0011111010111110
0011110011000011
0011000010010010
0001110110011100
0000001100110000
1110100011100011
1101010000010001
1100010101001000
1100000100110001
1100011111110100
1101011111100001
1110111111001111
0000100111100010
0010001000001110
0011010011001011
0011111010101010
0011110110110000
0011000110010101
0001110000011110
0000001110111100
1110100101100011
1101010010011100
1100010100110101
1100000011101001
1100011110000010
1101011111110000
1110111011110110
0000100100110001
0010000111100001
0011010100100101
0011111000101100
0011110011011001
0011000000100111
0001110100100011
0000001110000000
1110100111111000
1101001101100011
1100010100000000
1100000001101100
1100011101101100
1101011110000100
1110111101110001
0000101001011101
0010000111110110
0011010010110001
0011111010011011
0011110100011110
0011000100110001
0001110010101110
0000010000000101
1110100111000000
1101001110101110
1100010011110111
1100000010100100
1100100000000000
1101100100001010
1110111010111110
0000100110110110
0010001001010011
0011010011110100
0011111001001011
0011110101101010
0011000101001000
0001110100010110
0000001100110010
1110100110100100
1101001011111101
1100010110000010
1100000100000110
1100011011010101
1101100001000111
1110111100001100
0000100010010101
0010000110100000
0011010010111110
0011111011100000
0011110011100011
0011000011100101
0001110110000101
0000001110100010
1110100010111011
1101001100110011
1100010010100000
1100000001010100
1100011000110101
1101011101100101
1110111111101110
0000101000011100
0010001011000000
0011010011110011
0011111000110010
0011110001010111
0011000001011001
0001110101111011
0000010000100011
1110100101111000
1101010000101000
1100010101010010
1100000010100101
1100100001010100
1101011101001101
1110111011010011
0000100111001010
0010001000100111
0011010110010101
0011111010111000
0011110011000111
0011000110100001
0001110000001010
0000010000100101
1110100111000101
1101001111001110
1100010010111111
1100000001111010
1100011111000101
1101011111001000
1110111111011010
0000100100100001
0010001010011011
0011010001101010
0011111001101110
0011110011111100
0011000100100010
0001110100010100
0000001110100000
1110101001100001
1101010000011111
1100010000111000
1100000100111110
1100011110110000
1101100000000010
1110111101110000
0000100110011111
0010001001001100
0011010011100111
0011111011001111
0011110101111000
0011000000010000
0001110101000101
0000001100111000
1110101010001100
1101001110100101
1100010100000010
1100000010010010
1100011111110011
1101100000001010
1110111101001110
0000100111110001
0010001001001110
0011010010111110
0011110111001001
0011110010111110
0011000111001110
0001101111010110
0000001101001111
1110100100001100
1101001111111011
1100010110011101
1100000011000000
1100100000110011
1101011101100001
1110111110001110
0000100110101011
0010001000001101
0011010100000110
0011111001111111
0011110110110100
0011000011110000
0001110011111000
0000010010000011
1110100101111110
1101001110110010
1100010100000111
1100000001100100
1100100000001000
1101011110001101
1111000001101010
0000100110001010
0010001100010011
0011010100001100
0011111010101111
0011110110100101
0011000101011101
0001110011010001
0000001101001100
1110100101101001
1101010000110101
1100010111110011
1100000101010110
1100100010111101
1101100001011101
1110111100110000
0000100010011011
0010001000001001
0011010001011000
0011110101100011
0011110110110100
0011000101001010
0001110010001011
0000010001001000
1110100101101101
1101001101001011
1100011000110101
1100000011000111
1100011010110000
1101011111010010
1111000000010100
0000100111100000
0010001000100111
0011010011000001
0011111010001001
0011110110100101
0011000101011010
0001110100110001
0000010000011111
1110100111111011
1101010001011110
1100010100101000
1100000001001101
1100011101111010
1101100010010001
1110111101010010
0000100011111010
0010001000010001
0011010100110010
0011110110110001
0011110011101111
0011000111000110
0001101111101111
0000001100101110
1110100111000001
1101001101110110
1100011000010011
1100000101111010
1100100000010100
1101100010100001
1111000001001101
0000100111001010
0010001000001100
0011010100101010
0011111001101111
0011110110000100
0011000111100101
0001110000110101
0000010000011100
1110100111001100
1101001110101100
1100010110110000
1100000001100100
1100011110101100
1101100010010011
1110111110110011
0000100100011010
0010001001011000
0011010100101010
0011111010010111
0011110101001010
0011000101001000
0001110100000000
0000001110110111
1110101000100110
1101010000011110
1100010110000011
1100000000011110
1100100000010100
1101100011010110
1110111111100111
0000100101001110
0010001011110001
0011010010010100
0011110111111100
0011110110101000
0011000011001010
0001110011101111
0000001011110010
1110101000001011
1101010000000001
1100010110111000
1100000101101110
1100011110010011
1101100001010010
1110111011100110
0000101000010100
0010000110111010
0011010011000110
0011111000110100
0011110011101010
0011000010011111
0001110010010100
0000001110001100
1110100110011110
1101001100111101
1100010101000001
1100000110010101
1100011110101001
1101011111100011
1110111110010101
0000101001000111
0010001001100101
0011010011100011
0011110110001011
0011110110011101
0011000101100001
0001110101000110
0000001101110011
1110100110001111
1101001101110010
1100010100010110
1100000110001001
1100011101101001
1101100000010001
1110111110111000
0000100010101100
0010001011110001
0011010100101011
0011111101011111
0011110110011001
0011000100000101
0001110010000010
0000001011000110
1110100110101001
1101001110001000
1100010110101111
1100000101111011
1100100000111110
1101100010000010
1110111111111000
0000100110001101
0010001001000000
0011010011001001
0011111000001010
0011110011111001
0011000011100010
0001110101011011
0000001111100010
1110101001010011
1101010000000000
1100010110010110
1100000101110101
1100100000100010
1101100001100111
1110111001101011
0000101000000111
0010000100111000
0011010010110011
0011111100000011
0011110100001110
0011000101101011
0001110011001101
0000001100101000
1110100100110001
1101001111010000
1100010010011101
1100000111101101
1100011111001010
1101011110000111
1110111100010000
0000100111011010
0010001010001110
0011010010001101
0011111011100000
0011110100000001
0011000010001000
0001110010101011
0000001100000010
1110101001000011
1101001101110111
1100010111000101
1100000110101010
1100011100000001
1101100001000110
1111000001110111
0000100101101100
0010000111110011
0011010110000011
0011111001000001
0011110101111101
0011000110101000
0001110011101011
0000001111011101
1110100100010110
1101001100001110
1100010011111101
1100000101001011
1100011101011110
1101100000100100
1110111100101011
0000100100110100
0010001000010101
0011010011101101
0011111010010111
0011110101001100
0011001000101100
0001110011000000
0000001011100101
1110100011101011
1101010000011111
1100011000000110
1100000110010000
1100011101110110
1101011100110011
1110111011000111
0000100110010101
0010000111110101
0011010010001011
0011111001001001
0011110101001101
0011001000110011
0001110111001100
0000001110000001
1110100111101100
1101001101011000
1100010011111000
1100000101001000
1100011110001110
1101011110110011
1110111101111110
0000101000001100
0010000111110000
0011010011101100
0011110110110001
0011110110110001
0011000100010111
0001110000100100
0000001111100000
1110100110010110
1101001111110000
1100010101110110
1100000010000100
1100011110011001
1101100000001101
1110111000100100
0000100100010110
0010000101001010
0011010011011100
0011110111111101
0011110011101010
0011000101011000
0001110100111011
0000001010101110
1110100111001101
1101001011101100
1100010100001111
1100000101011110
1100011101001110
1101100001110101
1110111101100111
0000100100000110
0010001000100001
0011010010110110
0011111000100011
0011110100001110
0011000110010110
0001110100001010
0000001100111100
1110101000010110
1101001110111101
1100010110001010
1100000001100100
1100011010001001
1101100001011111
1110111110001100
0000100110000111
0010001000111010
0011010011111110
0011111011110101
0011110100101010
0011000100111010
0001110101011111
0000010000010010
1110100011001110
1101001111110010
1100010101111011
1100000100011100
1100011101100110
1101100010111111
1110111100101101
0000100010111101
0010001000110110
0011010101100010
0011111011011101
0011110101010000
0011000111110110
0001110000111010
0000001110000011
1110101001100011
1101001111000101
1100010100010101
1100000110111010
1100011111010001
1101100000001101
1110111110101000
0000101010000000
0010001001111111
0011010010010001
0011111001001101
0011110011101011
0011000011011101
0001110011101001
0000001111000110
1110100101001011
1101001101110100
1100010000101110
1100000100100001
1100100000100011
1101011101110100
1110111111110101
0000100111111001
0010001010001100
0011010011100000
0011111010110110
0011110010110110
0011000100110100
0001110101101110
0000001111111011
1110101001010001
1101001111000100
1100010100100101
1100000110011110
1100011101011100
1101011111000111
1110111100111100
0000100110100011
0010001001010011
0011010101011100
0011111001110011
0011110100010010
0011000111011101
0001110010001101
0000001100101000
1110101010001010
1101001111100000
1100010111011111
1100000001111111
1100011100101011
1101100000100000
1110111111011001
0000100101101100
0010001001111001
0011010011110110
0011111100010111
0011110100000110
0011000110000000
0001110111101000
0000001111100101
1110100100001011
1101001110001101
1100010101100100
1100000000010010
1100011100001001
1101011111011000
1110111011011010
0000100100110100
0010001000110011
0011010101111101
0011111000111000
0011110100001100
0011000011010010
0001110000001000
0000001110101110
1110100100011010
1101001110110010
1100010111000011
1100000101000111
1100011101101011
1101011110001010
1110111111011001
0000100111011001
0010000101010010
0011010010110110
0011111001100011
0011110100111011
0011000101111000
0001110000110010
0000001101100011
1110100101011001
1101001110111110
1100010100100000
1100000001100100
1100011110111000
1101100001010010
1110111101111111
0000100111110100
0010001001100111
0011010111110010
0011110111110101
0011110101001101
0011000110010000
0001110110011000
0000001110111110
1110100110110000
1101001110001011
1100010010101000
1100000010111101
1100011110110011
1101011110111111
1110111111001011
0000101001001101
0010001010001100
0011010000100011
0011111000011000
0011110011010110
0011000111111110
0001110101001100
0000010001010110
1110100101001110
1101001011001001
1100010111000101
1100000100100010
1100011110101001
1101100000010011
1110111001000100
0000100100101111
0010000101111011
0011010010001001
0011111011000011
0011111000001001
0011000101001100
0001110101001010
0000001111100101
1110100111110010
1101001101110001
1100010100010110
1100000100111111
1100011110111110
1101100001011101
1110111110010001
0000100100000100
0010001011010010
0011010000000010
0011111101100010
0011110011001010
0011000110111010
0001110111100101
0000001110001000
1110101001100101
1101001100110111
1100010100001000
1100000011110000
1100011101111000
1101100000010111
1110111110111101
0000100100100001
0010001001010111
0011010010111010
0011111011000000
0011110101110001
0011000010101111
0001110011000000
0000001011110100
1110100111011101
1101010000000011
1100010011010101
1100000010101101
1100011011110100
1101011111100110
1110111001111110
0000100101010100
0010001011010010
0011010100010100
0011111100111000
0011110011011101
0011000101010100
0001110011001111
0000001001001111
1110101000011101
1101001101000100
1100010100110101
1100000011001011
1100011111111111
1101011111100101
1110111100100011
0000100111011101
0010001001000010
0011010011100001
0011110110000001
0011110110001101
0011000101000110
0001110101101000
0000001110010110
1110100110101100
1101001110111100
1100010101011100
1100000011110011
1100011110000111
1101011110011010
1110111101110010
0000100010000110
0010000101011000
0011010011100110
0011111001011001
0011110100110011
0011001000001101
0001110001001001
0000001110001111
1110101000000110
1101001110100000
1100010100101100
1100000011111011
1100011111111000
1101011100011000
1110111101111010
0000100110100000
0010000111111001
0011010011001100
0011111001111110
0011101110101000
0011000110001001
0001110001101111
0000001111101111
1110100110111010
1101001110101001
1100010100010110
1100000110010111
1100100000111001
1101100011000100
1111000000010100
0000100111011100
0010001000000001
0011010010011001
0011111000100100
0011110100011101
0011000110011101
0001110110000001
0000001101110011
1110100111110100
1101001110000110
1100010101011100
1100000100010001
1100011011000001
1101011110011100
1110111111011001
0000100101101000
0010001001010011
0011010100010100
0011110111010100
0011110100011011
0011000100100110
0001110000110110
0000001110101110
1110101000101010
1101010000100001
1100010011110110
1100000011000100
1100011100101000
1101011110111110
1111000000010010
0000101001110100
0010000111111011
0011010001000000
0011111001111000
0011110110001010
0011001000011110
0001110010001010
0000001101000010
1110100110110000
1101001111001110
1100010111111001
1100000010101100
1100100000011000
1101100001011101
1110111101011010
0000101000000000
0010001000101001
0011010110100000
0011111011011010
0011110100011010
0011000000101111
0001110110001000
0000010011011011
1110101000000010
1101001111000110
1100010100011010
1100000011101011
1100011111000110
1101011110011100
1110111110001000
0000100111000111
0010000111010010
0011010011010011
0011111000110110
0011110010111010
0011000110000000
0001110101010100
0000001111101010
1110100110110101
1101001101001000
1100011000010100
1100000011000010
1100011110110011
1101011101111000
1110111101011010
0000100111101100
0010001000100100
0011010010110011
0011111000111101
0011110110100101
0011000011001110
0001110100111110
0000010000001001
1110100111110010
1101001110010110
1100010110100011
1100000011100100
1100011110001001
1101100000100100
1110111101001110
0000100011001000
0010001000001100
0011010010001011
0011111000100000
0011110011011000
0011000010100010
0001110011010110
0000001100000011
1110101010100101
1101001110000111
1100010101110001
1100000010101111
1100100010010110
1101011111110000
1110111100101100
0000100110100101
0010001000010111
0011010101000101
0011111001110010
0011110100101000
0011000100100110
0001110101000100
0000001101100110
1110100110000100
1101001111010110
1100010011001101
1100000011111100
1100011101101011
1101100000000010
1110111011110011
0000100110101000
0010000110110101
0011010101100010
0011111001100111
0011110010110000
0011000011110100
0001110011011001
0000001110101011
1110100111001100
1101010000001101
1100010100001001
1100000010101110
1100011011001010
1101011110010000
1110111100100010
0000100110100101
0010000111000010
0011010011110010
0011111011111100
0011110011010111
0011000010010000
0001110011011001
0000001011000110
1110101001010001
1101001100110010
1100010010101101
1100000101000001
1100011110001011
1101100001111001
1110111010000011
0000100110110111
0010001000100011
0011010000111011
0011110110100111
0011110100010010
0011000100111100
0001110101010010
0000001101000001
1110100010011000
1101001111011111
1100010010110110
1100000000010100
1100100001010001
1101011101011101
1110111111011110
0000100110110010
0010001001011001
0011010101000001
0011111101000010
0011110101001101
0011001000010011
0001110101101100
0000001110010001
1110101000101100
1101001111010110
1100010010001000
1100000010010001
1100011100010110
1101011111001010
1110111011011110
0000101000010110
0010000110011111
0011010010011000
0011110111111010
0011110011111000
0011000100011000
0001110010111101
0000001111100101
1110100101011011
1101001111101010
1100010001000110
1100000001010111
1100011101111001
1101100011010010
1110111110110100
0000100110100010
0010001000000010
0011010101011001
0011111000100000
0011110011111001
0011000110000000
0001110010001100
0000001110010001
1110100111010100
1101001010100000
1100010001011001
1100000100111011
1100011111101111
1101011110011001
1110111011111110
0000100011010011
0010001000101110
0011010101001111
0011111000100110
0011110011111110
0011000101010101
0001110011110010
0000001101000110
1110100101110101
1101001110101111
1100010011011100
1100000100011100
1100011111001111
1101011110101110
1110111110000100
0000101001010111
0010001001011010
0011010000101000
0011111001101011
0011110010001011
0011000101000000
0001110100111010
0000001110100100
1110100101010111
1101001101110101
1100010011100100
1100000011100101
1100100001001011
1101011111101101
1110111110010110
0000100101100010
0010001000110011
0011010110010010
0011111010110011
0011110100000010
0011000110100000
0001110010011100
0000001101101101
1110101001001011
1101001110100100
1100010100110111
1100000100000001
1100011111000010
1101011111100010
1110111100011000
0000100110110110
0010001010000011
0011010000010100
0011111010111000
0011110011111001
0011000001101110
0001110001011011
0000001100110100
1110101000111010
1101001101010001
1100010100110100
1100000011101101
1100011101111010
1101011111010011
1110111100000101
0000101000000001
0010000111100110
0011010010111111
0011111010010000
0011110110000110
0011000100110101
0001110011110000
0000010000001110
1110100110011100
1101010000110000
1100010111000010
1100000100111101
1100011100110011
1101011101011011
1110111100010010
0000101011011000
0010000111100010
0011010011000101
0011111010001101
0011110011011110
0011000011110000
0001110010100111
0000010000110000
1110101000100111
1101001110111101
1100010011001000
1100000000110100
1100011100110101
1101011110001100
1110111110011111
0000100101110100
0010001000100110
0011010011111010
0011111000100011
0011110011010011
0011000010010100
0001110011010010
0000010000000110
1110101000010110
1101001111101001
1100010110000001
1100000100000010
1100011111111100
1101100000000011
1110111011111000
0000100011111010
0010001000110100
0011010101001100
0011111101100101
0011110101010011
0011000011000000
0001110101110101
0000001011010101
1110100011101110
1101001110000011
1100010100000101
1100000100101001
1100011110101011
1101011111010100
1110111111000001
0000100111010010
0010001001111000
0011010100110110
0011111000111001
0011110100100101
0011000101001111
0001110111001011
0000001101111111
1110100100000010
1101001110101110
1100010011011100
1100000101100001
1100011101011010
1101011110110011
1110111110001001
0000101001010000
0010001001011011
0011010100000000
0011111011101000
0011110011011100
0011000101000101
0001110001110010
0000001011111111
1110100110101100
1101001100011110
1100010111001111
1100000100101111
1100011010110010
1101011111011001
1110111110100000
0000100111110101
0010001100111010
0011010010010010
0011110111110110
0011110100010001
0011000010000001
0001110001111100
0000001110111111
1110100100100100
1101001100000100
1100010110010111
1100000011100101
1100011101110110
1101011100100000
1110111110001001
0000100011100100
0010001000101100
0011010010111111
0011111010010110
0011110011111001
0011000100111000
0001110101100101
0000001110111001
1110101000001010
1101001111100001
1100010100100010
1100001000111000
1100100000100110
1101100000001100
1110111110100001
0000100101000110
0010001001010100
0011010010010010
0011111001101000
0011110111111011
0011000101111101
0001101111100111
0000001111101001
1110100110000000
1101001110110101
1100010110011011
1100000011100000
1100011100111000
1101100000001011
1111000000100001
0000100101101011
0010001001010110
0011010001110011
0011111001010001
0011110111011100
0011000101100100
0001110100001000
0000001101111111
1110101000010011
1101001111010111
1100010110101110
1100000010100010
1100100000100010
1101100000111001
1110111011000001
0000100110000010
0010000110111100
0011001111010100
0011111011001010
0011110110000001
0011000110110000
0001110101001101
0000001111010011
1110100111100000
1101001100101111
1100010111000011
1100000111101000
1100011111000101
1101011101101100
1110111101111011
0000100110011010
0010001000111001
0011011001000001
0011111000001101
0011110011010000
0011000101011000
0001110100110100
0000001100011101
1110100101010100
1101010000010011
1100010100011111
1100000101010010
1100011110101001
1101100000001000
1110111110000100
0000100100111101
0010000101110101
0011010001000011
0011111001110000
0011110100111110
0011000011110111
0001110101011011
0000001110011110
1110100111010010
1101001101111011
1100010001110101
1100000010010110
1100100000010011
1101011111111101
1110111101010100
0000100100111101
0010000110101010
0011010100000000
0011111011101000
0011110001111110
0011000101010000
0001110100100111
0000001111111110
1110100100110011
1101001111011111
1100010110000101
1100000101010110
1100011101111111
1101100010001000
1110111110101011
0000100110011011
0010001001011111
0011010010011111
0011111001010010
0011110101110001
0011000100100111
0001110100100011
0000001011010100
1110100011111011
1101001101111101
1100010100100111
1100000100001101
1100011111101111
1101011110001110
1110111110011011
0000100110101100
0010001010101000
0011010101100111
0011111001010001
0011110011100000
0011000000101000
0001110000111011
0000001101110101
1110100111000000
1101001101111011
1100010111100110
1100000010101000
1100011110010100
1101011111111100
1110111100101001
0000100110001101
0010001001110110
0011010100101000
0011111010011001
0011110011110111
0011000001111110
0001110011110101
0000001100101100
1110100100011001
1101001011100110
1100010100110110
1100000100000011
1100011001001011
1101100010001100
1110111111110001
0000101001000011
0010001001101011
0011010100110101
0011111001101111
0011110011111011
0011000001110101
0001110010100000
0000001011011001
1110100101110010
1101000110101000
1100010101011111
1100000101110001
1100011110001100
1101100001011100
1110111110110100
0000100110101000
0010001011000001
0011010101010000
0011111101010101
0011110100000111
0011000101010010
0001110011101110
0000001101100111
1110100101000000
1101001100000111
1100010011011010
1100000011110110
1100011110000010
1101100001001101
1110111011101000
0000100011001111
0010001000111001
0011010101010011
0011111010011101
0011110101100011
0011000111010010
0001110100101001
0000001011011110
1110100110100010
1101001100011001
1100010010000100
1100000100010010
1100011100011010
1101100000011011
1110111101000101
0000101010011110
0010000110011010
0011010100000100
0011110111000001
0011110000010100
0011000101110111
0001110100101101
0000001110100110
1110100011111000
1101001110100011
1100010100001111
1100000110011110
1100011011111110
1101011110000001
1110111100010110
0000100100010001
0010001010000010
0011010001101010
0011111000111011
0011110011001101
0011000111000011
0001110011011011
0000001100111001
1110100110010100
1101001111101111
1100010010101010
1100000001100101
1100011110000111
1101011111010101
1110111100101011
0000101001000101
0010001000110000
0011010101111000
0011111000011001
0011110011110111
0011000111000110
0001110011111011
0000001111011110
1110100100110100
1101010000000000
1100011010011011
1100000100111011
1100011011110110
1101100010110011
1110111011000110
0000100101000100
0010001100010101
0011010010001110
0011111001001110
0011110100011001
0011000101010111
0001110011111110
0000001010010000
1110100110000111
1101010011011001
1100010110011011
1100000011010101
1100011101100001
1101100000000011
1110111110010101
0000100100000110
0010000111111100
0011010000111010
0011110110011110
0011110011100001
0011000010001110
0001110101110111
0000001011110001
1110100101111010
1101001100000110
1100010100000111
1100000000101010
1100100000000000
1101100010000101
1110111101110001
0000100101100010
0010001000010100
0011010000011101
0011111100100101
0011110101000000
0011000110001110
0001110011010010
0000001010101111
1110100101101000
1101001101001011
1100010001011001
1100000100001010
1100011101011000
1101100011000111
1110111101111010
0000100111011010
0010001010111101
0011010001101111
0011111011101110
0011110001000001
0011000110010100
0001110000001011
0000001101101101
1110100101011001
1101001110000011
1100010000110110
1100000100111000
1100011110001101
1101100010110101
1110111100001110
0000100111010110
0010000111101110
0011010010101100
0011111011100011
0011110101111011
0011000011010110
0001110010110011
0000010000100010
1110101010000001
1101001100010010
1100010001110111
1100000010101100
1100011110111111
1101100000011010
1110111001011000
0000101000111011
0010000111101001
0011010010100011
0011111000110001
0011110101010001
0011000111111010
0001110010101100
0000010000111010
1110100111010110
1101001111100011
1100010011101111
1100000100100101
1100011101101001
1101011100011111
1110111110101111
0000100111100001
0010001001000001
0011010111100011
0011111010010011
0011110011111110
0011000011010100
0001110010110011
0000001011100000
1110100101110010
1101001110110100
1100010111000111
1100000100110010
1100100000101100
1101100000100010
1111000000010101
0000101000001000
0010001001110101
0011010001010011
0011111010011011
0011110010001010
0011000011100001
0001110100001001
0000001100111000
1110100100111111
1101001110010101
1100010010010001
1100000110011001
1100011001110100
1101100000010111
1110111100111000
0000100110000100
0010001000111110
0011010000110000
0011111000110001
0011110011110111
0011000001110011
0001110000001111
0000001111010110
1110100110010010
1101001101101000
1100010010111110
1100000010010110
1100011110010101
1101011011101000
1110111011001011
0000100110100110
0010001001001111
0011010100010000
0011111010110010
0011110010010010
0011000010100011
0001110001011001
0000001111100001
1110100100010111
1101001110101010
1100001101110100
1100000000110101
1100011101101001
1101100011001010
1111000000011011
0000100100011001
0010001000001010
0011010001100110
0011111011100101
0011110110100000
0011000011000110
0001110001110101
0000001111000111
1110100101100111
1101001111000101
1100010111100011
1100000000010111
1100011110111001
1101100000100011
1110111001110000
0000100111000000
0010001000000101
0011010100011011
0011111011000110
0011110110111011
0011000101000001
0001110011010011
0000001111101110
1110100011010011
1101001011100001
1100010110010101
1100000001011111
1100100010100101
1101011111101101
1110111101010101
0000100101100001
0010001001011111
0011010011110010
0011110110011001
0011110101100001
0011000111101010
0001110011010001
0000001100110111
1110100110011001
1101010000101010
1100010011111001
1100000110101100
1100011110101110
1101100010010111
1110111111101100
0000100101011011
0010000100100000
0011010110101010
0011111011010100
0011110010011101
0011000111010010
0001110100100110
0000001111000111
1110101000011001
1101001100110001
1100010001100000
1100000001011000
1100100000101010
1101011111010101
1110111101100010
0000100111111110
0010001010100111
0011010011111100
0011111110011111
0011110000111001
0011000011101001
0001110101111000
0000001111000100
1110100110001001
1101010000010001
1100010010001000
1100000011011001
1100011101110010
1101011111000001
1110111110000111
0000100111010001
0010001000111010
0011010000010001
0011111000010010
0011110101101100
0011000011101011
0001110011001000
0000001011101111
1110100010101111
1101010001100001
1100010101001101
1100000100000111
1100011101010001
1101100001100110
1110111101011011
0000100110101000
0010001010001111
0011010001001011
0011110101011110
0011110110101100
0011000101100010
0001110001001110
0000010000000100
1110101001100000
1101001100000111
1100010100100000
1100000011111100
1100011101101100
1101011111011011
1110111111110001
0000100110000011
0010001000110111
0011010001111000
0011111011000101
0011110011100010
0011000100101100
0001110100000000
0000001111100011
1110100101010110
1101001110101101
1100010100101111
1100000011010111
1100011110000110
1101100000000100
1111000000110111
0000100110110011
0010001000000001
0011010001100100
0011111011011001
0011110100110110
0011000110001100
0001110100001110
0000010000000010
1110100100000000
1101001111100111
1100010011110000
1100000011011111
1100011111011011
1101100011001110
1110111110000011
0000100110011100
0010000101010110
0011010010111100
0011111001011110
0011110011110100
0011000100010001
0001110100110001
0000001101111000
1110100101101111
1101001100111100
1100010011100100
1100000111111110
1100100000001010
1101011101110000
1110111001011101
0000100110010111
0010001000011100
0011010010011011
0011111010100111
0011110001001100
0011000100001101
0001110010110111
0000001100011110
1110100110011010
1101001111101001
1100010010000101
1100000010000100
1100011111010110
1101011101100001
1110111111001010
0000100110110111
0010000110110001
0011001110010001
0011110111011011
0011110011011101
0011000101101100
0001110010100101
0000001110001100
1110100110001001
1101001011111100
1100010001100000
1100000001010101
1100011111100001
1101100001001000
1110111010100111
0000100100100000
0010001010010111
0011010110001111
0011111011000101
0011110011000111
0011000010101101
0001110111000101
0000010001011010
1110101001100110
1101001101000011
1100010101111110
1100000100011101
1100100001011000
1101011110100111
1110111010111000
0000100101101001
0010001001010010
0011010010011001
0011111000001010
0011110010000001
0011001000110110
0001110010111000
0000001101001111
1110101000110110
1101001101101111
1100010100011010
1100000010011000
1100011111011100
1101011101001100
1110111100111111
0000101010001010
0010001011001110
0011010011110001
0011111001110111
0011110100011101
0011000011110000
0001110100100011
0000001110101001
1110100011001000
1101001110010001
1100010101010001
1100000010001001
1100011110001110
1101011110011011
1110111100111110
0000100101100010
0010001010000101
0011010100111111
0011111000011111
0011110001101111
0011000110100111
