0000000000000000
1111111101001110
0001001001000100
0111111111111111
0111111111111111
0111111111111111
1101101000000101
1000000000000000
1000000000000000
1000111011100011
0101100000001100
0111111111111111
0111111111111111
0100000011100001
1000000000000000
1000000000000000
1000000000000000
1111001010010101
0111111111111111
0111111111111111
0111111111111111
1101101111100010
1000000000000000
1000000000000000
1001000000010010
0101011001111010
0111111111111111
0111111111111111
0100000100010010
1000000000000000
1000000000000000
1000000000000000
1111000101110001
0111111111111111
0111111111111111
0111111111111111
1101100111101001
1000000000000000
1000000000000000
1000111000111100
0101011100000011
0111111111111111
0111111111111111
0100000100010011
1000000000000000
1000000000000000
1000000000000000
1111001100011111
0111111111111111
0111111111111111
0111111111111111
1101101011000111
1000000000000000
1000000000000000
1000111011011111
0101011110100110
0111111111111111
0111111111111111
0100000111110010
1000000000000000
1000000000000000
1000000000000000
1111000101100010
0111111111111111
0111111111111111
0111111111111111
1101101010011001
1000000000000000
1000000000000000
1000111000011010
0101010111111001
0111111111111111
0111111111111111
0100000110100101
1000000000000000
1000000000000000
1000000000000000
1111001010010000
0111111111111111
0111111111111111
0111111111111111
1101101101000011
1000000000000000
1000000000000000
1000111010001111
0101100000000000
0111111111111111
0111111111111111
0100000100100001
1000000000000000
1000000000000000
1000000000000000
1111001011010001
0111111111111111
0111111111111111
0111111111111111
1101101001010111
1000000000000000
1000000000000000
1000111101111100
0101011100100101
0111111111111111
0111111111111111
0100000111000011
1000000000000000
1000000000000000
1000000000000000
1111000110010011
0111111111111111
0111111111111111
0111111111111111
1101101100011111
1000000000000000
1000000000000000
1000111011010100
0101011100001100
0111111111111111
0111111111111111
0100000000101011
1000000000000000
1000000000000000
1000000000000000
1111000101000011
0111111111111111
0111111111111111
0111111111111111
1101101000001110
1000000000000000
1000000000000000
1000111100110101
0101011011101111
0111111111111111
0111111111111111
0100000101111111
1000000000000000
1000000000000000
1000000000000000
1111001010000011
0111111111111111
0111111111111111
0111111111111111
1101101010101011
1000000000000000
1000000000000000
1000111000111001
0101100001001110
0111111111111111
0111111111111111
0100001001111111
1000000000000000
1000000000000000
1000000000000000
1111001000010011
0111111111111111
0111111111111111
0111111111111111
1101101001001011
1000000000000000
1000000000000000
1000111001011111
0101011110000100
0111111111111111
0111111111111111
0100000000101010
1000000000000000
1000000000000000
1000000000000000
1111000111100111
0111111111111111
0111111111111111
0111111111111111
1101101011011100
1000000000000000
1000000000000000
1000111011000100
0101011011001001
0111111111111111
0111111111111111
0100000010000001
1000000000000000
1000000000000000
1000000000000000
1111000101110110
0111111111111111
0111111111111111
0111111111111111
1101100111001101
1000000000000000
1000000000000000
1000111010000011
0101011101001111
0111111111111111
0111111111111111
0100000100101010
1000000000000000
1000000000000000
1000000000000000
1111000111010110
0111111111111111
0111111111111111
0111111111111111
1101101010110101
1000000000000000
1000000000000000
1000111100111001
0101011111011000
0111111111111111
0111111111111111
0100000110110010
1000000000000000
1000000000000000
1000000000000000
1111000101110001
0111111111111111
0111111111111111
0111111111111111
1101101001110111
1000000000000000
1000000000000000
1000111000010011
0101011111101100
0111111111111111
0111111111111111
0100001001100110
1000000000000000
1000000000000000
1000000000000000
1111000110011011
0111111111111111
0111111111111111
0111111111111111
1101100111011010
1000000000000000
1000000000000000
1000111101111000
0101100000000111
0111111111111111
0111111111111111
0011111111110010
1000000000000000
1000000000000000
1000000000000000
1111001001100000
0111111111111111
0111111111111111
0111111111111111
1101101011000101
1000000000000000
1000000000000000
1000111010011110
0101011110010001
0111111111111111
0111111111111111
0011111111100110
1000000000000000
1000000000000000
1000000000000000
1111001010100010
0111111111111111
0111111111111111
0111111111111111
1101101011000101
1000000000000000
1000000000000000
1000111010001011
0101100001001101
0111111111111111
0111111111111111
0100000110011001
1000000000000000
1000000000000000
1000000000000000
1111000110100001
0111111111111111
0111111111111111
0111111111111111
1101101001010111
1000000000000000
1000000000000000
1000111100010101
0101011100110000
0111111111111111
0111111111111111
0100000000100001
1000000000000000
1000000000000000
1000000000000000
1111001011111111
0111111111111111
0111111111111111
0111111111111111
1101101100011100
1000000000000000
1000000000000000
1000111011111011
0101100010010110
0111111111111111
0111111111111111
0100000011110010
1000000000000000
1000000000000000
1000000000000000
1111001000000110
0111111111111111
0111111111111111
0111111111111111
1101101000110010
1000000000000000
1000000000000000
1000111010101111
0101100000110101
0111111111111111
0111111111111111
0100000001111111
1000000000000000
1000000000000000
1000000000000000
1111001010000100
0111111111111111
0111111111111111
0111111111111111
1101101000100111
1000000000000000
1000000000000000
1000111101101001
0101011010111110
0111111111111111
0111111111111111
0100000001110010
1000000000000000
1000000000000000
1000000000000000
1111000111001101
0111111111111111
0111111111111111
0111111111111111
1101101001110101
1000000000000000
1000000000000000
1000111011010111
0101011101101011
0111111111111111
0111111111111111
0100000100110101
1000000000000000
1000000000000000
1000000000000000
1111000111100010
0111111111111111
0111111111111111
0111111111111111
1101101100001101
1000000000000000
1000000000000000
1000111111001100
0101100001100101
0111111111111111
0111111111111111
0100000010010111
1000000000000000
1000000000000000
1000000000000000
1111000110001110
0111111111111111
0111111111111111
0111111111111111
1101101010010010
1000000000000000
1000000000000000
1000111100011000
0101011100111010
0111111111111111
0111111111111111
0100000010000110
1000000000000000
1000000000000000
1000000000000000
1111001000000010
0111111111111111
0111111111111111
0111111111111111
1101100100001100
1000000000000000
1000000000000000
1000110110001100
0101011010111101
0111111111111111
0111111111111111
0100000001011111
1000000000000000
1000000000000000
1000000000000000
1111000101101010
0111111111111111
0111111111111111
0111111111111111
1101101010101010
1000000000000000
1000000000000000
1000111000111001
0101011110010110
0111111111111111
0111111111111111
0100001001011011
1000000000000000
1000000000000000
1000000000000000
1111000110111100
0111111111111111
0111111111111111
0111111111111111
1101101110010000
1000000000000000
1000000000000000
1000111001110001
0101100000000100
0111111111111111
0111111111111111
0100000010000001
1000000000000000
1000000000000000
1000000000000000
1111000111111001
0111111111111111
0111111111111111
0111111111111111
1101101100111111
1000000000000000
1000000000000000
1000111010110011
0101011110011110
0111111111111111
0111111111111111
0100000110100110
1000000000000000
1000000000000000
1000000000000000
1111000111101010
0111111111111111
0111111111111111
0111111111111111
1101101011111110
1000000000000000
1000000000000000
1000111110110011
0101100000010110
0111111111111111
0111111111111111
0100000110111000
1000000000000000
1000000000000000
1000000000000000
1111000101110111
0111111111111111
0111111111111111
0111111111111111
1101101011110011
1000000000000000
1000000000000000
1000111001101000
0101011101100001
0111111111111111
0111111111111111
0100000010110100
1000000000000000
1000000000000000
1000000000000000
1111001001011010
0111111111111111
0111111111111111
0111111111111111
1101101000001101
1000000000000000
1000000000000000
1000111111100110
0101100001100100
0111111111111111
0111111111111111
0100000011000011
1000000000000000
1000000000000000
1000000000000000
1111001010011101
0111111111111111
0111111111111111
0111111111111111
1101101010011110
1000000000000000
1000000000000000
1000111101011101
0101100000111011
0111111111111111
0111111111111111
0100000010111010
1000000000000000
1000000000000000
1000000000000000
1111001010001011
0111111111111111
0111111111111111
0111111111111111
1101101010111000
1000000000000000
1000000000000000
1000111100000000
0101011110001010
0111111111111111
0111111111111111
0100000101111000
1000000000000000
1000000000000000
1000000000000000
1111001010011100
0111111111111111
0111111111111111
0111111111111111
1101101011000000
1000000000000000
1000000000000000
1000111101001000
0101011100111000
0111111111111111
0111111111111111
0100001010101101
1000000000000000
1000000000000000
1000000000000000
1111000110010010
0111111111111111
0111111111111111
0111111111111111
1101101101001100
1000000000000000
1000000000000000
1000111011011010
0101100000001001
0111111111111111
0111111111111111
0100000010010010
1000000000000000
1000000000000000
1000000000000000
1111001100101001
0111111111111111
0111111111111111
0111111111111111
1101101010100100
1000000000000000
1000000000000000
1000111001000000
0101011100110100
0111111111111111
0111111111111111
0100000000000011
1000000000000000
1000000000000000
1000000000000000
1111000110011100
0111111111111111
0111111111111111
0111111111111111
1101101010100100
1000000000000000
1000000000000000
1000111011000010
0101100000010001
0111111111111111
0111111111111111
0100000001111011
1000000000000000
1000000000000000
1000000000000000
1111000100100001
0111111111111111
0111111111111111
0111111111111111
1101101001100111
1000000000000000
1000000000000000
1000111110000100
0101011111100100
0111111111111111
0111111111111111
0100000001110101
1000000000000000
1000000000000000
1000000000000000
1111000111110001
0111111111111111
0111111111111111
0111111111111111
1101101010000101
1000000000000000
1000000000000000
1000111100001000
0101011110111101
0111111111111111
0111111111111111
0100001000100010
1000000000000000
1000000000000000
1000000000000000
1111001001011110
0111111111111111
0111111111111111
0111111111111111
1101110000011111
1000000000000000
1000000000000000
1001000000010010
0101011100011101
0111111111111111
0111111111111111
0100001000111100
1000000000000000
1000000000000000
1000000000000000
1111000010010010
0111111111111111
0111111111111111
0111111111111111
1101101001110011
1000000000000000
1000000000000000
1000111100110000
0101100001100001
0111111111111111
0111111111111111
0100000100111101
1000000000000000
1000000000000000
1000000000000000
1111001011101111
0111111111111111
0111111111111111
0111111111111111
1101101000111011
1000000000000000
1000000000000000
1000111001100111
0101011111110101
0111111111111111
0111111111111111
0100000011101001
1000000000000000
1000000000000000
1000000000000000
1111000100111100
0111111111111111
0111111111111111
0111111111111111
1101101000001110
1000000000000000
1000000000000000
1000111101101101
0101011001010010
0111111111111111
0111111111111111
0100000100100110
1000000000000000
1000000000000000
1000000000000000
1111001010101101
0111111111111111
0111111111111111
0111111111111111
1101101010010010
1000000000000000
1000000000000000
1000111010011111
0101011100011100
0111111111111111
0111111111111111
0100000111010101
1000000000000000
1000000000000000
1000000000000000
1111001101000101
0111111111111111
0111111111111111
0111111111111111
1101100111000001
1000000000000000
1000000000000000
1000111001010100
0101011100010111
0111111111111111
0111111111111111
0011111101000001
1000000000000000
1000000000000000
1000000000000000
1111001000111010
0111111111111111
0111111111111111
0111111111111111
1101100111010101
1000000000000000
1000000000000000
1000111001011001
0101011101111001
0111111111111111
0111111111111111
0100000100001101
1000000000000000
1000000000000000
1000000000000000
1111001010110110
0111111111111111
0111111111111111
0111111111111111
1101100111100100
1000000000000000
1000000000000000
1000111011101111
0101011010111101
0111111111111111
0111111111111111
0100000101111011
1000000000000000
1000000000000000
1000000000000000
1111000011111111
0111111111111111
0111111111111111
0111111111111111
1101101101010110
1000000000000000
1000000000000000
1000111011011000
0101011110101111
0111111111111111
0111111111111111
0100000010111000
1000000000000000
1000000000000000
1000000000000000
1111000110100110
0111111111111111
0111111111111111
0111111111111111
1101101011000100
1000000000000000
1000000000000000
1000111011011111
0101011111111011
0111111111111111
0111111111111111
0100000110000011
1000000000000000
1000000000000000
1000000000000000
1111001010000110
0111111111111111
0111111111111111
0111111111111111
1101110000000000
1000000000000000
1000000000000000
1000111110010100
0101011111111100
0111111111111111
0111111111111111
0100000101000110
1000000000000000
1000000000000000
1000000000000000
1111001000010010
0111111111111111
0111111111111111
0111111111111111
1101100111011100
1000000000000000
1000000000000000
1000110101110000
0101011010100100
0111111111111111
0111111111111111
0100001001011011
1000000000000000
1000000000000000
1000000000000000
1111000100110101
0111111111111111
0111111111111111
0111111111111111
1101100011111010
1000000000000000
1000000000000000
1001000001101011
0101011111010110
0111111111111111
0111111111111111
0100000010100101
1000000000000000
1000000000000000
1000000000000000
1111001010000010
0111111111111111
0111111111111111
0111111111111111
1101101000110010
1000000000000000
1000000000000000
1000111101100000
0101011101110111
0111111111111111
0111111111111111
0100000111011111
1000000000000000
1000000000000000
1000000000000000
1111000100100101
0111111111111111
0111111111111111
0111111111111111
1101100111100101
1000000000000000
1000000000000000
1000111001100011
0101011111111111
0111111111111111
0111111111111111
0100000100111111
1000000000000000
1000000000000000
1000000000000000
1111001010001101
0111111111111111
0111111111111111
0111111111111111
1101101000000101
1000000000000000
1000000000000000
1001000000010111
0101011111001011
0111111111111111
0111111111111111
0100000110011001
1000000000000000
1000000000000000
1000000000000000
1111000011110001
0111111111111111
0111111111111111
0111111111111111
1101101011111000
1000000000000000
1000000000000000
1000111111010011
0101011011001000
0111111111111111
0111111111111111
0011111010111001
1000000000000000
1000000000000000
1000000000000000
1111000111000111
0111111111111111
0111111111111111
0111111111111111
1101101000001101
1000000000000000
1000000000000000
1000111100010111
0101011100001111
0111111111111111
0111111111111111
0100000110000001
1000000000000000
1000000000000000
1000000000000000
1111000100111101
0111111111111111
0111111111111111
0111111111111111
1101100111111100
1000000000000000
1000000000000000
1000111011000011
0101011100111100
0111111111111111
0111111111111111
0100000010110011
1000000000000000
1000000000000000
1000000000000000
1111000011100101
0111111111111111
0111111111111111
0111111111111111
1101101001111000
1000000000000000
1000000000000000
1001000001000011
0101011101001010
0111111111111111
0111111111111111
0100000101010101
1000000000000000
1000000000000000
1000000000000000
1111001001110001
0111111111111111
0111111111111111
0111111111111111
1101100100110110
1000000000000000
1000000000000000
1000111000001111
0101011110101111
0111111111111111
0111111111111111
0100000101011100
1000000000000000
1000000000000000
1000000000000000
1111000011000101
0111111111111111
0111111111111111
0111111111111111
1101101011110100
1000000000000000
1000000000000000
1000111001111111
0101011101100000
0111111111111111
0111111111111111
0100000001010011
1000000000000000
1000000000000000
1000000000000000
1111000110111011
0111111111111111
0111111111111111
0111111111111111
1101101001111110
1000000000000000
1000000000000000
1001000001001010
0101011110111101
0111111111111111
0111111111111111
0100000000100100
1000000000000000
1000000000000000
1000000000000000
1111000111001101
0111111111111111
0111111111111111
0111111111111111
1101101000011110
1000000000000000
1000000000000000
1000111100011110
0101011110000101
0111111111111111
0111111111111111
0100000110100100
1000000000000000
1000000000000000
1000000000000000
1111001001010111
0111111111111111
0111111111111111
0111111111111111
1101101001010100
1000000000000000
1000000000000000
1000111011001000
0101011111110111
0111111111111111
0111111111111111
0100000100010111
1000000000000000
1000000000000000
1000000000000000
1111000110010111
0111111111111111
0111111111111111
0111111111111111
1101101000110010
1000000000000000
1000000000000000
1000111100111010
0101011110101100
0111111111111111
0111111111111111
0100000110001100
1000000000000000
1000000000000000
1000000000000000
1111000100010001
0111111111111111
0111111111111111
0111111111111111
1101110001000110
1000000000000000
1000000000000000
1000110110010000
0101100000001110
0111111111111111
0111111111111111
0100000110000001
1000000000000000
1000000000000000
1000000000000000
1111001011110001
0111111111111111
0111111111111111
0111111111111111
1101100111110010
1000000000000000
1000000000000000
1000111100000000
0101011011101011
0111111111111111
0111111111111111
0100000100100001
1000000000000000
1000000000000000
1000000000000000
1111000101100000
0111111111111111
0111111111111111
0111111111111111
1101101000101111
1000000000000000
1000000000000000
1000111001100100
0101011101011111
0111111111111111
0111111111111111
0100000100001111
1000000000000000
1000000000000000
1000000000000000
1111001001111101
0111111111111111
0111111111111111
0111111111111111
1101101111001000
1000000000000000
1000000000000000
1000111111100000
0101011110110010
0111111111111111
0111111111111111
0011111110010011
1000000000000000
1000000000000000
1000000000000000
1111000111111100
0111111111111111
0111111111111111
0111111111111111
1101101000011100
1000000000000000
1000000000000000
1000111100110011
0101011101111110
0111111111111111
0111111111111111
0100000111011110
1000000000000000
1000000000000000
1000000000000000
1111001001101001
0111111111111111
0111111111111111
0111111111111111
1101101000101001
1000000000000000
1000000000000000
1000111010000001
0101011010101000
0111111111111111
0111111111111111
0100000110001001
1000000000000000
1000000000000000
1000000000000000
1111000110000010
0111111111111111
0111111111111111
0111111111111111
1101101001010101
1000000000000000
1000000000000000
1000111011101111
0101011111001010
0111111111111111
0111111111111111
0100000001111010
1000000000000000
1000000000000000
1000000000000000
1111001001000001
0111111111111111
0111111111111111
0111111111111111
1101101011000110
1000000000000000
1000000000000000
1000111011001011
0101011100011001
0111111111111111
0111111111111111
0100000011000011
1000000000000000
1000000000000000
1000000000000000
1111001011101001
0111111111111111
0111111111111111
0111111111111111
1101101000100010
1000000000000000
1000000000000000
1000111001100011
0101100000100000
0111111111111111
0111111111111111
0100000101010001
1000000000000000
1000000000000000
1000000000000000
1111000111110010
0111111111111111
0111111111111111
0111111111111111
1101100101100011
1000000000000000
1000000000000000
1000111100010011
0101011111001000
0111111111111111
0111111111111111
0100000101110110
1000000000000000
1000000000000000
1000000000000000
1111000111101000
0111111111111111
0111111111111111
0111111111111111
1101101010100100
1000000000000000
1000000000000000
1000111010000110
0101011111001011
0111111111111111
0111111111111111
0100000000001000
1000000000000000
1000000000000000
1000000000000000
1111001001000110
0111111111111111
0111111111111111
0111111111111111
1101100110100110
1000000000000000
1000000000000000
1000111010110100
0101011011100010
0111111111111111
0111111111111111
0100000101010111
1000000000000000
1000000000000000
1000000000000000
1111001001001011
0111111111111111
0111111111111111
0111111111111111
1101101000010110
1000000000000000
1000000000000000
1000111001010010
0101011010000101
0111111111111111
0111111111111111
0100000111111110
1000000000000000
1000000000000000
1000000000000000
1111000110010000
0111111111111111
0111111111111111
0111111111111111
1101101110011001
1000000000000000
1000000000000000
1000111011101101
0101011010001110
0111111111111111
0111111111111111
0100001010010000
1000000000000000
1000000000000000
1000000000000000
1111001010100111
0111111111111111
0111111111111111
0111111111111111
1101100100110110
1000000000000000
1000000000000000
1000111011011010
0101011110010110
0111111111111111
0111111111111111
0100000111111100
1000000000000000
1000000000000000
1000000000000000
1111000110010011
0111111111111111
0111111111111111
0111111111111111
1101101110010010
1000000000000000
1000000000000000
1000110111101010
0101011111010111
0111111111111111
0111111111111111
0100000011010001
1000000000000000
1000000000000000
1000000000000000
1111001010001010
0111111111111111
0111111111111111
0111111111111111
1101101010011111
1000000000000000
1000000000000000
1000111011000110
0101011111101001
0111111111111111
0111111111111111
0100000101101110
1000000000000000
1000000000000000
1000000000000000
1111000110100001
0111111111111111
0111111111111111
0111111111111111
1101101001010000
1000000000000000
1000000000000000
1000111101110001
0101011100000100
0111111111111111
0111111111111111
0100000100001001
1000000000000000
1000000000000000
1000000000000000
1111001100111000
0111111111111111
0111111111111111
0111111111111111
1101100111001110
1000000000000000
1000000000000000
1000111100101001
0101011001110000
0111111111111111
0111111111111111
0100000101101101
1000000000000000
1000000000000000
1000000000000000
1111001000111000
0111111111111111
0111111111111111
0111111111111111
1101101000111100
1000000000000000
1000000000000000
1000111010110100
0101011111011110
0111111111111111
0111111111111111
0100000110101000
1000000000000000
1000000000000000
1000000000000000
1111000101011001
0111111111111111
0111111111111111
0111111111111111
1101100111110101
1000000000000000
1000000000000000
1000111101001110
0101100000001000
0111111111111111
0111111111111111
0100001000001011
1000000000000000
1000000000000000
1000000000000000
1111000111100111
0111111111111111
0111111111111111
0111111111111111
1101101010001001
1000000000000000
1000000000000000
1000111000010101
0101011100010010
0111111111111111
0111111111111111
0100000101001111
1000000000000000
1000000000000000
1000000000000000
1111000111010000
0111111111111111
0111111111111111
0111111111111111
1101101011010100
1000000000000000
1000000000000000
1000111100111101
0101100000100000
0111111111111111
0111111111111111
0100000011111000
1000000000000000
1000000000000000
1000000000000000
1111001000111001
0111111111111111
0111111111111111
0111111111111111
1101100111111000
1000000000000000
1000000000000000
1000111001110110
0101100000001011
0111111111111111
0111111111111111
0100000011000101
1000000000000000
1000000000000000
1000000000000000
1111001010000000
0111111111111111
0111111111111111
0111111111111111
1101101111001110
1000000000000000
1000000000000000
1000111101000110
0101100010110001
0111111111111111
0111111111111111
0100000011100100
1000000000000000
1000000000000000
1000000000000000
1111001001100000
0111111111111111
0111111111111111
0111111111111111
1101101110001110
1000000000000000
1000000000000000
1001000001010101
0101011111001010
0111111111111111
0111111111111111
0100001010100000
1000000000000000
1000000000000000
1000000000000000
1111001011000001
0111111111111111
0111111111111111
0111111111111111
1101101001000010
1000000000000000
1000000000000000
1000111111010011
0101011110100001
0111111111111111
0111111111111111
0100001000000000
1000000000000000
1000000000000000
1000000000000000
1111000100110001
0111111111111111
0111111111111111
0111111111111111
1101101011010101
1000000000000000
1000000000000000
1000111010010001
0101011011010100
0111111111111111
0111111111111111
0100000000100111
1000000000000000
1000000000000000
1000000000000000
1111000111011001
0111111111111111
0111111111111111
0111111111111111
1101101101111000
1000000000000000
1000000000000000
1000111010010001
0101100011101000
0111111111111111
0111111111111111
0100000000001010
1000000000000000
1000000000000000
1000000000000000
1111000100100011
0111111111111111
0111111111111111
0111111111111111
1101101001110101
1000000000000000
1000000000000000
1000111110101000
0101011011101001
0111111111111111
0111111111111111
0100000010101110
1000000000000000
1000000000000000
1000000000000000
1111001011111110
0111111111111111
0111111111111111
0111111111111111
1101101001100000
1000000000000000
1000000000000000
1000110111101100
0101011101111001
0111111111111111
0111111111111111
0100000111011000
1000000000000000
1000000000000000
1000000000000000
1111001001010010
0111111111111111
0111111111111111
0111111111111111
1101101100001111
1000000000000000
1000000000000000
1000110111111101
0101011010010100
0111111111111111
0111111111111111
0100000001100000
1000000000000000
1000000000000000
1000000000000000
1111001000101100
0111111111111111
0111111111111111
0111111111111111
1101101110101001
1000000000000000
1000000000000000
1000111101111100
0101100010001101
0111111111111111
0111111111111111
0100000001011101
1000000000000000
1000000000000000
1000000000000000
1111000111010100
0111111111111111
0111111111111111
0111111111111111
1101100110010101
1000000000000000
1000000000000000
1000111010011010
0101011011100000
0111111111111111
0111111111111111
0100000011001010
1000000000000000
1000000000000000
1000000000000000
1111000100011111
0111111111111111
0111111111111111
0111111111111111
1101101000011011
1000000000000000
1000000000000000
1000111010010101
0101100111001110
0111111111111111
0111111111111111
0100000010101111
1000000000000000
1000000000000000
1000000000000000
1111001110000001
0111111111111111
0111111111111111
0111111111111111
1101101010001010
1000000000000000
1000000000000000
1000111001110100
0101011101100001
0111111111111111
0111111111111111
0100000110111101
1000000000000000
1000000000000000
1000000000000000
1111000101101111
0111111111111111
0111111111111111
0111111111111111
1101101010000110
1000000000000000
1000000000000000
1000111101111101
0101011110000101
0111111111111111
0111111111111111
0100000010010100
1000000000000000
1000000000000000
1000000000000000
1111000111101101
0111111111111111
0111111111111111
0111111111111111
1101101000101001
1000000000000000
1000000000000000
1000111001110101
0101100001100011
0111111111111111
0111111111111111
0100000111011011
1000000000000000
1000000000000000
1000000000000000
1111000111010110
0111111111111111
0111111111111111
0111111111111111
1101101001011011
1000000000000000
1000000000000000
1000111100010001
0101100000010000
0111111111111111
0111111111111111
0100000000010011
1000000000000000
1000000000000000
1000000000000000
1111001010100000
0111111111111111
0111111111111111
0111111111111111
1101100101100011
1000000000000000
1000000000000000
1001000000001111
0101011100101100
0111111111111111
0111111111111111
0100000010110110
1000000000000000
1000000000000000
1000000000000000
1111001001000100
0111111111111111
0111111111111111
0111111111111111
1101101101110111
1000000000000000
1000000000000000
1000111101001010
0101011100101110
0111111111111111
0111111111111111
0100000001111111
1000000000000000
1000000000000000
1000000000000000
1111000110011111
0111111111111111
0111111111111111
0111111111111111
1101100111100011
1000000000000000
1000000000000000
1000111010000000
0101011101011010
0111111111111111
0111111111111111
0100000010110111
1000000000000000
1000000000000000
1000000000000000
1111000101010011
0111111111111111
0111111111111111
0111111111111111
1101101010101011
1000000000000000
1000000000000000
1000111010010100
0101011110110111
0111111111111111
0111111111111111
0100000100000000
1000000000000000
1000000000000000
1000000000000000
1111001010001100
0111111111111111
0111111111111111
0111111111111111
1101100010010101
1000000000000000
1000000000000000
1000111110000000
0101011011010000
0111111111111111
0111111111111111
0100000100111110
1000000000000000
1000000000000000
1000000000000000
1111000110000100
0111111111111111
0111111111111111
0111111111111111
1101101001001011
1000000000000000
1000000000000000
1000111011101101
0101100011100001
0111111111111111
0111111111111111
0100000101110010
1000000000000000
1000000000000000
1000000000000000
1111001010001010
0111111111111111
0111111111111111
0111111111111111
1101100101101101
1000000000000000
1000000000000000
1000111100010000
0101011101000001
0111111111111111
0111111111111111
0100000011101010
1000000000000000
1000000000000000
1000000000000000
1111000111000100
0111111111111111
0111111111111111
0111111111111111
1101101010001011
1000000000000000
1000000000000000
1000111000001100
0101011101010110
0111111111111111
0111111111111111
0100000011011101
1000000000000000
1000000000000000
1000000000000000
1111000111000011
0111111111111111
0111111111111111
0111111111111111
1101101010001100
1000000000000000
1000000000000000
1000111100010010
0101011100110001
0111111111111111
0111111111111111
0100000010010110
1000000000000000
1000000000000000
1000000000000000
1111000111101100
0111111111111111
0111111111111111
0111111111111111
1101100111100101
1000000000000000
1000000000000000
1000111011110101
0101100000001100
0111111111111111
0111111111111111
0100000111111000
1000000000000000
1000000000000000
1000000000000000
1111001001100111
0111111111111111
0111111111111111
0111111111111111
1101100101110110
1000000000000000
1000000000000000
1000111110110100
0101100101101110
0111111111111111
0111111111111111
0100000001110001
1000000000000000
1000000000000000
1000000000000000
1111000100110010
0111111111111111
0111111111111111
0111111111111111
1101100101011010
1000000000000000
1000000000000000
1000111010110110
0101100010101101
0111111111111111
0111111111111111
0100000101010011
1000000000000000
1000000000000000
1000000000000000
1111001111011110
0111111111111111
0111111111111111
0111111111111111
1101101011010001
1000000000000000
1000000000000000
1000111010110110
0101011101000010
0111111111111111
0111111111111111
0100000101001101
1000000000000000
1000000000000000
1000000000000000
1111001011110010
0111111111111111
0111111111111111
0111111111111111
1101101011000011
1000000000000000
1000000000000000
1000111100100010
0101011001110101
0111111111111111
0111111111111111
0100000111000000
1000000000000000
1000000000000000
1000000000000000
1111001110000110
0111111111111111
0111111111111111
0111111111111111
1101100101000101
1000000000000000
1000000000000000
1000111000100101
0101011100001000
0111111111111111
0111111111111111
0100000010110011
1000000000000000
1000000000000000
1000000000000000
1111001000000101
0111111111111111
0111111111111111
0111111111111111
1101101010111110
1000000000000000
1000000000000000
1000111010100100
0101100101100010
0111111111111111
0111111111111111
0100000110010111
1000000000000000
1000000000000000
1000000000000000
1111001001011001
0111111111111111
0111111111111111
0111111111111111
1101100101110111
1000000000000000
1000000000000000
1000111111111000
0101011100000010
0111111111111111
0111111111111111
0100000011101010
1000000000000000
1000000000000000
1000000000000000
1111000110011001
0111111111111111
0111111111111111
0111111111111111
1101100110101110
1000000000000000
1000000000000000
1000111010000110
0101011110100000
0111111111111111
0111111111111111
0100000110001010
1000000000000000
1000000000000000
1000000000000000
1111001001111010
0111111111111111
0111111111111111
0111111111111111
1101101001101111
1000000000000000
1000000000000000
1000111001000011
0101011111100011
0111111111111111
0111111111111111
0100000101001110
1000000000000000
1000000000000000
1000000000000000
1111000111010100
0111111111111111
0111111111111111
0111111111111111
1101101101010011
1000000000000000
1000000000000000
1000111000000101
0101011100011101
0111111111111111
0111111111111111
0100000101111000
1000000000000000
1000000000000000
1000000000000000
1111000110011101
0111111111111111
0111111111111111
0111111111111111
1101101001001100
1000000000000000
1000000000000000
1000111000110010
0101100000101110
0111111111111111
0111111111111111
0100000011010110
1000000000000000
1000000000000000
1000000000000000
1111000100110110
0111111111111111
0111111111111111
0111111111111111
1101101000111011
1000000000000000
1000000000000000
1000111010110011
0101100100011110
0111111111111111
0111111111111111
0100000000010000
1000000000000000
1000000000000000
1000000000000000
1111000110011011
0111111111111111
0111111111111111
0111111111111111
1101101010100011
1000000000000000
1000000000000000
1000111110100101
0101100000110110
0111111111111111
0111111111111111
0100000001000010
1000000000000000
1000000000000000
1000000000000000
1111001000111000
0111111111111111
0111111111111111
0111111111111111
1101101001000101
1000000000000000
1000000000000000
1000110111100110
0101011111111011
0111111111111111
0111111111111111
0100000011011110
1000000000000000
1000000000000000
1000000000000000
1111001010011110
0111111111111111
0111111111111111
0111111111111111
1101101010011111
1000000000000000
1000000000000000
1000111101010010
0101011101101010
0111111111111111
0111111111111111
0100000100011011
1000000000000000
1000000000000000
1000000000000000
1111000011001101
0111111111111111
0111111111111111
0111111111111111
1101101000101010
1000000000000000
1000000000000000
1000111001010000
0101100000100101
0111111111111111
0111111111111111
0100000010111010
1000000000000000
1000000000000000
1000000000000000
1111001000110011
0111111111111111
0111111111111111
0111111111111111
1101101100101001
1000000000000000
1000000000000000
1000111001101101
0101011110010110
0111111111111111
0111111111111111
0100000000111011
1000000000000000
1000000000000000
1000000000000000
1111001000100101
0111111111111111
0111111111111111
0111111111111111
1101101001010000
1000000000000000
1000000000000000
1000111010110011
0101011111100110
0111111111111111
0111111111111111
0100000110011000
1000000000000000
1000000000000000
1000000000000000
1111001001011101
0111111111111111
0111111111111111
