0000000000000000
1111111111100110
1111111110010100
1111111110000111
0001001000101001
0011011111010011
0011100110011011
0001001111110010
1110000010101010
1100001000001000
1100110011011110
1111100011110011
0010100011101111
0011111001101000
0010101011100101
1111101001000011
1100110111010001
1100001010101010
1110000010101000
0001001101001010
0011100100010111
0011100010000101
0001001111101101
1110000101110000
1100001000011011
1100110000100101
1111100011111110
0010100110111001
0011111100101011
0010101011000010
1111100111011000
1100110100000101
1100001000001000
1101111100100110
0001001110011101
0011100101011011
0011100110100100
0001001100101110
1110000011010101
1100001011000101
1100110011101011
1111100011000001
0010100101110110
0011111000000011
0010101001000111
1111101001000100
1100110010101110
1100001011110100
1110000000101010
0001001100110000
0011100110101000
0011101001101000
0001010001100001
1110000101011010
1100001110011000
1100110011010011
1111100110011101
0010100110100001
0011111001110101
0010101010011010
1111100110101000
1100110111001000
1100001001111101
1101111110101101
0001000111111111
0011100110101100
0011100001100010
0001001111110110
1110000101111100
1100001001101011
1100101111111100
1111100010010010
0010100101110001
0011111100001011
0010101001011111
1111101000010000
1100110110001110
1100001000011100
1110000000101000
0001001001100101
0011100100011000
0011100100100000
0001001111011111
1110000101100010
1100001011001100
1100110101010011
1111100011110001
0010100101000100
0011111100000001
0010101011010101
1111100111111001
1100110100011001
1100001100111111
1110000001001101
0001001100000011
0011100000010100
0011100100011000
0001010011011110
1110001000011101
1100001000110001
1100110000101110
1111100101000100
0010100101101111
0011111000110111
0010101001111011
1111100110000001
1100110101010101
1100001011010000
1101111101011110
0001001011101001
0011100110011001
0011100111111101
0001001111000110
1110000011110110
1100001000110000
1100110010110110
1111100011010101
0010100100100101
0011111100100000
0010101010100101
1111101000011000
1100110100010000
1100001011010010
1101111111110100
0001001100001100
0011100110011100
0011100101001000
0001001101111000
1110000011001001
1100001010000111
1100110011100010
1111100100101111
0010100101111101
0011111010011011
0010101011111101
1111101010011001
1100110110000111
1100001001011000
1101111110000100
0001001010000000
0011100101000011
0011100110000101
0001001111011001
1110000010110100
1100001001100011
1100110011011110
1111100001111010
0010100100001100
0011111010111100
0010100110110110
1111100101111000
1100110110001010
1100001001000011
1101111111010000
0001001100001011
0011100110001011
0011100101111000
0001001111011000
1110001001010111
1100001000111111
1100110010001101
1111100010111000
0010101001000000
0011111011010101
0010101010000011
1111101010111101
1100110011100010
1100001010000001
1101111101101000
0001001100000011
0011100101000111
0011101000010000
0001010001001000
1110000100001001
1100001100110101
1100110010100100
1111100101101101
0010100111101000
0011111101010010
0010101011110111
1111101010100000
1100110011011101
1100001001010111
1101111110011000
0001001100000011
0011100010010110
0011101001010001
0001001110001101
1110000100010001
1100001100011111
1100110011111110
1111100001010111
0010100111111010
0011111100110010
0010101100101001
1111100111011111
1100110101011011
1100000111111011
1110000000101100
0001001011001011
0011100111010010
0011100111100011
0001010001000101
1110000011000100
1100001001110011
1100110100001101
1111100011100110
0010100011010111
0011111000010000
0010101010011100
1111101001010001
1100110110111110
1100001001110011
1110000100011011
0001001011000111
0011100111010000
0011100100100000
0001001111101000
1110000100000100
1100001011010001
1100110001111100
1111100100001101
0010100101010010
0011111010101110
0010101010011101
1111100110110110
1100110110001110
1100000111111010
1101111100100011
0001001100010010
0011100011110000
0011100101110100
0001010000010110
1110000001010111
1100001011001100
1100110001110011
1111100010001010
0010100100100110
0011110110100001
0010101001110100
1111100101101011
1100111000101010
1100001000000110
1110000001110000
0001001100011101
0011100101010110
0011101001000011
0001001111010101
1110000100111110
1100000110110000
1100110001100001
1111100110011010
0010100101111101
0011111011010100
0010101010001000
1111101000011111
1100110101100000
1100001001110111
1110000001001001
0001001101100100
0011101000001101
0011100100111000
0001010010110101
1110001001100011
1100001010001110
1100110010100100
1111100000101010
0010100110111111
0011111001100101
0010101010110010
1111101011001011
1100110110101000
1100001101110111
1101111101101001
0001001100011111
0011100000100100
0011100011110001
0001010010011111
1110000010101101
1100001010011001
1100110011010011
1111100010011100
0010101000000011
0011111010001110
0010101100000011
1111100111011101
1100110110001101
1100000110100100
1110000010011110
0001001010110011
0011100010011100
0011101001111101
0001010001001100
1110000100000010
1100001110001111
1100110001110010
1111100110000101
0010101010011111
0011111010111111
0010100111111110
1111101010110110
1100110111010110
1100001011111000
1101111110010001
0001001011010101
0011100110010001
0011100111100101
0001010000100111
1110000101101001
1100001001111010
1100110000110001
1111100000010010
0010101010011100
0011111101000110
0010101000110010
1111100110100101
1100111001000100
1100001000010101
1110000001011001
0001001011110101
0011100111000011
0011100011110001
0001001111101101
1110000010111011
1100000110101000
1100110110110000
1111100101010000
0010100110000110
0011111011000001
0010101001010110
1111101000101010
1100110110011111
1100000110101011
1110000000010110
0001001101011001
0011100100010110
0011100111000110
0001001110111011
1110000001000011
1100001011011111
1100110000101000
1111100010011110
0010100110110111
0011111010110101
0010100111100101
1111100110001110
1100111001010011
1100001000011001
1101111110110100
0001001100110110
0011100110010101
0011100100100100
0001010001101111
1110000011000100
1100001010101111
1100110100011101
1111100010111010
0010100110101000
0011111001011110
0010101000010111
1111100101110100
1100110101010100
1100001100010000
1110000011010111
0001001110111010
0011100011001011
0011100110111110
0001001101010011
1110000100101011
1100001000111000
1100110010000001
1111100001010100
0010101001001111
0011111101000000
0010101100000100
1111100101111001
1100110110000111
1100000111110101
1110000001010001
0001001011101001
0011100100100100
0011100111101110
0001001111011111
1110000011111011
1100001011100111
1100110000101011
1111100001100101
0010100100111001
0011111011001111
0010101000011101
1111100101010000
1100110100110100
1100001001100101
1101111111111111
0001001100010100
0011100101110110
0011100101101111
0001010001000101
1110000111001010
1100001010000110
1100110101111101
1111100010010100
0010100111001001
0011111011000110
0010101001000110
1111101000011111
1100110011001110
1100001011010000
1110000010110000
0001001010111001
0011100100101100
0011100101101001
0001010000111100
1110000100000001
1100001000001111
1100110010011100
1111100101010110
0010100101100100
0011111100101100
0010101001111111
1111100111010110
1100110100000000
1100001001011101
1101111111101110
0001001011111111
0011101000100111
0011100110010111
0001001101101001
1110000100011011
1100001110110110
1100110011100110
1111100000010111
0010100110011010
0011110111101100
0010101001011101
1111101001111111
1100110110010011
1100000111101101
1101111011111100
0001001010100010
0011100101110011
0011100101010011
0001010000000101
1110000100110101
1100001011100000
1100110010110011
1111100100100110
0010100111011001
0011111000100101
0010101001011001
1111100010000110
1100110110010000
1100001010001100
1110000000000011
0001001011100101
0011100011000011
0011100101110001
0001001111100100
1110000010001010
1100001001101010
1100110100101000
1111100100011101
0010100111110011
0011111101001100
0010101010110000
1111100101110110
1100111000001000
1100001011011111
1101111111111110
0001001100110101
0011100011101010
0011100101100011
0001010000111010
1110000011100001
1100001001001000
1100110111110011
1111100101010110
0010100101011000
0011111101001110
0010101011100011
1111100110101010
1100110110100111
1100001000100001
1110000011101111
0001001100111111
0011101000111011
0011101001001010
0001010010001000
1110000110001010
1100001011000100
1100110110001010
1111100011000001
0010100111001000
0011111001001001
0010100111100100
1111101001110100
1100110101010011
1100001000111001
1101111111011011
0001001100100110
0011100001111000
0011100111010000
0001001110100001
1110000101010100
1100001000000000
1100110001101100
1111100011110001
0010100110110101
0011111010001010
0010101001000000
1111100110100110
1100110100011010
1100000111110010
1110000000100111
0001001100100000
0011100110110001
0011101001111100
0001010001000110
1110000011001001
1100001011010110
1100110011110100
1111100011011000
0010100110011011
0011111010010000
0010101000000100
1111100111111001
1100110110110100
1100001010101101
1110000001011001
0001001001110100
0011100010000010
0011101001100000
0001010011010010
1110000110000011
1100000111110010
1100110101111000
1111100100100110
0010100101010001
0011111011110101
0010100111100011
1111101001010011
1100110100010000
1100001010101110
1110000001001101
0001001101111000
0011100100011111
0011100111111100
0001001111110100
1110000001010011
1100001011011011
1100110010011101
1111100100110011
0010101000110010
0011111010000100
0010100111000011
1111101010100100
1100110100011111
1100001001110111
1110000000101110
0001001000101100
0011100111011000
0011100010111110
0001010000100110
1110000011001100
1100001010101011
1100110010011110
1111100001010011
0010100100101111
0011111110110000
0010101010000111
1111101000111111
1100110110100100
1100001011010111
1110000000001111
0001001011010011
0011100111010011
0011100111100101
0001001110010111
1110000001011110
1100001001111000
1100110010101000
1111100100011011
0010101000101110
0011111110111101
0010101011011011
1111100111110011
1100110101000100
1100001000110011
1101111111101110
0001001100000100
0011100011000010
0011100110011011
0001010010001011
1110000111011001
1100001000110000
1100110100011110
1111100100000100
0010100110110110
0011111001001110
0010101011010110
1111100011111111
1100110100000101
1100001010100001
1110000001101110
0001001011000110
0011100100101100
0011101000001010
0001010000001011
1110000011101011
1100001000010010
1100110000111110
1111100000001011
0010100110010110
0011111101110000
0010101011111100
1111100101111001
1100111000011100
1100001000100001
1110000000111001
0001001010010001
0011100011011000
0011100111000100
0001010001101000
1110000011111001
1100001010100011
1100110001110100
1111100011111011
0010100111101101
0011111001011011
0010101010011101
1111100110011010
1100110011111101
1100001010100110
1110000001110100
0001001010011001
0011100110011000
0011100110110000
0001010000000011
1110000110000010
1100000111001011
1100110010111110
1111100011111010
0010100111010000
0011111000010111
0010101001001010
1111100110001010
1100110101100100
1100001001101000
1110000011010101
0001001100011000
0011100110011110
0011100110101100
0001001111100110
1110000011101111
1100001000010100
1100110011111010
1111011111101001
0010100111001000
0011110111111110
0010101011111000
1111101001101100
1100110101100110
1100000111111111
1110000101001101
0001001011111110
0011100111100110
0011101000001110
0001001111001101
1110000101011001
1100000111101100
1100110011111100
1111100100000111
0010100111100000
0011111010101001
0010101000111101
1111100111111010
1100110000011000
1100001001111101
1110000000110111
0001001101101001
0011100101100110
0011100101001000
0001001110101101
1110001000111100
1100001010101111
1100110010111011
1111100010101101
0010100110101100
0011111010110110
0010101000001111
1111101000101011
1100110101111010
1100001000110110
1101111110101000
0001001101100001
0011100100101001
0011100100111111
0001001111010100
1110000011110011
1100001110000110
1100110100001110
1111100011001010
0010101011111110
0011111010001101
0010101101010110
1111100111100010
1100110111100100
1100001010001110
1101111111010010
0001001111011101
0011100101011010
0011100110110010
0001001111100001
1110000101000111
1100001011001111
1100110101110110
1111100010100010
0010100101110010
0011111010000110
0010101001000000
1111101001000011
1100110010011011
1100000111111111
1101111111101001
0001001011101011
0011100010100000
0011100101110000
0001010001100101
1110000100110111
1100001011110111
1100110001010111
1111100010001001
0010101000011001
0011111011011010
0010101000000110
1111101010101011
1100110100011011
1100001000000100
1110000101000010
0001001110000100
0011100011010010
0011101000101110
0001010001011001
1110000100001100
1100001001001000
1100110000111001
1111100110011100
0010101000100011
0011111010001110
0010100111000001
1111100110001010
1100110011110001
1100000101011100
1110000010011110
0001001101011111
0011100010001101
0011100100011101
0001010000000001
1101111111111110
1100001010001000
1100110100011001
1111100001111100
0010101000110010
0011111011100111
0010101011100010
1111100101010010
1100111000010110
1100001011101101
1101111111110111
0001001010111110
0011100111000110
0011100011100101
0001001110111100
1110000110100000
1100001010101001
1100110110001110
1111100010111010
0010100011100110
0011111010101011
0010101000111101
1111100101110111
1100110110100001
1100001001110010
1101111110000001
0001001001001111
0011100110111011
0011100110011001
0001010000011000
1110000001110110
1100001001101010
1100110010100110
1111100010001110
0010100011111101
0011111001100100
0010101011101110
1111101010010001
1100110100111000
1100001001000101
1101111111011011
0001001101001111
0011100100110100
0011100100110100
0001010011000001
1110000011011101
1100001001001011
1100110001111011
1111100000110110
0010100110100100
0011111010100101
0010101010110100
1111100111111010
1100111000000010
1100001001111010
1110000000010011
0001001000100000
0011100100110111
0011101000000111
0001010000111000
1110001000011110
1100001010000011
1100110101111010
1111100010011100
0010100111001101
0011111011100110
0010101001100010
1111101000011010
1100110110011101
1100001001000011
1110000010100001
0001001000001110
0011100100110100
0011100110010011
0001001101011001
1110000011111101
1100001001000110
1100110010010100
1111100100000111
0010100101010000
0011111011101111
0010101011101010
1111101000101111
1100110111101000
1100001001010110
1101111110100010
0001001001101100
0011100011110100
0011100110011101
0001010000110011
1110000010110110
1100001010010110
1100110100011100
1111100100110010
0010100010101101
0011111011100101
0010101010101111
1111101001010100
1100111010100111
1100001001001110
1101111111100110
0001001011000011
0011100101100001
0011100100110110
0001001011101100
1110000001101010
1100001100110010
1100110101000000
1111100001110110
0010100111000011
0011111010101010
0010101000001110
1111100101000000
1100110110000110
1100000110101101
1110000000111001
0001001011011110
0011100011101010
0011100110110100
0001001111111101
1110000010011101
1100001011010111
1100110010111111
1111100011011100
0010101001110000
0011111100010111
0010101000011100
1111100110100101
1100110011111001
1100001011111000
1101111111001110
0001001100100011
0011100110011100
0011100100110111
0001010001010100
1110000100010100
1100001000011001
1100110100001011
1111100101010010
0010101000110110
0011111010011111
0010101011110010
1111101011000001
1100110100101000
1100001010100000
1110000000111110
0001001011000111
0011100100000010
0011101000000101
0001010001000100
1110000101101110
1100001100000101
1100110100010110
1111100110110001
0010100111000011
0011111100110101
0010101000101111
1111101010001111
1100110101010010
1100001001100100
1101111101110011
0001001011010111
0011100101111011
0011101000010000
0001001110100110
1110000100101101
1100001001101101
1100110110100001
1111100100010110
0010100111010000
0011111100100101
0010101001011010
1111100111111000
1100110011111010
1100001111111011
1101111111001101
0001001010101011
0011100010011010
0011101000101100
0001010010001100
1110000101110001
1100001000010110
1100110010001010
1111100110000010
0010100110101010
0011111010110011
0010100111011000
1111100110101011
1100110101001001
1100001000110011
1110000000001111
0001001101010000
0011100100010000
0011100111111001
0001010001110100
1110000100111110
1100001000101010
1100101111100110
1111100001111100
0010101000001101
0011111110000010
0010101000011111
1111101001100101
1100110101011010
1100000111000000
1110000001010011
0001001101001100
0011100101100010
0011100110001100
0001010000001111
1110000011110100
1100001000110011
1100110010011000
1111100101110111
0010100100010010
0011111110001010
0010101010010010
1111101001101011
1100110011000001
1100001100010010
1101111110110111
0001001000010010
0011100011101000
0011100111011111
0001001101110100
1110000101101110
1100001011110000
1100110101101111
1111100010100110
0010100110000111
0011111001001110
0010101011000001
1111101001000011
1100110011101010
1100001101001011
1110000011101110
0001001100011000
0011100011110010
0011100111111001
0001010000100001
1110000010011100
1100001001010010
1100110011000101
1111100100011110
0010101000010010
0011111110000100
0010101101101101
1111101000010011
1100111000010111
1100001000001000
1101111110101111
0001001001011110
0011100011101010
0011100111001001
0001001110011011
1110000011100110
1100001010111000
1100110101101010
1111100001000011
0010101010010110
0011111010000110
0010101010110110
1111100111001101
1100110111000011
1100001010001100
1110000000011001
0001001001011000
0011100101111111
0011100111001000
0001001100010101
1110000111001111
1100001011111010
1100110010110011
1111100010110011
0010101000001110
0011111110100100
0010101011001101
1111100111001000
1100110111010100
1100001001001000
1110000000011011
0001001100100010
0011100101100111
0011101000010100
0001001111011001
1110000111011011
1100001100101101
1100101110111100
1111100100100000
0010100010101110
0011111000010100
0010101001101000
1111100110011001
1100110101111101
1100000110110110
1101111110011101
0001001110001011
0011100011110100
0011101000011110
0001001101101011
1110000010011000
1100001000111101
1100110110100101
1111100100101000
0010100110101100
0011111011001010
0010100111101110
1111100101100110
1100110100101110
1100001010001110
1101111111011101
0001001000001111
0011100111110001
0011100111111011
0001001111111101
1110000100110111
1100001010101011
1100110111001010
1111100101100010
0010100101011110
0011111000001010
0010101001011010
1111100101101100
1100110100101010
1100001011001111
1101111110111001
0001001100001100
0011100101000101
0011100110111101
0001010001001111
1110000011101001
1100000111110111
1100110000011100
1111100100000000
0010100101000100
0011111101010110
0010101010101101
1111100111101110
1100111000011001
1100001010011010
1110000000110101
0001001101010110
0011100101000100
0011100110000100
0001010001000010
1110000010110001
1100001011100100
1100110001010110
1111100010000100
0010100111111000
0011111110001000
0010101010010001
1111100111111001
1100111000001111
1100001000011001
1110000001001001
0001001100000000
0011100101111010
0011100110100100
0001001101110101
1110000010101110
1100001010101010
1100110100001101
1111100011010010
0010100110011101
0011111101000100
0010101010000111
1111101001110100
1100110100111101
1100001010101001
1101111100110111
0001001011101011
0011100011000100
0011100111010010
0001010011100011
1110000111010101
1100001010001101
1100110010110111
1111100011100101
0010100111001110
0011111010101101
0010101011001111
1111100100111101
1100110101101011
1100001010101011
1110000010000001
0001001011001010
0011101000010100
0011100111000011
0001001100110101
1110000100010101
1100001101011011
1100110000001111
1111100101000000
0010100101100000
0011111101100111
0010100111001000
1111100111101010
1100110011001110
1100001010010101
1101111100011110
0001001000010111
0011100100111001
0011100111011110
0001001110110001
1110000101000011
1100001101011000
1100110111101111
1111100100100000
0010100101110011
0011111011110101
0010101001011001
1111100101100100
1100110111101000
1100001000100111
1110000001000100
0001000111110111
0011100100101010
0011100101101010
0001010001011110
1110000100001100
1100001000111001
1100110101010101
1111100110110000
0010100101001010
0011111011100001
0010101001001111
1111101010100001
1100110110110010
1100001011000110
1101111110111011
0001001011100100
0011100010100101
0011101001101011
0001010001111011
1110001000000101
1100001001001110
1100110101010000
1111100100110010
0010100010110101
0011111101011000
0010100111111101
1111101011101010
1100110101111110
1100001001111101
1110000010010011
0001001100000001
0011101000110011
0011101001100101
0001001110010101
1110000100110010
1100001011111010
1100110100011000
1111100010100001
0010100010111000
0011111000101110
0010100111100110
1111101000000100
1100110101001101
1100001001100010
1110000000001110
0001001100100111
0011100010111011
0011100110111110
0001010000110001
1110000101000011
1100001010100000
1100110000001111
1111100011111101
0010100110111110
0011111010001111
0010101011111101
1111100110110100
1100110011100100
1100001011001111
1110000000011010
0001001010111010
0011101000001000
0011101001000000
0001001110001011
1110000001100110
1100001100000100
1100110010010010
1111100001010110
0010100101110011
0011111010100001
0010101001001001
1111100101111110
1100110101011010
1100001100001101
1101111110011011
0001001010010111
0011100011011101
0011100011110000
0001001111100011
1110000011011001
1100001000111000
1100110010111111
1111100101010101
0010100110110011
0011111010000010
0010101010111010
1111100100001011
1100110111111010
1100001011100111
1110000000111010
0001001011010110
0011100110110110
0011100110010101
0001010001010101
1110000100000100
1100001011011101
1100110011000101
1111100101011101
0010101001100110
0011111100010110
0010101010000001
1111101000011001
1100110100001001
1100001010011100
1110000000100000
0001001010011000
0011100100101011
0011100100101101
0001010000111000
1110000001111100
1100001100110101
1100110011100000
1111100010110010
0010100100011010
0011111010000001
0010101000100101
1111101010001101
1100110111010001
1100001001011111
1101111111111001
0001001010011100
0011100011011101
0011100111000110
0001010000110011
1110000011001100
1100001000001110
1100110001110000
1111100000010110
0010100111010111
0011111100100111
0010101011110100
1111101011000000
1100110101100000
1100001000110101
1110000010100100
0001001010000101
0011100101010001
0011100110111010
0001010010010101
1110000111101111
1100001010101010
1100110100000100
1111100001101010
0010100110010011
0011110111000101
0010101011111100
1111100111011101
1100110110010010
1100001010001010
1110000010111101
0001001010110001
0011100110101000
0011101001110110
0001001110100010
1110000010101100
1100001011100001
1100110101001111
1111100011000100
0010101000000001
0011111100110011
0010101010100000
1111101000011111
1100110110000001
1100001001100110
1110000001100011
0001001110110010
0011100000100010
0011101000000100
0001001110011101
1110000100111110
1100001101110101
1100110010011011
1111100100100101
0010100101011100
0011111101011010
0010101010100100
1111101011111010
1100110101110110
1100001011100110
1101111110101001
0001001010000100
0011100100000010
0011100111000001
0001010010100010
1110000101001111
1100001010100110
1100110100011111
1111100011100111
0010100110000011
0011111011011100
0010100110100111
1111101010011101
1100110111000101
1100001001010001
1101111111011110
0001001110010011
0011100101100111
0011101000001100
0001010000101001
1110000010110111
1100001011100010
1100110010011010
1111100101010110
0010101010010101
0011111010001100
0010101011010101
1111100110110111
1100110101000111
1100001000110011
1110000000010110
0001001010000010
0011100101101110
0011101001001011
0001010010001101
1110000101111101
1100001100100111
1100110010101010
1111100100100010
0010101000010000
0011111001001111
0010101001101101
1111100101110011
1100111000000011
1100000111011111
1110000000100111
0001001100110000
0011100101100101
0011100101110111
0001010000000001
1110000100000101
1100001101111100
1100110111100000
1111100001100001
0010100110100101
0011111000011011
0010101000011100
1111101011010110
1100110010110001
1100000110010000
1110000001000001
0001001011000000
0011100010111100
0011100110011011
0001010001100001
1110000100101101
1100001100000101
1100110011001000
1111100100010100
0010100011001101
0011111011100110
0010101000100010
1111100111000101
1100110101101011
1100001010000001
1110000010111001
0001001011010100
0011100011001101
0011100111111001
0001001111000001
1110001000010010
1100001011001010
1100110100011111
1111100100000000
0010100110011010
0011111011110100
0010101010011010
1111101000011010
1100110100100000
1100001000111100
1110000010100100
0001001010111011
0011100101100101
0011100101111100
0001001111001101
1110000101101100
1100001100011111
1100110100001101
1111100101000010
0010100111110100
0011111011101101
0010100111101101
1111101010010010
1100111000000101
1100001000100010
1110000010000011
0001001100011100
0011100010111101
0011100110001100
0001010000011001
1110000001111110
1100001001110111
1100110011010000
1111100010010010
0010100101010011
0011111000100100
0010101011001101
1111101001011011
1100110111100100
1100000111101111
1110000000000110
0001001101011001
0011100101000011
0011101001101000
0001001111000011
1110000100000110
1100001010111111
1100110100100111
1111100100110010
0010100101110111
0011111000001011
0010101001101101
1111101011110001
1100110011111101
1100001011100001
1101111100101011
0001001000010001
0011100011011010
0011100111010011
0001001101000010
1110000010101100
1100000110101110
1100110011101101
1111100100110000
0010101000010001
0011111000101000
0010101100101010
1111101000010110
1100110011011000
1100001001011010
1101111110010110
0001001011010100
0011100100110101
0011100110000001
0001001101100001
1110000011000000
1100001001111000
1100110100000011
1111100000001100
0010100101111100
0011111010001111
0010101010011110
1111101011011111
1100110111110110
1100001000101010
1110000000000110
0001001101001110
0011100100111100
0011100110100001
0001001101100001
1110000011010000
1100001011110101
1100110010011110
1111100011101100
0010101011001100
0011111100110001
0010101010111110
1111100110010001
1100110111110010
1100001001100010
1110000011111111
0001001100000010
0011100101100010
0011100111011011
0001001111111011
1110000110111011
1100001100010100
1100110110011010
1111100010100101
0010100110100101
0011111011011101
0010101001101011
1111101000100100
1100110100101101
1100001000101101
1101111110111001
0001001010111111
0011100011011011
0011100111010101
0001001111110001
1110000000001110
1100001010100110
1100110010111010
1111100101010000
0010101010001100
0011111101011100
0010101110000101
1111100111111001
1100110100111011
1100001010010101
1101111111110100
0001001100001110
0011100011010101
0011100110111010
0001010100110001
1110000100011101
1100001011010011
1100110100011001
1111100011101011
0010100011110000
0011111000110011
0010101011000000
1111101010110101
1100110111101110
1100001100011011
1101111110011110
0001001101011000
0011100101001000
0011101000100001
0001001111100000
1110000011001111
1100001010001110
1100110010110110
1111100011011111
0010100100101011
0011111110001100
0010101010011011
1111100101101010
1100110110001100
1100001000110001
1110000001011100
0001001011100011
0011100110010110
0011100110111001
0001010001001000
1110000011001000
1100001011101101
1100110010111001
1111100011010000
0010100111010001
0011111111001100
0010101001001100
1111101000010001
1100110101010110
1100000110111001
1110000011110001
0001001100001111
0011100100001001
0011100101111101
0001001111110100
1110000010100000
1100001101001000
1100110001111111
1111100010010101
0010101000000010
0011111001111111
0010100111101100
1111100110010110
1100110101011100
1100001011000010
1110000000001001
0001001001011101
0011100110110010
0011101010011101
0001010010000101
1110000101111111
1100001011100100
1100110100100011
1111100010100100
0010100110010111
0011111100100000
0010101001000101
1111101000100010
1100110111001111
1100001011011011
1101111111100111
0001001001011100
0011100011110110
0011100100101100
0001010000010100
1110000100010111
1100001101001010
1100110101000101
1111100011001111
0010100100111101
0011111011011000
0010101001110111
1111101000101010
1100110111011110
1100001010100100
1101111111101101
0001001010101001
0011100100001111
0011100111110011
0001001111000010
1110000111000100
1100001001110101
1100110000100010
1111100000111110
0010101000100011
0011111100010000
0010101010101100
1111100111111111
1100110101010110
1100001001000011
1101111110011111
0001001001110101
0011100100100101
0011100111110110
0001001110111000
1110000101111110
1100001011101110
1100110101100111
1111100011110110
0010101010001111
0011111011111001
0010101000010011
1111100111101010
1100110110001110
1100001001111000
1110000010111010
0001001011111100
0011100100000111
0011100011000110
0001001101100111
1110000010101010
1100000111011100
1100110100111011
1111100000010101
0010101000110010
0011111001110000
0010101000011011
1111100111100100
1100110101011100
1100001000110001
1110000011101101
0001001001110011
0011100011000110
0011100111011100
0001010001000000
1110000011011110
1100000111101111
1100110010101000
1111100010101101
0010100111010110
0011111011000100
0010101001011101
1111101001100100
1100111000001110
1100001000101010
1101111111001010
0001001100010000
0011100111011100
0011100100000100
0001010000000111
1110000010000111
1100001001100111
1100110001110111
1111100000100010
0010100100111101
0011111100111111
0010101100000111
1111100110111001
1100110110001100
1100000110110110
1110000000001010
0001001000110101
0011100011101100
0011100101101101
0001001010110001
1110000010111111
1100001110010101
1100110110100011
1111100010110001
0010100101101101
0011111011110000
0010101011100010
1111100110100011
1100111000001101
1100001100011011
1101111110000101
0001000111011010
0011101001001010
0011100111001100
0001010001101101
1110000010110100
1100001010011001
1100110101010110
1111100100111111
0010101000110110
0011110110110010
0010101001000000
1111101010110000
1100110100000101
1100000111001001
1101111111000100
0001001101000010
0011100010000001
0011100101111000
0001010000011011
1110000100011101
1100001110011100
1100110101000010
1111100011110101
0010100011111001
0011111010101011
0010101011111111
1111101001010010
1100111000010111
1100001001010001
1101111111011110
0001001101110100
0011100010111111
0011101001001011
0001001101100001
1110000011100111
1100000111011001
1100110101010101
1111100100001001
0010100111010010
0011111100000111
0010101001111101
1111101001100010
1100110111011011
1100001110010011
1110000010100000
0001001001010001
0011100100110100
0011101000000001
0001001011100000
1110000010000011
1100001001111101
1100110011111001
1111100000111110
0010100100110111
0011111001011111
0010100111101111
1111100111110000
1100110110101010
1100001000000010
1101111110100011
0001001101100101
0011100100111010
0011101000110111
0001001111101110
1110000011101101
1100001100011111
1100110100010100
1111100010000001
0010100100101001
0011111010000011
0010101100010011
1111100111111101
1100110101001111
1100001000111000
1101111111100100
0001001011101000
0011100101111100
0011100100101111
0001001111110011
1110000011101111
1100001001101101
1100101111100101
1111100001100110
0010101001001110
0011111001001101
0010101001101011
1111100111011000
1100110101111101
1100001100000110
1110000001001101
0001001011000111
0011100110110111
0011100110111001
0001010001001000
1110000111001011
1100001100110101
1100110011011000
1111100011001000
0010100100111110
0011111100111011
0010101001111011
1111100110000100
1100110100101111
1100001000000101
1110000000001100
0001001100010001
0011100101001000
0011100101000111
0001010001100110
1110000100101101
1100001010111010
1100110011011000
1111100100101101
0010100110010011
0011111000111111
0010101001111001
1111100110011001
1100110011011101
1100001001001111
1101111111000000
0001001001011011
0011100100110000
0011100101011110
0001001110110000
1110000100101001
1100001010100011
1100110011101000
1111100011101101
0010100101000110
0011111100010011
0010101001100011
1111100111000111
1100110100010110
1100001100001111
1110000000011011
0001001111000100
0011100110000000
0011100011101100
0001010001000011
1110000100011110
1100001100101101
1100110010001100
1111100110010111
0010100100110000
0011111000111000
0010101010100011
1111100110011001
1100110101100001
1100001011100001
1101111101000111
0001001011100000
0011100011111110
0011101001100011
0001001110100000
1110001000001110
1100001010011111
1100110010010111
1111100000110101
0010100100111010
0011111010001010
0010101000001111
1111101000011010
1100110111011010
1100001011001011
1110000011011011
0001001000001011
0011100010010010
0011100010011010
0001010001010100
1110000100100010
1100001000010011
1100110000110010
1111100100100010
0010100110001010
0011111001111000
0010101010101100
1111100110011000
1100110100101101
1100001010110100
1110000000010111
0001001100100101
0011100101000000
0011100101111101
0001001111000100
1110000110111001
1100001010011110
1100110011001101
1111100011110101
0010100100110001
0011111100110000
0010101001111110
1111100111100001
1100110100010111
1100001010101111
1101111100110000
0001001101000001
0011100100110101
0011101000010001
0001010000111000
1110000110001111
1100001001110111
1100110010101110
1111011111010000
0010101000101110
0011111011011110
0010101100000100
1111101001101001
1100110110011000
1100001000010010
1110000100000100
0001001010000001
0011100110001100
0011100100010101
0001001101110000
1110000100000010
1100001000100110
1100110010100001
1111100001101100
0010100100111101
0011111011100111
0010101100001010
1111100111010101
1100110111110000
1100001001100000
1110000000101100
0001001101111111
0011100101000000
0011100110011111
0001001111001011
1110000011110110
1100001100001001
1100110011101000
1111100101110110
0010100110011000
0011111001101100
0010101010010001
1111100110101011
1100110110000100
1100000111011101
1101111111111101
0001001101001111
0011100010110110
0011100110010100
0001010001111000
1110000101111001
1100001001111001
1100110100001111
1111100011001100
0010100110000010
0011111100000111
0010101000010010
1111100110011111
1100111000100001
1100001000100010
1101111110000000
0001001100111110
0011100100111111
0011101000101001
0001010000110100
1110000111000110
1100001001101111
1100110001101010
1111100011010001
0010100101110110
0011111000110101
0010100111001110
1111100111010101
1100110100101000
1100001011011010
1110000000000111
0001001011000110
0011100100011010
0011100111101100
0001010001000011
1110000010010001
1100001101100111
1100110011010011
1111100010011010
0010101001011010
0011111101001001
0010101100011010
1111100011110001
1100110100000011
1100001000111001
1110000010101000
0001001011111001
0011100100010000
0011100110100100
0001001111001000
1110000101110100
1100001011101000
1100110100101111
1111100001110011
0010101001110101
0011111011001010
0010101100101010
1111101000011101
1100110110101101
1100000101110001
1101111101010011
0001001101010000
0011100101110000
0011100110100011
0001001110111010
1110000011011011
1100001000111000
1100110100001010
1111100001111101
0010100111011001
0011111101001100
0010101010111001
1111100101111010
1100110011011101
1100001001111010
1101111111100110
0001001001110110
0011100100011111
0011100100111001
0001010000100010
1110000101101100
1100001010100001
1100110010110010
1111100110001101
0010100101010100
0011111010000101
0010100110100110
1111101011001111
1100111000000010
1100001010011111
1110000011100101
0001001100110101
0011100100010000
0011100110100100
0001001101011110
1110000100101000
1100000111100010
1100110100000100
1111100101110100
0010101000011001
0011111000111010
0010101001110110
1111100111110001
1100111000010001
1100001011010110
1101111100111100
0001001000111000
0011100111000101
0011101011011110
0001010010001001
1101111111110110
1100001001110010
1100110011100100
1111100010010101
0010100100011011
0011111001111100
0010101000010010
1111101001101000
1100110110110011
1100001010110111
1110000001000011
0001001101011111
0011100100100000
0011100100110001
0001010001110111
1110000011101010
1100001010111111
1100101111000111
1111100010001001
0010100101011100
0011111010010010
0010101001010110
1111101010110111
1100110101010011
1100001010101101
1101111111100110
0001001100100001
0011100100000111
0011100110100100
0001010001111010
1110000101001100
1100001001000111
1100110100111011
1111100000110001
0010101000010110
0011110111101010
0010100111011010
1111100111001010
1100110111111100
1100001011010011
1101111111101111
0001001010101111
0011100100001110
0011100101101000
0001001111110000
1110000100111000
1100001010110011
1100110011010010
1111100100110000
0010100111100010
0011111011111001
0010101010110101
1111100111011110
1100110101101111
1100001001010111
1101111110111011
0001001001010111
0011100110000111
0011100100101111
0001001111111000
1110000101111000
1100000111111001
1100110011011110
1111100101010011
0010100101101011
0011111110001000
0010101010000001
1111100111110001
1100110111101001
1100001010111111
1101111111001001
0001001011000000
0011100010100000
0011100111011100
0001010001110011
1110000100001110
1100001100010000
1100110000000000
1111100001100000
0010100110011110
0011111100100111
0010101010110000
1111101000111001
1100110100101101
1100001010101101
1110000100101011
0001000111110011
0011100011101010
0011100100101101
0001010000001011
1110000110010000
1100001011110111
1100110110110000
1111100110101111
0010100111101010
0011111011000101
0010101001000100
1111101010101011
1100110110011111
1100001000000000
1110000000110001
0001001010000110
0011100100110101
0011100110110001
0001010000111000
1110000011101011
1100001000110011
1100110100001100
1111100100010111
0010101010110111
0011111010111010
0010101001110000
1111100110011100
1100110101110000
1100001001110011
1101111110100001
0001001010011110
0011100110001110
0011100110011100
0001001111101000
1110000011010100
1100001101010011
1100110010011010
1111100010000001
0010100101101110
0011110111100000
0010101101011000
1111100101110011
1100110111100101
1100001100100010
1101111111111101
0001001101100011
0011100100111101
0011100111110100
0001010010001000
1110000010111101
1100001011111111
1100110010010110
1111100010111010
0010100100011110
0011111010011011
0010101000111101
1111100110000101
1100110101101101
1100001011011000
1101111110100000
0001001101000110
0011100011110111
0011100110010111
0001010000000010
1110000000111010
1100001010100010
1100110000000111
1111100100000110
0010100111011111
0011111011000010
0010101001010001
1111100111000011
1100110011000111
1100001010001100
1101111101101101
0001001100101110
0011100110100001
0011100111100100
0001010000001001
1110000111011101
1100001100001111
1100110100001001
1111100110010100
0010100111010011
0011111010111000
0010101010110101
1111100111111010
1100110001010010
1100001001010101
1110000000100011
0001001110100101
0011100101111000
0011100100001001
0001010000001100
1110000110001000
1100001010010111
1100110100110000
1111100100100011
0010100110100001
0011111010110000
0010101101110001
1111101010010010
1100111000010110
1100001000011100
1101111110111101
0001001110110000
0011100100011110
0011101000000010
0001001101111101
1110000010100100
1100001011010101
1100110000110010
1111100100000101
0010100110110100
0011111011110111
0010101011011101
1111100110001011
1100110111101101
1100001000011110
1101111111101001
0001001010010011
0011100110010000
0011100101010110
0001001100101101
1110000101001110
1100001010101111
1100110101000001
1111100100000110
0010100111000111
0011111010101101
0010101100011100
1111100101011010
1100110011010110
1100001010011001
1110000000001110
0001001011100100
0011100010100001
0011100111000101
0001001111101011
1110000100100011
1100001100101110
1100110011001100
1111100011001101
0010101001000100
0011111110100100
0010101010011000
1111101000101110
1100110010010000
1100001000010001
1110000001000110
0001001011110100
0011100100111010
0011100110111011
0001001111010000
1110000101101111
1100001100100101
1100110001011001
1111100010100001
0010101000001000
0011111010111000
0010101010011011
1111101001110011
1100110110110001
1100001011100010
1110000010100111
0001001011111011
0011100100000010
0011100111100000
0001001111110101
1110000011100101
1100001010110010
1100110100010111
1111100110000010
0010100101001101
0011111011111111
0010101100000010
1111101010000001
1100110100011010
1100000111100100
1110000001001100
0001001001001111
0011100101101010
0011100111001011
0001001111110001
1110000111011110
1100001010011000
1100110001100001
1111100000110000
0010100111010110
0011111100100111
0010101101001011
1111100111001010
1100110101111011
1100001010000010
1101111110101011
0001001000111101
0011100111011010
0011100111110010
0001010010111011
1110000111010100
1100001001001110
1100110101001000
1111100110100100
0010100110100001
0011111100110101
0010100111101010
1111101000010110
1100110110000001
1100001101110101
1101111111100111
0001001001010100
0011100100011111
0011100101110111
0001001111100000
1110000010010110
1100001101000111
1100110010010010
1111100100000001
0010100110111001
0011111100000011
0010101011001100
1111100110001001
1100110100111100
1100001001000110
1110000000100010
0001001001001110
0011100100001000
0011100110101101
0001001111100101
1110000110000001
1100001001100110
1100110011000001
1111100000111100
0010100111111101
0011111001001101
0010101011101101
1111101000110001
1100110101111111
1100001101110000
1110000010011001
0001001000101001
0011100010111010
0011101001001011
0001001111110000
1110000000100110
1100001010010110
1100110100000111
1111100010011101
0010101000011001
0011111000001111
0010101001100011
1111100110110001
1100110111000101
1100000111011100
1110000010011100
0001001010111011
0011100011001010
0011101000011001
0001010000110110
1110000011000010
1100001001000011
1100110100110001
1111100101100000
0010100101000100
0011111010100010
0010101010001110
1111101000010100
1100110100001100
1100001001111110
1110000001101010
0001001101101110
0011100011110100
0011100110100010
0001001110001100
1110000110011101
1100000111011010
1100110011100110
1111100100001110
0010100110011100
0011111000111000
0010100111110100
1111100111101101
1100111000000010
1100001000000011
1110000000111010
0001001011011110
0011100110111111
0011101000010011
0001010011100001
1110000111100000
1100001011100111
1100101111111001
1111100000001100
0010100101101101
0011111011100001
0010100111010111
1111100111001100
1100110010111011
1100001011100000
1110000001111000
0001001101010101
0011100010111111
0011100111100100
0001001101001011
1110000100000100
1100001001110111
1100110100011110
1111100011001011
0010100101100010
0011111000011110
0010101010110010
1111101001001110
1100110011010011
1100001010101101
1110000000100110
0001001110001100
0011100100110101
0011100110111101
0001010000001011
1110000011001000
1100001010011011
1100110000101101
1111100010111001
0010101010101000
0011111010010010
0010101001100001
1111100110100100
1100110110111101
1100001001100001
1110000000100011
0001001001000100
0011100110001110
0011100101011111
0001001111000010
1110000000100011
1100001000110000
1100110011101100
1111100001100010
0010100110111110
0011111001101000
0010101101101101
1111100111001001
1100111000101111
1100001001011111
1110000000110001
0001001010101011
0011100110101000
0011101000001000
0001010000000101
1110000100100011
1100001101010111
1100110011011101
1111100100101010
0010101001001000
0011111101000101
0010101001101010
1111100110101000
1100110100100101
1100001001010110
1110000010110100
0001001011100101
0011100110101101
0011100011100110
0001010001011001
1110000100101010
1100001010000001
1100110001101010
1111101000011110
0010100111101001
0011111010011001
0010101000011100
1111101000010101
1100110110111111
1100001000100110
1110000010000110
0001001011010100
0011100100001111
0011100101111001
0001001111000000
1110000100101001
1100000111011001
1100110100000111
1111100010110101
0010101011100100
0011110111111110
0010101001010101
1111100100111001
1100110111011011
1100001010111000
1110000010000010
0001001011111110
0011100101001011
0011100111010011
0001001111010100
1110000110011110
1100001010001010
1100110011010000
1111100001000000
0010100101010011
0011111001011011
0010100110110100
1111101000001110
1100110101011100
1100000111001101
1110000100011010
0001001011100000
0011100001001011
0011100110000111
0001001111100000
1110000100001101
1100001100010000
1100110011101100
1111011111101010
0010100011011111
0011111100001000
0010101100101100
1111101010110110
1100110100010001
1100001001000001
1101111110000011
0001001101011001
0011100101010101
0011100110101011
0001010000010110
1110000000101001
1100001001100100
1100110010010100
1111100101000011
0010100011110100
0011111010101101
0010101000010111
1111100111001011
1100110011100010
1100001001000011
1101111111010001
0001001010101000
0011100111000011
0011100111101101
0001010001011111
1110000100010000
1100001100000111
1100110011000000
1111100011100011
0010101000000010
0011110111011010
0010101010110011
1111100111001110
1100111000011011
1100001010011001
1110000001100000
0001001101011010
0011100110011101
0011101010001110
0001010001011001
1110000100010101
1100000111110011
1100110100000110
1111100010100001
0010100110110111
0011111001110011
0010101100001010
1111100100101111
1100110110101001
1100001011101011
1101111111010011
0001001001011000
0011100010010011
0011100101110100
0001010001101101
1110000101011101
1100001011000111
1100110001101110
1111100101000100
0010101000100011
0011111101101101
0010101001011001
1111100111111101
1100110111011100
1100001011010100
1101111111111000
0001001100100010
0011100011010001
0011100011011110
0001010001010000
1110000101010001
1100001100001010
1100110100011111
1111100000010110
0010100111101001
0011111011010101
0010101010110000
1111100111001011
1100110111011110
1100001001111001
1101111111010010
0001001101101111
0011100101000000
0011101001100000
0001001101110000
1110000100101011
1100001011110010
1100110100010001
1111100011110101
0010100100110111
0011111010010000
0010101010000010
1111100110000001
1100110100011011
1100001000111010
1110000010101000
0001001011000001
0011100011111000
0011101001010100
0001001110110001
1110000101100100
1100001001001110
1100110110011011
1111100011010011
0010100111100001
0011111011001011
0010101000010100
1111101000100100
1100110011011000
1100001101110100
1101111101101110
0001001101000000
0011100011101011
0011100011010001
0001001111010111
1110000111011001
1100001011010101
1100110001010011
1111100001010100
0010100100111110
0011111001100000
0010101000011000
1111101000011001
1100110100111001
1100001100001111
1110000000011001
0001001000111011
0011100100111110
0011101010100000
0001001110011111
1110000011101010
1100001010000000
1100110010011101
1111100100100100
0010101000101000
0011111100110111
0010101011011001
1111100100100100
1100110011100100
1100001000010111
1101111111000110
0001001010000101
0011100011111110
0011100101111001
0001010001000100
1110000100101001
1100001001001001
1100110011010101
1111100001000101
0010100100111010
0011111011110100
0010101000011000
1111100111111101
1100110101000111
1100001000100001
1101111111010010
0001001001111011
0011100100110011
0011100110100111
0001001110110101
1110000100001100
1100001001001001
1100110101010111
1111100101001001
0010101000000101
0011111000001001
0010101000111011
1111101000011101
1100110111111011
1100000111111000
1101111111000000
0001001101101000
0011100010110110
0011101001011000
0001001111010000
1110000100010010
1100001001000101
1100110100001110
1111100100011010
0010100111011111
0011111101010110
0010101000100011
1111101000001010
1100110100000110
1100001010011110
1110000011001011
0001001101001111
0011100100001100
0011101001100100
0001010000001111
1110000101010100
1100000110101011
1100110000111110
1111100010100010
0010100111010011
0011111011101111
0010101001010100
1111101010011001
1100110101000011
1100001011110000
1101111111110110
0001001011111001
0011100101101011
0011100101010001
0001010001100101
1110000101011001
1100001010111100
1100110011011111
1111100011001010
0010101000000000
0011111110110110
0010101010000011
1111100111010011
1100110011011101
1100001000110010
1101111110111000
0001001000100000
0011100001000010
0011100100110101
0001010001011010
1110000100000100
1100001100101111
1100110010000110
1111011111010011
0010100011011011
0011111101110111
0010101001110110
1111100110111100
1100110111001101
1100001000001100
1110000001111000
0001001101000101
0011100100101000
0011100101000010
0001010001110010
1110000101011001
1100001011100110
1100110101011010
1111100100110000
0010100110111100
0011111011011010
0010101011101011
1111100101111011
1100110101100100
1100001010000011
1101111111101111
0001001010110001
0011100010110110
0011100101110001
0001010000100101
1110000100011010
1100001011110001
1100110001111111
1111100001100101
0010100111001100
0011111001100000
0010101010100000
1111100111010010
1100110101110000
1100001001111001
1110000000100011
0001001010101101
0011100011110110
0011100110010100
0001010000110101
1110000011110101
1100001011111001
1100110100000000
1111100011110001
0010100111100011
0011111101001000
0010101000001011
1111100110001100
1100110100111111
1100001000011100
1110000010100010
0001001010110011
0011100011011001
0011101000010110
0001001110110101
1110000010010100
1100001100010010
1100110101010100
1111100001101100
0010100110111000
0011111101010010
0010101000110011
1111100111111010
1100110101110110
1100001000111110
1110000000001110
0001001011101100
0011100100010011
0011100110011100
0001010000000111
1110000101001011
1100001011100010
1100110000010000
1111011111100100
0010100110000011
0011111000111000
0010101011101000
1111100101110010
1100110110101011
1100001000110110
1101111111011111
0001001101100000
0011100011111000
0011100011001101
0001001100111011
1110000010011110
1100000111000100
1100110000001000
1111100011110111
0010101000000011
0011111010111011
0010101001110000
1111100110101001
1100110101000001
1100001010010111
1110000000110001
0001001100110111
0011100110011100
0011100110110100
0001001110000011
1110000010001011
1100001001111000
1100110010011010
1111100001010011
0010100110110001
0011111010010111
0010100101100110
1111100011100011
1100110110100000
1100001001011001
1110000000000100
0001001010111100
0011100011100100
0011100101001111
0001001101111010
1110000100010101
1100001010000100
1100101111101111
1111100110010100
0010100101011011
0011111001000101
0010100110100111
1111100110010000
1100110100101010
1100001010110110
1110000010001000
0001001101100011
0011100100000011
0011101001100011
0001001011010111
1101111111100000
1100001000001100
1100110100000000
1111100011110010
0010100111101101
0011111011001101
0010101010001000
1111100110100001
1100110100011010
1100001001111100
1101111101001011
0001001010101100
0011100010010001
0011101000100001
0001001110100101
1110000100101000
1100001100010010
1100110001110001
1111100010101000
0010100111101010
0011111011111100
0010101001111001
1111100111011101
1100110100011101
1100001010000111
1110000000110011
0001001010000100
0011100110011101
0011100111101001
0001010010010011
1110000000101001
1100001001001010
1100110011110110
1111100010100111
0010100111111110
0011110111011101
0010101000000010
1111100111110011
1100110101011000
1100000111110010
1110000001000011
0001001110000100
0011100100010110
0011101010001010
0001010010010101
1110000100011100
1100001100001101
1100110100101100
1111100110100111
0010100011011011
0011111010110010
0010101000100111
1111100110010011
1100110111110011
1100001100000111
1110000000101110
0001001101110101
0011100101101110
0011100111110001
0001010000011010
1110000010110111
1100001001110110
1100110101011011
1111100100010010
0010100011010010
0011111001111010
0010101000100111
1111100100011100
1100111000011001
1100001011110011
1101111110010001
0001001100000011
0011100100010110
0011100011011111
0001010010001000
1110000011110000
1100001001010100
1100110100100001
1111100010011010
0010100101010110
0011111010111101
0010101001110011
1111101000011100
1100110011111100
1100000111000001
1101111111100111
0001001010111010
0011100100100001
0011100101000011
0001001111000110
1110000110010011
1100001010101001
1100101101111001
1111100010110101
0010100110101011
0011111001100011
0010100111110100
1111101001011111
1100110111111001
1100001010110000
1101111101111010
0001001001011011
0011100011001011
0011101000000000
0001010001000001
1110000101100010
1100000111001100
1100110010001011
1111100100010100
0010100100000101
0011111010000110
0010101001100111
1111100110110001
1100111000000011
1100001001101010
1110000000101111
0001001011101001
0011100101011101
0011100101001111
0001010000000111
1110000001100111
1100001011000100
1100110010110101
1111100010110010
0010100110001110
0011111101010111
0010101011000101
1111101011001001
1100110101110110
1100001010011001
1110000011010110
0001001101001011
0011100011101111
0011100110001101
0001001100100011
1110000101111111
1100001010101011
1100110000100100
1111100011101000
0010100110010111
0011111011101111
0010101000110111
1111100111001010
1100110011101101
1100000101111001
1110000000100110
0001001011100110
0011100010111101
0011100101111101
0001010000111001
1110000011011000
1100001011011101
1100110000101011
1111011111000000
0010100111100110
0011111001110010
0010101010000100
1111100111101011
1100110111011000
1100001001001110
1101111110001100
0001001001110011
0011100110001001
0011100011110111
0001001111000111
1110000010111101
1100001010110010
1100110011010100
1111100101000100
0010100111110010
0011111101010110
0010101100111010
1111100101110011
1100110101011001
1100001011100110
1101111111101100
0001001011111010
0011100100010001
0011101001000000
0001001110101011
1110000011000100
1100001000111100
1100110100001011
1111100001010010
0010101000101110
0011111110011011
0010101000100110
1111100110111000
1100110110101011
1100001101010000
1110000000101000
0001001001010110
0011100001101110
0011100110001110
0001001101010111
1110000011101111
1100001100111011
1100110001000011
1111100100010101
0010100101010010
0011111100010100
0010101100011111
1111101000011111
1100110101100101
1100001001001110
1101111011000100
0001001011111100
0011100101001011
0011101000110011
0001010000001111
1110000011011101
1100001011011000
1100110000000011
1111100001110010
0010100100111110
0011110111111101
0010100111001100
1111101010111011
1100110110010011
1100000111101110
1101111110011111
0001001011001000
0011100011101110
0011101100000010
0001010000101011
1110000010101100
1100001010011001
1100110010010011
1111100100001100
0010100110110011
0011111100000100
0010101011101111
1111101001010110
1100111000010111
1100001011100010
1110000010000001
0001001100001101
0011100000110111
0011101000001000
0001001111101001
1110000011110101
1100001001000011
1100110100010011
1111100110011100
0010100110001101
0011111010101001
0010101000101101
1111101001100101
1100110110100110
1100001011001001
1110000010010000
0001001000100100
0011100010110100
0011101001101000
0001010000101001
1110000011110011
1100001001110010
1100110010011001
1111100100111101
0010100110000011
0011111010101101
0010100111111000
1111101101001101
1100110011010010
1100001000101001
1110000000111110
0001001010100001
0011100111010010
0011100110110000
0001001110011101
1110000010011100
1100001001000000
1100110100011010
1111100001101000
0010100100100111
0011111100000100
0010101011111101
1111101010001010
1100110101110101
1100001001010110
1110000010011001
0001001101000001
0011100011011000
0011100110011100
0001001101110010
1110000011000011
1100000110111010
1100110001101100
1111100000111111
0010100111011111
0011111011001110
0010100111100011
1111100110001101
1100111000101001
1100001010101010
1110000000000101
0001001100101011
0011100111010010
0011100100111110
0001010011100110
1110000000111001
1100001010100101
1100110010000101
1111100011000101
0010101000010010
0011111001000100
0010100111110110
1111101000001011
1100110011100000
1100001010001110
1101111101001000
0001001101011010
0011100100100100
0011101010010010
0001001111011111
1110000110111100
1100001001000101
1100110001010000
1111100100011100
0010100111100011
0011111001001011
0010101001001101
1111100111011010
1100110111001110
1100001010010110
1110000010101101
0001001011011000
0011100100101011
0011101010110101
0001010000110010
1101111111100000
1100001001111110
1100110000010011
1111100011010101
0010100101000001
0011111000111111
0010101000011101
1111100110100111
1100110110100010
1100001001111000
1101111111011010
0001001011001011
0011100101011111
0011101010101100
0001001101111110
1110000101010011
1100001011101101
1100110100000001
1111100101001101
0010100111101111
0011111100000001
0010101011011100
1111100101011110
1100110111100110
1100001010010000
1110000000000010
0001001101101010
0011100101111101
0011101000000111
0001010001110010
1110000001111100
1100000110110011
1100110100001111
1111100110101011
0010101000101101
0011111010000000
0010101011010101
1111101000001011
1100110100111010
1100000111110111
1110000000100111
0001001011010100
0011100100101001
0011101000001101
0001010000000001
1110000001101100
1100000111000101
1100110101101101
1111100010110010
0010101000001010
0011111011101101
0010101101000010
1111101001101110
1100110111000001
1100001000010101
1110000000001101
0001001001111000
0011100101101001
0011100110011000
0001001110111000
1110000001110110
1100001000110010
1100110101010100
1111100011010100
0010100110001001
0011111000111101
0010101000100111
1111100111011011
1100110111011110
1100001010000011
1110000100000001
0001001011110001
0011100100011110
0011101001100100
0001001101101100
1110000010000001
1100001101110100
1100110101100101
1111100010111010
0010100111100100
0011111100010111
0010101010001110
1111101011001100
1100110100111101
1100001101010001
1110000001011110
0001001011100111
0011100101011101
0011100100011101
0001010011100011
1110001000000111
1100001011000001
1100110010011011
1111100100011000
0010100101100110
0011111000101010
0010101011011010
1111101000001001
1100110100000001
1100001010110010
1101111110000000
0001001110110010
0011100011011100
0011100101100111
0001001110011110
1110000101000101
1100001010001001
1100110001010100
1111100101100011
0010100110000100
0011111011001001
0010101100001001
1111101000011010
1100110011101000
1100001010000100
1110000001101100
0001001001111010
0011100100101000
0011100111110100
0001001111001111
1110000001110111
1100001011101011
1100110010101100
1111100110011110
0010100101111000
0011111100110011
0010101011111011
1111100110110001
1100110101000100
1100001001011001
1110000010111111
0001001000110000
0011100011001100
0011100111100001
0001001011111100
1110000000011010
1100001000000011
1100110010001110
1111100011001110
0010100111000010
0011111011001110
0010101000011110
1111101000010101
1100110101010110
1100001010110001
1101111101110110
0001001100000011
0011100101111000
0011100101100001
0001010001101011
1110000011100101
1100001000101011
1100101101001010
1111100011111111
0010100011000101
0011111010000100
0010101001011110
1111100111001100
1100110101111100
1100000111111111
1101111110111111
0001001011010101
0011100101000010
0011100101100001
0001001110000101
1110000111011101
1100001100101010
1100110101001111
1111100001010111
0010100111111100
0011111111011001
0010101010110001
1111101000001010
1100110110101000
1100001010011101
1110000010111110
0001001101110111
0011100101100101
0011101000101101
0001010001001110
1110000011000010
1100001011111101
1100110011100101
1111100110010001
0010100100100110
0011111011010001
0010101010010110
1111100100011011
1100110111000101
1100001010010100
1101111111101111
0001001011000000
0011100011010101
0011100101100111
0001001111001010
1110000011010011
1100001001100001
1100110100011111
1111100011001101
0010101000001110
0011111000101100
0010101011110011
1111100110011111
1100111000000010
1100001000010111
1110000001000110
0001001000001101
0011100101111110
0011100100111111
0001001110111100
1110000001001110
1100001011010011
1100110001011011
1111100101101000
0010100110000110
0011111100100001
0010101101101101
1111101001010101
1100110100111100
1100001010111100
1101111101110001
0001001010101110
0011100110000000
0011100111111001
0001010000011010
1110000010001011
1100001001011010
1100110011001001
1111100010111000
0010101001100001
0011111010011001
0010101011111010
1111100110101010
1100110010001010
1100001001001101
1110000010110101
0001001100000001
0011100101101010
0011100111010011
0001001111010011
1110000101001001
1100001010000100
1100110011000110
1111100101100111
0010100111000000
0011111000101100
0010100111101010
1111100101110100
1100110011110000
1100001010010101
1101111101110111
0001001100000000
0011100011010101
0011100100000110
0001001100101111
1110000001100010
1100001010011101
1100110011010010
1111100011011100
0010100110111110
0011111100100000
0010101011100110
1111101001010001
1100110110101011
1100001010011110
1110000000010110
0001001101010101
0011100010100111
0011100111010000
0001001110110101
1110000011001100
1100001000101001
1100110010110100
1111100010010110
0010100010101110
0011111110101111
0010101100011000
1111101000100010
1100110111001110
1100001000000101
1110000000000111
0001001010110100
0011100100101100
0011100001100101
0001010000110010
1110000111000110
1100001010101010
1100110010111001
1111100001011101
0010100100010110
0011111001000001
0010101001011011
1111101001001011
1100110110000111
1100001011111101
1101111111100111
0001001100010000
0011100101000000
0011100111011001
0001001110111101
1110000010101101
1100001011101011
1100101111111110
1111100011100100
0010100110010101
0011111011110010
0010101001101100
1111100110000110
1100110101110011
1100001000010100
1110000010100111
0001001011001101
0011100011100101
0011100110110010
0001010000111101
1110000100101001
1100001001000100
1100110010101000
1111100110000110
0010100111010010
0011111010000001
0010101001001011
1111101000010100
1100110110001110
1100000110000010
1110000001101001
0001001101000110
0011100110000101
0011101000101111
0001010001010110
1110001000010001
1100001100110001
1100110011001001
1111100010000100
0010101001011110
0011111000110111
0010101000010101
1111100110101001
1100111000100110
1100001100000011
1101111110011010
0001001010010000
0011100100100101
0011101001011100
0001001111110000
1110000101011011
1100001001111100
1100101111111000
1111100010110101
0010100111111011
0011111100001011
0010100111001001
1111101000010011
1100110100111110
1100001001011101
1110000001110010
0001001110000000
0011100100000101
0011101000101111
0001010000101110
1110000110111111
1100001001100101
1100110010101000
1111100011001010
0010100110010010
0011111010100000
0010100111010000
1111101000010000
1100110100011100
1100001000111001
1101111111011111
0001001010111010
0011100100100100
0011101000111011
0001010000001110
1110000101100000
1100001011000101
1100110010111101
1111100011111010
0010100110111001
0011111001011101
0010101100011100
1111101000001111
1100110110010001
1100001100010010
1101111101010110
0001001010001011
0011100100110111
0011101000010100
0001010011100110
1110000101110111
1100001010001001
1100110110100001
1111100000101001
0010100011101110
0011111101011100
0010101010010000
1111101000111101
1100110011100111
1100001000100101
1110000000000011
0001001100100110
0011100100001001
0011100100011100
0001001100101101
1110000101001111
1100001011001010
1100111000010110
1111100100100000
0010100101011010
0011111000101111
0010101010001111
1111101011111011
1100111000111011
1100001100000010
1101111101110001
0001001010101111
0011100010100011
0011100110100010
0001010001111011
1110000001100100
1100000110111110
1100110011100011
1111100100000010
0010100110000010
0011111101101001
0010101101011101
1111101001110101
1100110110011100
1100000111101011
1101111100111100
0001001100011000
0011100100101110
0011101000111100
0001010001001100
1110000100101010
1100000111001111
1100110010110100
1111100101100111
0010100111101111
0011111101100110
0010101000011001
1111101001010000
1100111011101000
1100001000001100
1101111111000011
0001010001110110
0011100101000010
0011101001000110
0001010001011011
1110000100111100
1100001101100100
1100110010111101
1111100100000101
0010100110101111
0011111011001101
0010101100111000
1111100111100111
1100110111111111
1100001000000001
1101111101001001
0001001001000011
0011100110100101
0011101000001010
0001001110100000
1110000100010100
1100001011000110
1100110010101010
1111100100010110
0010100110111000
0011111100100101
0010101100010101
1111100101000111
1100110101011011
1100000111010100
1110000001110000
0001001110001001
0011101001001000
0011101000010101
0001010001001100
1110000100110001
1100001110011110
1100110100001001
1111100011100100
0010101001010011
0011111100100010
0010101000100001
1111101001010011
1100111000001110
1100001010000111
1110000000011011
0001001101001001
0011100111000011
0011100111001110
0001010011101100
1110000100010001
1100001101111111
1100110101110000
1111100101001010
0010100110100000
0011111100101111
0010101010100111
1111101001001010
1100110110110111
1100001011111011
1110000010001001
0001001101000110
0011100101000010
0011101001001110
0001010000100111
1110000100111011
1100001011111011
1100110100010001
1111100011101000
0010100011011010
0011111011110100
0010100111111110
1111100101111100
1100110100100001
1100001001011101
1101111111110100
0001001000110111
0011100011101001
0011100110011001
0001010000111000
1110000101101101
1100001001001011
1100110010001001
1111100011100000
0010100100010100
0011111011110010
0010101010011110
1111101000000000
1100110011001010
1100001001011011
1101111111000101
0001001100010101
0011100110000110
0011100101010011
0001001111100011
1110000110101011
1100001001010101
1100110100100101
1111100011110101
0010101001110101
0011111010110111
0010101011000001
1111100111111001
1100111001000110
1100001001100011
1101111100100100
0001001101000000
0011100010110111
0011101001101001
0001001110110010
1110000100001111
1100001011101100
1100110101100111
1111100011011101
0010100100111110
0011111010011000
0010101000111101
1111101010011101
1100110110010011
1100001000011111
1110000100111001
0001001110111111
0011100011100010
0011100110011101
0001001110001110
1110000100001100
1100001011000000
1100110100100000
1111100011111110
0010100110010100
0011111011100000
0010100110101100
1111100110011001
1100110110110100
1100001001100111
1110000000100000
0001001011000111
0011100100100101
0011100101001101
0001001111111101
1110000101000011
1100001101101010
1100110011001100
1111100101011100
0010100101010101
0011111000001100
0010101011100010
1111101010010011
1100111010001100
1100001100110110
1101111111100101
0001000111000101
0011100011010100
0011100101100100
0001010001010010
1110000100010010
1100001001011001
1100110010110110
1111100010111111
0010100110010000
0011111100001110
0010101001100011
1111100101110110
1100110101101011
1100000111011111
1110000011001001
0001001011110000
0011100011111101
0011100010011100
0001001101010111
1110000011011010
1100001010101110
1100110100010001
1111100001111101
0010100110010010
0011111100100110
0010101010111011
1111100111110011
1100110101011110
1100001010010000
1110000010000100
0001001100000100
0011100111000001
0011100111000001
0001001101011001
1110000100011001
1100001001110001
1100110010000100
1111100011100100
0010100110010100
0011111001001000
0010101011011101
1111100111100111
1100110101011111
1100001001001001
1110000010101110
0001001101010100
0011100100010000
0011100100011001
0001001111111001
1110000101111011
1100001010100100
1100110100001000
1111100010010110
0010100110111111
0011111010010001
0010101001101011
1111101001110011
1100110101111011
1100001010101001
1110000011110111
0001001000100011
0011100100110000
0011100101001111
0001010010011001
1110000011111000
1100001100010110
1100110001000111
1111100100110010
0010100110111000
0011111011010000
0010100111100101
1111100111010011
1100110101111101
1100001010011001
1110000000000111
0001001101010011
0011100101011010
0011100110001001
0001001101100110
1110000000110100
1100001000000110
1100110100001111
1111100010111101
0010100111010011
0011111110101100
0010101010111011
1111100110010111
1100110111010001
1100001100111100
1110000010100111
0001001100100101
0011100101011011
0011100100100011
0001010000000101
1110000011011110
1100000110101111
1100110011011101
1111100101110011
0010100101000100
0011111010010011
0010101100001010
1111100111111100
1100110111000001
1100000110010001
1101111111111100
0001001011010100
0011100101101111
0011100101100100
0001010010010011
1110000101100001
1100001000000111
1100110101000110
1111100110010110
0010100110001100
0011111000110100
0010101000110111
1111100110010010
1100110101011011
1100000110110111
1101111101011001
0001001011111000
0011100001101111
0011101000010001
0001010000001010
1110000001111111
1100001010101101
