0000000000000000
1111111011101110
0010010001011100
0111111111111111
1110101010101111
1000000000000000
0100010101100101
0111111111111111
1000111100010000
1000000000000000
0111111111111111
0111111111111111
1000000000000000
1000110010101100
0111111111111111
0100100101010011
1000000000000000
1110010111011111
0111111111111111
1110100110001001
1000000000000000
0100010011101010
0111111111111111
1000111101100011
1000000000000000
0111111111111111
0111111111111111
1000000000000000
1000101101010001
0111111111111111
0100100101101001
1000000000000000
1110010110110111
0111111111111111
1110100101011101
1000000000000000
0100010010010100
0111111111111111
1000111010110100
1000000000000000
0111111111111111
0111111111111111
1000000000000000
1000101111001000
0111111111111111
0100100010011100
1000000000000000
1110010110011010
0111111111111111
1110101010001001
1000000000000000
0100010110010001
0111111111111111
1000111100010110
1000000000000000
0111111111111111
0111111111111111
1000000000000000
1000101100000110
0111111111111111
0100100101100111
1000000000000000
1110010111000110
0111111111111111
1110100110100101
1000000000000000
0100010100101001
0111111111111111
1000111010110001
1000000000000000
0111111111111111
0111111111111111
1000000000000000
1000101101011010
0111111111111111
0100100001000111
1000000000000000
1110010101000101
0111111111111111
1110100110010000
1000000000000000
0100001110001001
0111111111111111
1000111000101001
1000000000000000
0111111111111111
0111111111111111
1000000000000000
1000101011100000
0111111111111111
0100011110011101
1000000000000000
1110010011100001
0111111111111111
1110100011101110
1000000000000000
0100010001001001
0111111111111111
1000111110010111
1000000000000000
0111111111111111
0111111111111111
1000000000000000
1000101100100001
0111111111111111
0100100110001101
1000000000000000
1110010110001100
0111111111111111
1110101010011010
1000000000000000
0100010000001000
0111111111111111
1000110111111111
1000000000000000
0111111111111111
0111111111111111
1000000000000000
1000101100001001
0111111111111111
0100100001001111
1000000000000000
1110011011010000
0111111111111111
1110100011110011
1000000000000000
0100010101111101
0111111111111111
1000111010101000
1000000000000000
0111111111111111
0111111111111111
1000000000000000
1000101011000010
0111111111111111
0100100011111010
1000000000000000
1110010111100111
0111111111111111
1110101000101011
1000000000000000
0100010010101100
0111111111111111
1001000001000001
1000000000000000
0111111111111111
0111111111111111
1000000000000000
1000101000110111
0111111111111111
0100100010010100
1000000000000000
1110010110001010
0111111111111111
1110101001011110
1000000000000000
0100010111110101
0111111111111111
1000111111000100
1000000000000000
0111111111111111
0111111111111111
1000000000000000
1000101011011011
0111111111111111
0100100011111000
1000000000000000
1110011000001011
0111111111111111
1110100111110100
1000000000000000
0100010000010101
0111111111111111
1000111111010100
1000000000000000
0111111111111111
0111111111111111
1000000000000000
1000101011000001
0111111111111111
0100100100101000
1000000000000000
1110010111101011
0111111111111111
1110100110110101
1000000000000000
0100010110100110
0111111111111111
1000111010111100
1000000000000000
0111111111111111
0111111111111111
1000000000000000
1000101100011001
0111111111111111
0100100110110101
1000000000000000
1110011000011110
0111111111111111
1110101010111011
1000000000000000
0100010110100010
0111111111111111
1000111100110111
1000000000000000
0111111111111111
0111111111111111
1000000000000000
1000101011011100
0111111111111111
0100100010100100
1000000000000000
1110010111100011
0111111111111111
1110100101100100
1000000000000000
0100010111111010
0111111111111111
1000111110101000
1000000000000000
0111111111111111
0111111111111111
1000000000000000
1000101101010100
0111111111111111
0100100110000111
1000000000000000
1110010111110001
0111111111111111
1110101010110010
1000000000000000
0100001111010001
0111111111111111
1000111000111010
1000000000000000
0111111111111111
0111111111111111
1000000000000000
1000101101111101
0111111111111111
0100100100101011
1000000000000000
1110011000010011
0111111111111111
1110101000100111
1000000000000000
0100001111010111
0111111111111111
1000111011100100
1000000000000000
0111111111111111
0111111111111111
1000000000000000
1000101100000011
0111111111111111
0100100000110101
1000000000000000
1110010110101111
0111111111111111
1110100110011101
1000000000000000
0100010101110000
0111111111111111
1000111100111001
1000000000000000
0111111111111111
0111111111111111
1000000000000000
1000101101011101
0111111111111111
0100100010101000
1000000000000000
1110010010100101
0111111111111111
1110100101111111
1000000000000000
0100010100100111
0111111111111111
1000111011000101
1000000000000000
0111111111111111
0111111111111111
1000000000000000
1000101100011111
0111111111111111
0100011111000110
1000000000000000
1110011101101101
0111111111111111
1110100111001101
1000000000000000
0100010000111111
0111111111111111
1000111111100111
1000000000000000
0111111111111111
0111111111111111
1000000000000000
1000101101010000
0111111111111111
0100100000100110
1000000000000000
1110011010100111
0111111111111111
1110101000000110
1000000000000000
0100011001110111
0111111111111111
1000111101011001
1000000000000000
0111111111111111
0111111111111111
1000000000000000
1000101011011101
0111111111111111
0100100010101110
1000000000000000
1110011011100100
0111111111111111
1110101000100111
1000000000000000
0100010010111010
0111111111111111
1000111001000100
1000000000000000
0111111111111111
0111111111111111
1000000000000000
1000101111100001
0111111111111111
0100100011000111
1000000000000000
1110011001111100
0111111111111111
1110101010001011
1000000000000000
0100010010011010
0111111111111111
1000111101001010
1000000000000000
0111111111111111
0111111111111111
1000000000000000
1000101101111100
0111111111111111
0100011110110001
1000000000000000
1110010101001011
0111111111111111
1110100010110010
1000000000000000
0100010001111000
0111111111111111
1000111001110100
1000000000000000
0111111111111111
0111111111111111
1000000000000000
1000101110001111
0111111111111111
0100100100110111
1000000000000000
1110011011101111
0111111111111111
1110100111111111
1000000000000000
0100010010011110
0111111111111111
1000111101101101
1000000000000000
0111111111111111
0111111111111111
1000000000000000
1000110000111100
0111111111111111
0100100001111111
1000000000000000
1110010101110110
0111111111111111
1110100111111111
1000000000000000
0100010010110010
0111111111111111
1000111010011011
1000000000000000
0111111111111111
0111111111111111
1000000000000000
1000101001111011
0111111111111111
0100100110101011
1000000000000000
1110010111100101
0111111111111111
1110101000001011
1000000000000000
0100010000000001
0111111111111111
1000111100000001
1000000000000000
0111111111111111
0111111111111111
1000000000000000
1000101101101101
0111111111111111
0100101000000000
1000000000000000
1110011001000111
0111111111111111
1110100111111110
1000000000000000
0100010100010001
0111111111111111
1000111100011011
1000000000000000
0111111111111111
0111111111111111
1000000000000000
1000101011111101
0111111111111111
0100100101001101
1000000000000000
1110010111100110
0111111111111111
1110101001110110
1000000000000000
0100010101011110
0111111111111111
1000111000111111
1000000000000000
0111111111111111
0111111111111111
1000000000000000
1000101110101011
0111111111111111
0100100110111111
1000000000000000
1110010111111101
0111111111111111
1110101000000010
1000000000000000
0100010011111000
0111111111111111
1000111101001111
1000000000000000
0111111111111111
0111111111111111
1000000000000000
1000101100101111
0111111111111111
0100011111000101
1000000000000000
1110011011110110
0111111111111111
1110101100101000
1000000000000000
0100010010011001
0111111111111111
1000110110110010
1000000000000000
0111111111111111
0111111111111111
1000000000000000
1000101111110101
0111111111111111
0100100010100011
1000000000000000
1110010010011011
0111111111111111
1110100101011111
1000000000000000
0100010110010110
0111111111111111
1000110111001110
1000000000000000
0111111111111111
0111111111111111
1000000000000000
1000101001111100
0111111111111111
0100100101001110
1000000000000000
1110011100110110
0111111111111111
1110100101010100
1000000000000000
0100010111110000
0111111111111111
1000111101011100
1000000000000000
0111111111111111
0111111111111111
1000000000000000
1000101101010111
0111111111111111
0100100110101001
1000000000000000
1110011001010011
0111111111111111
1110100101011000
1000000000000000
0100010101000110
0111111111111111
1000111110001000
1000000000000000
0111111111111111
0111111111111111
1000000000000000
1000110010000010
0111111111111111
0100101010001010
1000000000000000
1110010111000011
0111111111111111
1110101001001000
1000000000000000
0100010100111101
0111111111111111
1000111101100111
1000000000000000
0111111111111111
0111111111111111
1000000000000000
1000101011000001
0111111111111111
0100100010010111
1000000000000000
1110010100010101
0111111111111111
1110100101100101
1000000000000000
0100010011001010
0111111111111111
1000111011001011
1000000000000000
0111111111111111
0111111111111111
1000000000000000
1000101101000011
0111111111111111
0100101000001000
1000000000000000
1110011001001110
0111111111111111
1110101000101110
1000000000000000
0100010100111111
0111111111111111
1000111011111000
1000000000000000
0111111111111111
0111111111111111
1000000000000000
1000101011011000
0111111111111111
0100100100101101
1000000000000000
1110011001010000
0111111111111111
1110100101010110
1000000000000000
0100010010111010
0111111111111111
1000111011010111
1000000000000000
0111111111111111
0111111111111111
1000000000000000
1000101100001100
0111111111111111
0100011111011100
1000000000000000
1110011001011110
0111111111111111
1110101010100100
1000000000000000
0100010111101110
0111111111111111
1000111011101110
1000000000000000
0111111111111111
0111111111111111
1000000000000000
1000101111111110
0111111111111111
0100100001010010
1000000000000000
1110010111010100
0111111111111111
1110100011011110
1000000000000000
0100011001110010
0111111111111111
1000111101101100
1000000000000000
0111111111111111
0111111111111111
1000000000000000
1000101110010011
0111111111111111
0100100100100000
1000000000000000
1110011100001010
0111111111111111
1110100101101111
1000000000000000
0100010010111101
0111111111111111
1000111101100000
1000000000000000
0111111111111111
0111111111111111
1000000000000000
1000101010010110
0111111111111111
0100101010010010
1000000000000000
1110011000010110
0111111111111111
1110100000111101
1000000000000000
0100010100001000
0111111111111111
1000111011111111
1000000000000000
0111111111111111
0111111111111111
1000000000000000
1000110001000101
0111111111111111
0100100001000111
1000000000000000
1110010111111111
0111111111111111
1110100110111000
1000000000000000
0100010001101010
0111111111111111
1000111011000100
1000000000000000
0111111111111111
0111111111111111
1000000000000000
1000101100010000
0111111111111111
0100100110000101
1000000000000000
1110010101111011
0111111111111111
1110100100011111
1000000000000000
0100010010001101
0111111111111111
1000111001100001
1000000000000000
0111111111111111
0111111111111111
1000000000000000
1000101110011000
0111111111111111
0100100010100001
1000000000000000
1110010110111100
0111111111111111
1110101001100101
1000000000000000
0100010100111111
0111111111111111
1000111011100101
1000000000000000
0111111111111111
0111111111111111
1000000000000000
1000101000010110
0111111111111111
0100100011000010
1000000000000000
1110011010100011
0111111111111111
1110101001001001
1000000000000000
0100010001000101
0111111111111111
1000111001001000
1000000000000000
0111111111111111
0111111111111111
1000000000000000
1000101010011010
0111111111111111
0100100011000110
1000000000000000
1110011000011110
0111111111111111
1110100101110011
1000000000000000
0100001101111011
0111111111111111
1000111110001000
1000000000000000
0111111111111111
0111111111111111
1000000000000000
1000101111000101
0111111111111111
0100100110111100
1000000000000000
1110011100001100
0111111111111111
1110100101100011
1000000000000000
0100010011010100
0111111111111111
1000111010101110
1000000000000000
0111111111111111
0111111111111111
1000000000000000
1000101001001111
0111111111111111
0100100000100101
1000000000000000
1110010111111110
0111111111111111
1110101010110100
1000000000000000
0100011000111000
0111111111111111
1000110101111000
1000000000000000
0111111111111111
0111111111111111
1000000000000000
1000101001101000
0111111111111111
0100100011001001
1000000000000000
1110010101100010
0111111111111111
1110100100100101
1000000000000000
0100011001101110
0111111111111111
1000111101110111
1000000000000000
0111111111111111
0111111111111111
1000000000000000
1000101010000010
0111111111111111
0100101001011001
1000000000000000
1110010110100001
0111111111111111
1110011111010010
1000000000000000
0100010001101100
0111111111111111
1000111111010100
1000000000000000
0111111111111111
0111111111111111
1000000000000000
1000101100101001
0111111111111111
0100100100110100
1000000000000000
1110011001011010
0111111111111111
1110101000001110
1000000000000000
0100010110101100
0111111111111111
1000111101000111
1000000000000000
0111111111111111
0111111111111111
1000000000000000
1000110000000000
0111111111111111
0100100011011001
1000000000000000
1110011100100011
0111111111111111
1110100110110110
1000000000000000
0100010101001010
0111111111111111
1000111000010011
1000000000000000
0111111111111111
0111111111111111
1000000000000000
1000101110111101
0111111111111111
0100100101001010
1000000000000000
1110011100101110
0111111111111111
1110100100100101
1000000000000000
0100010101010010
0111111111111111
1000111100011000
1000000000000000
0111111111111111
0111111111111111
1000000000000000
1000110000001110
0111111111111111
0100100011001100
1000000000000000
1110011001011111
0111111111111111
1110100101010001
1000000000000000
0100010100101010
0111111111111111
1000111010001000
1000000000000000
0111111111111111
0111111111111111
1000000000000000
1000101100101001
0111111111111111
0100100110111001
1000000000000000
1110011000100110
0111111111111111
1110101011001001
1000000000000000
0100010001001110
0111111111111111
1000111100010110
1000000000000000
0111111111111111
0111111111111111
1000000000000000
1000101101000010
0111111111111111
0100100101010001
1000000000000000
1110011011001010
0111111111111111
1110100110111100
1000000000000000
0100010101000100
0111111111111111
1000111010010111
1000000000000000
0111111111111111
0111111111111111
1000000000000000
1000101010010101
0111111111111111
0100100100011111
1000000000000000
1110011001011100
0111111111111111
1110100110011001
1000000000000000
0100010011000110
0111111111111111
1000110111110010
1000000000000000
0111111111111111
0111111111111111
1000000000000000
1000101001100100
0111111111111111
0100101000010001
1000000000000000
1110010101011101
0111111111111111
1110101001110100
1000000000000000
0100010101101111
0111111111111111
1000111011101000
1000000000000000
0111111111111111
0111111111111111
1000000000000000
1000101101100111
0111111111111111
0100100000000101
1000000000000000
1110010100100010
0111111111111111
1110100111110111
1000000000000000
0100010101001111
0111111111111111
1000111101010111
1000000000000000
0111111111111111
0111111111111111
1000000000000000
1000101011100110
0111111111111111
0100100110110101
1000000000000000
1110010111001010
0111111111111111
1110101001100001
1000000000000000
0100010011111011
0111111111111111
1000111010011010
1000000000000000
0111111111111111
0111111111111111
1000000000000000
1000101010011101
0111111111111111
0100100100001101
1000000000000000
1110010100100010
0111111111111111
1110101011010000
1000000000000000
0100011000001000
0111111111111111
1000111100011010
1000000000000000
0111111111111111
0111111111111111
1000000000000000
1000101101100100
0111111111111111
0100100110111111
1000000000000000
1110010111111100
0111111111111111
1110100101110010
1000000000000000
0100010000110101
0111111111111111
1000111011010011
1000000000000000
0111111111111111
0111111111111111
1000000000000000
1000101101110000
0111111111111111
0100101000001110
1000000000000000
1110010111100001
0111111111111111
1110100110011000
1000000000000000
0100010000110000
0111111111111111
1000111011101101
1000000000000000
0111111111111111
0111111111111111
1000000000000000
1000101100000010
0111111111111111
0100100001010110
1000000000000000
1110011000110100
0111111111111111
1110100101010101
1000000000000000
0100010100000000
0111111111111111
1000111111010000
1000000000000000
0111111111111111
0111111111111111
1000000000000000
1000101001110101
0111111111111111
0100100100100111
1000000000000000
1110010101101010
0111111111111111
1110101000110110
1000000000000000
0100010000101001
0111111111111111
1000111100111000
1000000000000000
0111111111111111
0111111111111111
1000000000000000
1000101110010000
0111111111111111
0100100110011010
1000000000000000
1110010111001010
0111111111111111
1110101001100101
1000000000000000
0100010110111100
0111111111111111
1000111100001010
1000000000000000
0111111111111111
0111111111111111
1000000000000000
1000101111010011
0111111111111111
0100100101110011
1000000000000000
1110010111011000
0111111111111111
1110100110101010
1000000000000000
0100010100110101
0111111111111111
1000111010011110
1000000000000000
0111111111111111
0111111111111111
1000000000000000
1000101011001000
0111111111111111
0100100000110011
1000000000000000
1110011011100100
0111111111111111
1110100110001010
1000000000000000
0100010001010011
0111111111111111
1000111010110000
1000000000000000
0111111111111111
0111111111111111
1000000000000000
1000101101101110
0111111111111111
0100100101000110
1000000000000000
1110010111010011
0111111111111111
1110101010100101
1000000000000000
0100010001011100
0111111111111111
1000111110011010
1000000000000000
0111111111111111
0111111111111111
1000000000000000
1000101101111100
0111111111111111
0100100001000111
1000000000000000
1110010110000000
0111111111111111
1110101010100000
1000000000000000
0100011000111100
0111111111111111
1000111110001000
1000000000000000
0111111111111111
0111111111111111
1000000000000000
1000101110011000
0111111111111111
0100100110111101
1000000000000000
1110010110101011
0111111111111111
1110101011001000
1000000000000000
0100010111001001
0111111111111111
1000111100000011
1000000000000000
0111111111111111
0111111111111111
1000000000000000
1000101010011111
0111111111111111
0100100100110110
1000000000000000
1110010011111010
0111111111111111
1110101000111010
1000000000000000
0100010001101110
0111111111111111
1000111101111101
1000000000000000
0111111111111111
0111111111111111
1000000000000000
1000101110100000
0111111111111111
0100100101001000
1000000000000000
1110011011100110
0111111111111111
1110101000110100
1000000000000000
0100011011001000
0111111111111111
1000111011010001
1000000000000000
0111111111111111
0111111111111111
1000000000000000
1000101111011000
0111111111111111
0100100001100111
1000000000000000
1110011000111100
0111111111111111
1110101000100110
1000000000000000
0100011000100011
0111111111111111
1000111101101001
1000000000000000
0111111111111111
0111111111111111
1000000000000000
1000101011001111
0111111111111111
0100100101000000
1000000000000000
1110011001100101
0111111111111111
1110101010001001
1000000000000000
0100001110000110
0111111111111111
1000111010110000
1000000000000000
0111111111111111
0111111111111111
1000000000000000
1000101110111111
0111111111111111
0100100110110000
1000000000000000
1110011001110100
0111111111111111
1110100110001111
1000000000000000
0100010000100100
0111111111111111
1000111111011101
1000000000000000
0111111111111111
0111111111111111
1000000000000000
1000110010110111
0111111111111111
0100011111100011
1000000000000000
1110010100101010
0111111111111111
1110101000110011
1000000000000000
0100010100000110
0111111111111111
1000111010101100
1000000000000000
0111111111111111
0111111111111111
1000000000000000
1000110000100111
0111111111111111
0100100100011011
1000000000000000
1110011010000001
0111111111111111
1110101010110001
1000000000000000
0100010000101110
0111111111111111
1000111111000110
1000000000000000
0111111111111111
0111111111111111
1000000000000000
1000110100011011
0111111111111111
0100100110001000
1000000000000000
1110010001101101
0111111111111111
1110101000101010
1000000000000000
0100001111111111
0111111111111111
1000111111101111
1000000000000000
0111111111111111
0111111111111111
1000000000000000
1000101010000111
0111111111111111
0100100110001100
1000000000000000
1110010111000110
0111111111111111
1110101101001000
1000000000000000
0100010100111011
0111111111111111
1000111011001101
1000000000000000
0111111111111111
0111111111111111
1000000000000000
1000110000011010
0111111111111111
0100100110111101
1000000000000000
1110011100011010
0111111111111111
1110100111110101
1000000000000000
0100011000111011
0111111111111111
1000111100101001
1000000000000000
0111111111111111
0111111111111111
1000000000000000
1000101010111110
0111111111111111
0100100101000110
1000000000000000
1110011100110111
0111111111111111
1110101001110011
1000000000000000
0100010001110010
0111111111111111
1000111100011000
1000000000000000
0111111111111111
0111111111111111
1000000000000000
1000101100111100
0111111111111111
0100100010001111
1000000000000000
1110010111011100
0111111111111111
1110100100010110
1000000000000000
0100010100000010
0111111111111111
1000111100101000
1000000000000000
0111111111111111
0111111111111111
1000000000000000
1000101100111111
0111111111111111
0100100001010101
1000000000000000
1110011001000010
0111111111111111
1110101001101010
1000000000000000
0100010100011111
0111111111111111
1000111110010101
1000000000000000
0111111111111111
0111111111111111
1000000000000000
1000101110010001
0111111111111111
0100101001100110
1000000000000000
1110010110111111
0111111111111111
1110100010000001
1000000000000000
0100010010010111
0111111111111111
1000111011101001
1000000000000000
0111111111111111
0111111111111111
1000000000000000
1000101011010011
0111111111111111
0100100101011110
1000000000000000
1110010111001101
0111111111111111
1110101000110111
1000000000000000
0100010010000000
0111111111111111
1000111011101110
1000000000000000
0111111111111111
0111111111111111
1000000000000000
1000101100100010
0111111111111111
0100100110100011
1000000000000000
1110011001101110
0111111111111111
1110101001110100
1000000000000000
0100010010111000
0111111111111111
1000111010110110
1000000000000000
0111111111111111
0111111111111111
1000000000000000
1000101100100001
0111111111111111
0100100110000101
1000000000000000
1110010110101010
0111111111111111
1110100111011101
1000000000000000
0100010101100000
0111111111111111
1000111011001101
1000000000000000
0111111111111111
0111111111111111
1000000000000000
1000101111000001
0111111111111111
0100100100110011
1000000000000000
1110011000010010
0111111111111111
1110101001101101
1000000000000000
0100001111101000
0111111111111111
1000111000011011
1000000000000000
0111111111111111
0111111111111111
1000000000000000
1000101111001001
0111111111111111
0100011100101011
1000000000000000
1110011100101001
0111111111111111
1110101101000001
1000000000000000
0100010011110000
0111111111111111
1000111111011010
1000000000000000
0111111111111111
0111111111111111
1000000000000000
1000101100100110
0111111111111111
0100100010001111
1000000000000000
1110011000011111
0111111111111111
1110101100101001
1000000000000000
0100010000111111
0111111111111111
1000111100001100
1000000000000000
0111111111111111
0111111111111111
1000000000000000
1000101110011110
0111111111111111
0100100110101010
1000000000000000
1110011011001011
0111111111111111
1110100110011100
1000000000000000
0100010101000001
0111111111111111
1000111010100110
1000000000000000
0111111111111111
0111111111111111
1000000000000000
1000101010111111
0111111111111111
0100100111011011
1000000000000000
1110010101101111
0111111111111111
1110101100101111
1000000000000000
0100010000100010
0111111111111111
1000111010011001
1000000000000000
0111111111111111
0111111111111111
1000000000000000
1000110101000010
0111111111111111
0100100011011011
1000000000000000
1110011001101100
0111111111111111
1110100101001100
1000000000000000
0100010000100001
0111111111111111
1000111010000111
1000000000000000
0111111111111111
0111111111111111
1000000000000000
1000100111110100
0111111111111111
0100100000010101
1000000000000000
1110011000010000
0111111111111111
1110100110110110
1000000000000000
0100001110000000
0111111111111111
1000111110101110
1000000000000000
0111111111111111
0111111111111111
1000000000000000
1000101000101111
0111111111111111
0100011110110101
1000000000000000
1110010111000101
0111111111111111
1110100101001001
1000000000000000
0100010001010110
0111111111111111
1000111000101111
1000000000000000
0111111111111111
0111111111111111
1000000000000000
1000101011101000
0111111111111111
0100100101010010
1000000000000000
1110011001010011
0111111111111111
1110100111101001
1000000000000000
0100010011111011
0111111111111111
1000111111000100
1000000000000000
0111111111111111
0111111111111111
1000000000000000
1000101000101110
0111111111111111
0100100001101110
1000000000000000
1110010011101010
0111111111111111
1110100110011001
1000000000000000
0100010010111001
0111111111111111
1000111011110000
1000000000000000
0111111111111111
0111111111111111
1000000000000000
1000101100000101
0111111111111111
0100101001010011
1000000000000000
1110011000100110
0111111111111111
1110101001100110
1000000000000000
0100010011010110
0111111111111111
1000110111010110
1000000000000000
0111111111111111
0111111111111111
1000000000000000
1000101101111010
0111111111111111
0100100110011100
1000000000000000
1110010111011110
0111111111111111
1110100111111111
1000000000000000
0100010000001101
0111111111111111
1000111110010100
1000000000000000
0111111111111111
0111111111111111
1000000000000000
1000101101010110
0111111111111111
0100100111110110
1000000000000000
1110011011100011
0111111111111111
1110100111101110
1000000000000000
0100010011000101
0111111111111111
1000111010001111
1000000000000000
0111111111111111
0111111111111111
1000000000000000
1000101000111110
0111111111111111
0100100100110100
1000000000000000
1110010110101111
0111111111111111
1110100111010011
1000000000000000
0100010011000110
0111111111111111
1000111100010110
1000000000000000
0111111111111111
0111111111111111
1000000000000000
1000110011110000
0111111111111111
0100100011011100
1000000000000000
1110011101001110
0111111111111111
1110100111101111
1000000000000000
0100010000110101
0111111111111111
1000111110101110
1000000000000000
0111111111111111
0111111111111111
1000000000000000
1000101111110111
0111111111111111
0100100011000111
1000000000000000
1110010110000100
0111111111111111
1110101110001110
1000000000000000
0100010010000100
0111111111111111
1001000000000101
1000000000000000
0111111111111111
0111111111111111
1000000000000000
1000101101011110
0111111111111111
0100100001101101
1000000000000000
1110011011111001
0111111111111111
1110101001111001
1000000000000000
0100010100001101
0111111111111111
1000111111000111
1000000000000000
0111111111111111
0111111111111111
1000000000000000
1000101101001001
0111111111111111
0100100101011001
1000000000000000
1110010111101110
0111111111111111
1110101000100001
1000000000000000
0100010010000101
0111111111111111
1000111011001100
1000000000000000
0111111111111111
0111111111111111
1000000000000000
1000101111010011
0111111111111111
0100100011001101
1000000000000000
1110010101101111
0111111111111111
1110101000011010
1000000000000000
0100010011111001
0111111111111111
1000111100010101
1000000000000000
0111111111111111
0111111111111111
1000000000000000
1000101110110100
0111111111111111
0100100010010111
1000000000000000
1110011101111001
0111111111111111
1110100110110110
1000000000000000
0100001110010110
0111111111111111
1001000010000110
1000000000000000
0111111111111111
0111111111111111
1000000000000000
1000101011110000
0111111111111111
0100100101011001
1000000000000000
1110011010101100
0111111111111111
1110101001111110
1000000000000000
0100010110111000
0111111111111111
1000111001001111
1000000000000000
0111111111111111
0111111111111111
1000000000000000
1000101111110100
0111111111111111
0100100010111110
1000000000000000
1110010110011100
0111111111111111
1110101010111100
1000000000000000
0100010001110010
0111111111111111
1000111101011110
1000000000000000
0111111111111111
0111111111111111
1000000000000000
1000101010001111
0111111111111111
0100100000010101
1000000000000000
1110011010011110
0111111111111111
1110100111100111
1000000000000000
0100010100111100
0111111111111111
1000111101110100
1000000000000000
0111111111111111
0111111111111111
1000000000000000
1000110001000001
0111111111111111
0100100000100111
1000000000000000
1110011001000010
0111111111111111
1110101001101010
1000000000000000
0100010101000110
0111111111111111
1000111111101111
1000000000000000
0111111111111111
0111111111111111
1000000000000000
1000110000001111
0111111111111111
0100101000000001
1000000000000000
1110011011110000
0111111111111111
1110101001000011
1000000000000000
0100010010100101
0111111111111111
1000111101011010
1000000000000000
0111111111111111
0111111111111111
1000000000000000
1000100111111010
0111111111111111
0100100010010100
1000000000000000
1110010111110111
0111111111111111
1110101001101011
1000000000000000
0100011001010010
0111111111111111
1000110111011110
1000000000000000
0111111111111111
0111111111111111
1000000000000000
1000110000111101
0111111111111111
0100100001001010
1000000000000000
1110010001011011
0111111111111111
1110100101101100
1000000000000000
0100010101100011
0111111111111111
1000111000000101
1000000000000000
0111111111111111
0111111111111111
1000000000000000
1000101100101011
0111111111111111
0100100110001010
1000000000000000
1110011001001101
0111111111111111
1110100101000001
1000000000000000
0100010100010101
0111111111111111
1000111100011101
1000000000000000
0111111111111111
0111111111111111
1000000000000000
1000101111001001
0111111111111111
0100100100000000
1000000000000000
1110011010010001
0111111111111111
1110100111100101
1000000000000000
0100010110110110
0111111111111111
1000111011000000
1000000000000000
0111111111111111
0111111111111111
1000000000000000
1000101010010010
0111111111111111
0100101000011111
1000000000000000
1110010011110001
0111111111111111
1110100101011000
1000000000000000
0100010000011000
0111111111111111
1000111101101110
1000000000000000
0111111111111111
0111111111111111
1000000000000000
1000101101100011
0111111111111111
0100100001010000
1000000000000000
1110011001111100
0111111111111111
1110101000110110
1000000000000000
0100010001110100
0111111111111111
1000111101011101
1000000000000000
0111111111111111
0111111111111111
1000000000000000
1000101101110000
0111111111111111
0100100000110001
1000000000000000
1110010100000010
0111111111111111
1110101010011101
1000000000000000
0100010011101111
0111111111111111
1000111001010000
1000000000000000
0111111111111111
0111111111111111
1000000000000000
1000101111110101
0111111111111111
0100101001010101
1000000000000000
1110011000110001
0111111111111111
1110101000011101
1000000000000000
0100010000010010
0111111111111111
1000111010011001
1000000000000000
0111111111111111
0111111111111111
1000000000000000
1000101110011110
0111111111111111
0100011110100101
1000000000000000
1110010100010010
0111111111111111
1110101110000010
1000000000000000
0100010011101100
0111111111111111
1000111110011101
1000000000000000
0111111111111111
0111111111111111
1000000000000000
1000101010001101
0111111111111111
0100100110110001
1000000000000000
1110010110001001
0111111111111111
1110100110110110
1000000000000000
0100010010100110
0111111111111111
1000110111001000
1000000000000000
0111111111111111
0111111111111111
1000000000000000
1000110000001000
0111111111111111
0100011110011100
1000000000000000
1110010101111100
0111111111111111
1110100111110101
1000000000000000
0100010001111011
0111111111111111
1000111010100111
1000000000000000
0111111111111111
0111111111111111
1000000000000000
1000101111100001
0111111111111111
0100100010010000
1000000000000000
1110011000011010
0111111111111111
1110101010111001
1000000000000000
0100010110001110
0111111111111111
1000111000100101
1000000000000000
0111111111111111
0111111111111111
1000000000000000
1000101100101011
0111111111111111
0100100001011110
1000000000000000
1110011001010000
0111111111111111
1110101000001001
1000000000000000
0100010110010100
0111111111111111
1000111110100110
1000000000000000
0111111111111111
0111111111111111
1000000000000000
1000110010011001
0111111111111111
0100100100100111
1000000000000000
1110011000000111
0111111111111111
1110100111011001
1000000000000000
0100010001100000
0111111111111111
1000111100100001
1000000000000000
0111111111111111
0111111111111111
1000000000000000
1000101110001001
0111111111111111
0100011101011011
1000000000000000
1110011011000000
0111111111111111
1110100011110101
1000000000000000
0100010100000001
0111111111111111
1000111101111100
1000000000000000
0111111111111111
0111111111111111
1000000000000000
1000101100001111
0111111111111111
0100100000111110
1000000000000000
1110011100111111
0111111111111111
1110101000101100
1000000000000000
0100010100010010
0111111111111111
1000110111101010
1000000000000000
0111111111111111
0111111111111111
1000000000000000
1000101101110000
0111111111111111
0100011111001101
1000000000000000
1110010101111100
0111111111111111
1110100110011001
1000000000000000
0100010011100001
0111111111111111
1000111111100110
1000000000000000
0111111111111111
0111111111111111
1000000000000000
1000101101000011
0111111111111111
0100100011011011
1000000000000000
1110010011011011
0111111111111111
1110101001110001
1000000000000000
0100011001001011
0111111111111111
1000111100011010
1000000000000000
0111111111111111
0111111111111111
1000000000000000
1000101011110001
0111111111111111
0100011111111011
1000000000000000
1110011100111001
0111111111111111
1110101001110000
1000000000000000
0100001111100000
0111111111111111
1000111100101010
1000000000000000
0111111111111111
0111111111111111
1000000000000000
1000101011001011
0111111111111111
0100100100101000
1000000000000000
1110010110101100
0111111111111111
1110100111000001
