0000000000000000
1111111111001010
1111111100100100
1111111100010000
0010010101001100
0111000111010010
0111001101001100
0010100000010100
1100001010011011
1000010101110010
1001100110000101
1111000110001100
0101001111011001
0111111001010000
0101010101000101
1111010000100110
1001101011101010
1000010000111000
1011111110110110
0010010101010000
0111001000011110
0111001110011101
0010011101110100
1100000101111001
1000010011101001
1001101001111011
1111001000110001
0101001100110111
0111111010100001
0101010101101101
1111001111100110
1001101001011110
1000010111010100
1011111110100101
0010011000111010
0111001010100011
0111001010000011
0010011110011110
1100000111101011
1000010111111100
1001100101110110
1111000111000110
0101001100100100
0111110101110010
0101010001111010
1111001111101111
1001101101110100
1000010010110011
1100000100101111
0010011000111000
0111000111011011
0111001100111110
0010011101101111
1100001001100111
1000010111000010
1001100101111111
1111000111010010
0101001010011101
0111110110111101
0101010101101011
1111001111111110
1001101011110110
1000010010101100
1100000000111110
0010010101111001
0111001011010011
0111001111100000
0010011011001010
1100001010010011
1000010110010011
1001100100111010
1111000101000011
0101001101010001
0111111000111001
0101010101001110
1111001111111101
1001101010110111
1000010000100100
1011111111011101
0010010110111000
0111001011101011
0111001100001011
0010011111100000
1100001000111101
1000010110000001
1001100110110110
1111001000010010
0101001110000100
0111110101100111
0101010010101101
1111001111101111
1001101100001100
1000010011100000
1011111111011000
0010010111000010
0111000111111010
0111001110001100
0010011111011000
1100001010110001
1000010011000111
1001101000000011
1111000111100110
0101001110101011
0111110111111110
0101010101110000
1111001111111010
1001101100011100
1000010111100100
1100000001010001
0010010111110100
0111001001100011
0111001101111001
0010011101101111
1100000111101100
1000010100111111
1001100111001110
1111000100111000
0101001110011000
0111111010000000
0101010011100001
1111010010000110
1001101100100001
1000010010011100
1100000001001110
0010010101111000
0111001011110110
0111001011000010
0010011110110100
1100000111110001
1000010011100110
1001101000011001
1111000110100110
0101001110000011
0111110101001110
0101010010010101
1111001101100001
1001101101010000
1000010100001000
1100000010011111
0010010100101000
0111001010111011
0111001110010000
0010011111011011
1100001010101000
1000010101111011
1001100100110110
1111001000100100
0101001111111101
0111110101010100
0101010001001110
1111001111111001
1001101101000101
1000010011001110
1100000000001000
0010010100111101
0111001001010101
0111001101111010
0010011111101111
1100000110100001
1000001111111010
1001100101001111
1111000011001000
0101001011000001
0111111000100111
0101010111101011
1111010000010111
1001101000010010
1000010100010000
1100000010010000
0010011000000000
0111000111011000
0111001011011001
0010100001000111
1100001001000110
1000010100010100
1001100101110010
1111000101101110
0101010000011111
0111110100110000
0101010001001000
1111001101010101
1001101011011001
1000010000110000
1011111100000100
0010010111011101
0111000110011000
0111001101010011
0010011110011100
1100000101010010
1000010110111111
1001100111111011
1111000111100100
0101001001100101
0111110101011101
0101010011101101
1111010001001010
1001101101001101
1000010111100111
1100000000001100
0010010111010001
0111001100110101
0111010000111010
0010100001001111
1100000101111001
1000010100111110
1001101000001011
1111000100010110
0101001011101001
0111110101000100
0101010100110001
1111010001011100
1001101010111011
1000010010110101
1011111111100001
0010010110101011
0111001011100001
0111001101001100
0010100011010000
1100000111001010
1000010101110001
1001101000000110
1111000010010110
0101001101110010
0111110100111101
0101010010101010
1111001100101110
1001101011010001
1000010010010001
1100000001010111
0010010110011010
0111001001001111
0111001100110101
0010011100101110
1100001011110111
1000010101001111
1001100111101110
1111000100011011
0101001101000001
0111111010010110
0101010000101101
1111010000100010
1001101001111100
1000010101000011
1100000100011011
0010010110110101
0111001011001110
0111001100101100
0010011110010111
1100000101011100
1000010101100101
1001101000000101
1111000110101110
0101001111001111
0111110101010111
0101010010000111
1111001111100010
1001101011000110
1000010011001000
1100000001100110
0010011000100110
0111001001000111
0111001010000011
0010011101000011
1100001000100101
1000010000111010
1001100110010010
1111000100110000
0101001110100010
0111110100111000
0101010011111101
1111001111111101
1001101011011001
1000010010000000
1100000010000001
0010010101100110
0111001000111100
0111001110101010
0010100010010011
1100000110011000
1000010100101000
1001101000101101
1111000110110001
0101001011111011
0111111001100010
0101010010010100
1111010001010001
1001101111110000
1000010100101110
1100000010111000
0010010111000100
0111001000101000
0111000111110101
0010100001010001
1100000111110101
1000010101011000
1001100011010001
1111000101100110
0101001111110110
0111110110001101
0101010100000011
1111001110010001
1001101011110010
1000010111100000
1100000000111110
0010010101001100
0111001011110001
0111001110001100
0010100000111011
1100001000100011
1000010010010100
1001100111101100
1111001010110000
0101001101000101
0111110111111111
0101010001100101
1111010001100100
1001101101100000
1000010010100100
1100000011010000
0010010100101110
0111001011010010
0111001110000101
0010100000010110
1100000111100010
1000010101001111
1001100110010000
1111000101001011
0101001100000001
0111110101111110
0101010010110011
1111010001000101
1001101100101010
1000010101101000
1100000001000100
0010010111000111
0111001010101001
0111001100011111
0010100000101001
1100000111001011
1000010100111011
1001100110000001
1111000110110000
0101001001100101
0111110110110001
0101010100110011
1111010010100100
1001101100110000
1000010101011111
1100000010001101
0010010101011000
0111001100100001
0111001011110010
0010011111110111
1100000111000100
1000010100100000
1001100100011110
1111000110100011
0101001101000110
0111110110001101
0101010101111111
1111001110101001
1001101000111101
1000010000001110
1100000000111001
0010010110110010
0111000111110101
0111001101000110
0010011111111001
1100000110111100
1000010011001000
1001100110011101
1111001000010100
0101001110010010
0111110111000000
0101010011101011
1111001110000000
1001101100111100
1000010101000010
1100000000001111
0010010101011110
0111001000000111
0111001100111001
0010011100000000
1100000111110111
1000010100001100
1001100111001100
1111000101001101
0101010000010011
0111110111110111
0101010110000010
1111010000110011
1001101011001001
1000010000110000
1011111111011110
0010011001000000
0111000111100101
0111001100011111
0010100000101100
1100001010001111
1000010100000100
1001101000111110
1111001000000011
0101001110011111
0111110101111101
0101010010010001
1111010000011010
1001101100011101
1000010101010000
1100000001011011
0010011001101101
0111000111101111
0111001001111100
0010100000101011
1100000111111110
1000011000100111
1001101000100010
1111000010111010
0101001010110000
0111110110100001
0101010011101101
1111001110110111
1001101110101111
1000010000001011
1100000000100001
0010010111000010
0111001000100101
0111001110111011
0010011110101100
1100000110111000
1000010011101100
1001100110010101
1111001000001011
0101001111101111
0111110101100000
0101010101010110
1111010011000111
1001101011100001
1000010100000001
1100000001011001
0010010110101001
0111001010000011
0111001110101000
0010011111010011
1100001000011000
1000010100010111
1001100101001000
1111001000001100
0101001100100000
0111110111011111
0101010100111101
1111010001001010
1001101010000100
1000010011101000
1011111111110101
0010010111111100
0111001100100000
0111001101010111
0010100000101001
1100001010001001
1000010101001000
1001101000110101
1111000011111110
0101001011010011
0111111001010000
0101010001110000
1111001110000010
1001101010111000
1000010100011111
1011111101100110
0010010101011011
0111000111010000
0111001010100011
0010100001101010
1100001010001111
1000010001011100
1001100110001000
1111000111110101
0101001101001010
0111110111011100
0101010100100111
1111010000000100
1001101011000001
1000010000110110
1100000001100000
0010010110110011
0111001001110001
0111001011111101
0010100000100111
1100001000000000
1000010010111111
1001100111111100
1111000011111000
0101001011011111
0111110110000100
0101010111100111
1111001111000111
1001101100011101
1000010100000111
1100000001011101
0010010111111110
0111001000011001
0111001101010010
0010011100100000
1100000111110001
1000010011111001
1001100101111001
1111000110001010
0101001011110111
0111110111010010
0101010000100101
1111010000010000
1001101110100110
1000010010101001
1011111111100110
0010010111001001
0111001011100101
0111001110100111
0010011110011011
1100001000000010
1000010101010001
1001100101010100
1111000111110110
0101001101111010
0111110110101101
0101010101011010
1111001111111000
1001101101000001
1000010011000111
1100000010110101
0010010111110101
0111000110110101
0111001100000010
0010100001011110
1100001000111111
1000010100100000
1001100111101011
1111000101110010
0101001101001010
0111110101111000
0101010100011010
1111001110001110
1001101111011110
1000010010011101
1011111110111111
0010010011100110
0111000111111010
0111001100001011
0010011111000000
1100000110111111
1000010101100011
1001100101101001
1111000101110011
0101001110110100
0111110101111000
0101010110010010
1111010000011000
1001101010101101
1000010011000101
1011111111111010
0010010111000100
0111001001100110
0111001110100000
0010100001010101
1100000111101100
1000010101000001
1001100010110100
1111001001101011
0101001100010011
0111111000001000
0101010000110010
1111001110010100
1001101010111110
1000010110100100
1100000010101110
0010011010111111
0111000110011001
0111001101010001
0010011111010000
1100000111111101
1000010110011010
1001101000011011
1111000010001100
0101001110110011
0111110100011011
0101010000000110
1111010011011101
1001101100001010
1000010010101000
1100000010001011
0010011001101101
0111001100011101
0111001010100010
0010011110101001
1100000011111010
1000010011101000
1001100110010010
1111000110111110
0101001100010000
0111110010101010
0101010011001011
1111001101011011
1001101101000111
1000010101001111
1011111111111001
0010011010101110
0111001001111010
0111001100100110
0010011101000011
1100001011000011
1000010001101100
1001100101111111
1111001000101001
0101010001001110
0111111010010010
0101010100101000
1111010000111000
1001101100100001
1000010010010101
1100000010010011
0010010010111101
0111001011010110
0111001111000011
0010011110010110
1100001010011100
1000010101111011
1001100101000100
1111000110011001
0101001011100000
0111110101101011
0101010011010010
1111001111011100
1001101001010101
1000010110010011
1100000001101111
0010011001110101
0111001011100000
0111001110001010
0010100000101011
1100000111111100
1000010110000100
1001100110000100
1111000111101011
0101001011001111
0111110110111101
0101010011011101
1111001101111011
1001101011001001
1000010110000100
1100000001111100
0010010101111101
0111001000110011
0111001010101010
0010011111110011
1100001001010011
1000010101111110
1001101000000110
1111000111011011
0101001111110111
0111110111010011
0101010010111001
1111010000001110
1001101101010100
1000001111101010
1100000011001100
0010010110110000
0111001000000001
0111001110001110
0010011111101100
1100001010011111
1000010011010011
1001100101011001
1111000011110000
0101001110101010
0111111000011111
0101010011000011
1111001111000001
1001101110001001
1000010011000101
1100000010101010
0010010101011110
0111001100011111
0111001110010001
0010011111111011
1100001010010010
1000010110001100
1001100111100010
1111000110011010
0101001110011000
0111110011100111
0101010010010001
1111001100100000
1001101011111011
1000001110010001
1011111111111110
0010010101001101
0111001011011011
0111001101111001
0010011100110011
1100000101111111
1000010110110001
1001100110000011
1111000101000001
0101001100110111
0111110111101101
0101010010001101
1111010000011100
1001101001011000
1000010101000011
1011111111111100
0010011010010011
0111001001011101
0111001101010000
0010011111111100
1100001001011001
1000010010011111
1001100111101001
1111000110100110
0101001011101110
0111110101010010
0101010101011001
1111001111011110
1001101100001101
1000010011010100
1100000000110101
0010011010111010
0111000111011011
0111001110110110
0010100000111101
1100000111000010
1000010100001110
1001100111111101
1111000110111111
0101001011011111
0111110101101100
0101010101011001
1111001111111110
1001101101101111
1000010001010100
1100000001001110
0010011000010000
0111000110110111
0111001001010100
0010100000100110
1100000111011100
1000010101010001
1001101000100110
1111001000010110
0101001011010001
0111111000100001
0101010011110110
1111001110001001
1001101010101100
1000010000010100
1011111101111011
0010010111111011
0111001001011011
0111001111101011
0010100001011111
1100000110100000
1000010011111000
1001100100001001
1111000110100001
0101001100010001
0111110011010010
0101010001111100
1111001110111010
1001101011100001
1000010010011001
1011111110100110
0010010111000101
0111000111110011
0111001101001110
0010011110111100
1100001010011110
1000010100111101
1001100100110101
1111000101000110
0101001110011011
0111110111000010
0101010101001010
1111010001100001
1001101011101101
1000010001001101
1100000011000001
0010010100100100
0111001010110111
0111001110010000
0010011101101101
1100001010011110
1000010100010010
1001100111101011
1111000011110000
0101001100010001
0111111000010010
0101010010110010
1111001110101000
1001101101011001
1000010010011101
1011111111110010
0010010111010100
0111001001110001
0111001100000100
0010100011000011
1100001000000010
1000010101011101
1001101000110000
1111000100111101
0101001101110011
0111110110001110
0101010101111100
1111010010000100
1001101011110100
1000010100011100
1100000001010011
0010010111110100
0111001001010111
0111001100110110
0010011111101111
1100001000001111
1000010011000111
1001100100011000
1111001000001010
0101001100000111
0111111000101010
0101010011110100
1111001100101000
1001101111110011
1000010001110010
1100000001000011
0010010101110100
0111001001111101
0111010000110100
0010100011000110
1100000111110010
1000010100101111
1001100100110000
1111000111001101
0101001100010000
0111110110110001
0101010011011001
1111010001110100
1001101100100111
1000010011011100
1011111111101001
0010010111111101
0111001011011000
0111001110000011
0010100001001000
1100001000101110
1000010101111110
1001100110001110
1111000110101010
0101001110110100
0111111000000000
0101010011000111
1111001110010101
1001101010101010
1000010100100110
1100000001010010
0010010111100001
0111001000111101
0111001101011100
0010011110011100
1100000111000000
1000010001101001
1001100111100010
1111000111001001
0101001101101010
0111111000001000
0101010111100011
1111001111011100
1001101010011100
1000010011101100
1100000001101101
0010010110010000
0111001000101110
0111001001111101
0010011101101001
1100001010011001
1000010100101001
1001100110011001
1111000101111100
0101001101111100
0111110111101010
0101010100101110
1111001101111101
1001101111010010
1000010010010111
1011111110011010
0010010011001010
0111001000101000
0111001110011110
0010011110100011
1100001001101010
1000010100100001
1001100101110010
1111000110111101
0101001101101010
0111110100011011
0101001110110100
1111010000010001
1001101100110010
1000010100101010
1100000010011110
0010011001011000
0111001001111110
0111001100111111
0010100001000111
1100001011100001
1000010010011100
1001100101010001
1111001000000110
0101001010010011
0111111001011011
0101010101111111
1111001110100110
1001101000001100
1000010001001011
1100000001001010
0010010011100100
0111001101000001
0111010001011001
0010011100111000
1100001010010001
1000010110010101
1001101000100100
1111000111010001
0101001101011101
0111110110100110
0101010100100001
1111001110000010
1001101011001111
1000010001110101
1011111101001110
0010010101001101
0111001010011000
0111001101101010
0010011101101011
1100000111110100
1000010111100001
1001100101011101
1111001000001101
0101001110001001
0111110100100011
0101010001111001
1111001101001001
1001101010000101
1000010010100011
1100000000111011
0010010110001000
0111001001000001
0111010000001101
0010011111110000
1100000110111000
1000010001010011
1001100100101010
1111000101010010
0101001110110100
0111110110000110
0101010110011010
1111001110110100
1001101111110110
1000010011001000
1100000010000011
0010011010110011
0111001001010010
0111001100001111
0010011110100110
1100000110101110
1000010101010101
1001100110100001
1111000111110001
0101001111111111
0111110101111001
0101010100101101
1111010011110110
1001101001100110
1000010100001111
1011111111110011
0010011010010110
0111001000000110
0111001100100111
0010011111101100
1100001011010010
1000011000011111
1001100100100001
1111001000110110
0101001110110001
0111110101111100
0101010100010110
1111010010010011
1001101010000101
1000010100101100
1100000000010000
0010011001000011
0111001101000110
0111001101011110
0010011110000001
1100000111010111
1000010100010000
1001100100010110
1111001000000101
0101001101000001
0111110101010111
0101010100100111
1111001110110101
1001101111010011
1000010100001111
1100000001010011
0010010101111011
0111000111001001
0111001010101000
0010011111010111
1100001001000011
1000010101010000
1001101000101010
1111001001011000
0101001100101010
0111111000101101
0101011001010101
1111010000110101
1001101001111001
1000010010000010
1100000001001001
0010010101111010
0111001100010101
0111001010011000
0010011111111101
1100001001001011
1000010010111101
1001100101001010
1111000101101101
0101001111010000
0111110100110010
0101001111001111
1111010000001100
1001101101011011
1000010001111100
1100000001000010
0010010110011011
0111001000000011
0111001100110010
0010011110010011
1100001010101010
1000010010100100
1001100101001110
1111000101110011
0101001110000011
0111110110110000
0101010101000001
1111001101010110
1001101111010010
1000010100000010
1011111111000100
0010010101010001
0111001000101111
0111001101110010
0010011101010100
1100001000010001
1000010010001010
1001100011000011
1111000100110011
0101001110010111
0111110110001011
0101010001011111
1111010010101100
1001101000011111
1000010000111110
1011111110110000
0010010111001010
0111001001100011
0111001100110010
0010011110000010
1100001010010000
1000010110010000
1001100110011110
1111000110100101
0101001011110110
0111110111101010
0101010111001101
1111010000111011
1001101110000101
1000010100000000
1100000000110101
0010011000011001
0111000111100000
0111001100110010
0010011110001111
1100001010011111
1000010101001001
1001100011011101
1111000101110001
0101001111001110
0111110111110111
0101010010100010
1111010000011001
1001101011011111
1000010010000111
1100000000000000
0010011000011010
0111001101010010
0111010001010011
0010011110110101
1100000110001010
1000010101101001
1001100101101100
1111000101101100
0101001100001101
0111111000011011
0101010110000011
1111001110101010
1001101011100101
1000010001110010
1100000010100001
0010010110101111
0111000111111011
0111001011010100
0010011100011011
1100001000111011
1000010100111110
1001100111100100
1111000101001001
0101001101110001
0111110010110110
0101010001111011
1111001111010101
1001101100000010
1000010100110011
1011111101111010
0010010110011111
0111000110111100
0111001101111000
0010100010101110
1100001010101010
1000010110110100
1001100111000000
1111000101001100
0101001101101001
0111110110011111
0101010010011001
1111001101000011
1001101100011001
1000010001101011
1100000000010101
0010011001001001
0111001011000001
0111001110011100
0010011110100110
1100001011111110
1000010111000111
1001100110101000
1111001010010000
0101001101011110
0111111000111010
0101010010010010
1111001111100000
1001101100001110
1000010010011001
1011111111111001
0010010111001110
0111001011000101
0111001110001010
0010011111001010
1100000110000100
1000010010101100
1001100111110001
1111001000001101
0101001001010100
0111110111010100
0101001111101111
1111010001100011
1001101111110011
1000010101000001
1100000010110001
0010010100100011
0111001011011101
0111001111010001
0010011110101010
1100000100110100
1000010101100101
1001100100011101
1111001010110110
0101001110111100
0111110110110001
0101010110001101
1111010000100000
1001101101001100
1000010010001111
1100000010100101
0010011001010110
0111001010111110
0111001110000101
0010011110001000
1100001001101010
1000010111111011
1001100110110111
1111000111011100
0101001101100000
0111111000001011
0101010101000111
1111001111011001
1001101101110010
1000010010111001
1100000000100110
0010011011100100
0111001001001010
0111001101011011
0010011101110101
1100000111111010
1000010101111001
1001100111000101
1111000101010001
0101001101101100
0111111011011101
0101010010111110
1111001111111001
1001101101100111
1000010010000110
1100000001101001
0010010100110101
0111001010010100
0111001101001111
0010011110101111
1100001000011111
1000010101010110
1001100101100000
1111000100110110
0101001011001111
0111110101100110
0101010101001110
1111010101000100
1001101001001000
1000010001100011
1011111101111110
0010011010011000
0111001010000100
0111001110101110
0010011011101000
1100000101010101
1000010110000000
1001100000001101
1111000110101111
0101001101011001
0111110111111000
0101010011111100
1111010000100000
1001101011011111
1000010011111000
1100000011010000
0010011001010001
0111001000010101
0111001100101111
0010011111100111
1100001000010011
1000010011001100
1001100111111110
1111001001000111
0101001101000101
0111111000000111
0101010001101111
1111001111011000
1001101011111101
1000010001110101
1100000000101101
0010010111010010
0111000111111000
0111001110000001
0010011101011000
1100001001100000
1000010100000011
1001100010110110
1111000101001111
0101001100011011
0111110110001000
0101010011101110
1111001110111111
1001101100000101
1000010100001001
1011111101010001
0010011000111110
0111001000110001
0111001110101011
0010011101100100
1100000111010001
1000010101100001
1001100111011111
1111000100110001
0101001110011010
0111110101110000
0101010111001000
1111001110111101
1001101010000111
1000010000011000
1100000001100001
0010010100011010
0111001001111001
0111001101011111
0010011111000110
1100000101011001
1000010001001111
1001101001101100
1111000110111010
0101001011010011
0111110111010001
0101010010110010
1111001111111011
1001101001100110
1000010100000110
1100000001111000
0010011001010000
0111001001101011
0111001010011110
0010011100101100
1100001000010000
1000010010101001
1001100100110101
1111001001100011
0101001010101111
0111110111010011
0101010001001001
1111010001011000
1001101011011000
1000010011100101
1011111101110000
0010011001001100
0111001100010111
0111001010110101
0010011110111101
1100001010101000
1000010100111100
1001100110101111
1111000110111110
0101001110000001
0111110101000101
0101010101000001
1111001111111110
1001101011100111
1000010010111101
1011111111101101
0010010110000111
0111001000011110
0111001110000000
0010011111000000
1100001011000110
1000010110110111
1001100111000010
1111000001010100
0101001111100011
0111110011101110
0101010011110100
1111001111001110
1001101001111011
1000010101111011
1100000010100100
0010010111111111
0111001001001110
0111001100000100
0010100001100011
1100000111100110
1000010101010001
1001101001011100
1111000011011111
0101001101100110
0111111000001111
0101010011111001
1111001111100111
1001101001100001
1000001110111010
1100000010000110
0010010011010001
0111001010110001
0111001110101000
0010011111010111
1100000111101010
1000010101001011
1001100101011011
1111000100111111
0101001111101011
0111110101001000
0101010001000011
1111010010000011
1001101011110111
1000010000101100
1011111110110100
0010011001101010
0111001011100011
0111001101011010
0010011111000100
1100000110101111
1000010010100101
1001100011110010
1111000011110010
0101001010001001
0111111001111010
0101010110101001
1111010010000110
1001101100000010
1000010011111000
1100000010001001
0010010110101111
0111001001001010
0111001010100110
0010011101010010
1100000111100000
1000010111101111
1001100110111110
1111001000000111
0101001010111000
0111110110101010
0101010101110101
1111010001000111
1001101010011110
1000010001000001
1100000010100000
0010011001101100
0111001010001110
0111001111000001
0010011111011101
1100000110000110
1000010011011000
1001100101010011
1111000110111111
0101001100010101
0111110111110100
0101010100000010
1111010001100100
1001101001001010
1000010001101101
1100000001100000
0010011001000110
0111001010101101
0111001110101110
0010100100010011
1100000111101011
1000010100111100
1001100011110100
1111000101011011
0101001111011001
0111110110000100
0101010010101001
1111001101111100
1001101100101101
1000010100000101
1100000010011110
0010010101100000
0111001000010011
0111001101100011
0010011110100101
1100001100001111
1000011000000111
1001101000000000
1111000111100100
0101010001010100
0111110000111000
0101010100001100
1111001111000101
1001100110110011
1000010100101110
1100000001101101
0010011000001100
0111001001001010
0111001011000100
0010100100010110
1100001010000011
1000010111010100
1001100010110000
1111000110111000
0101001110001011
0111110110000111
0101010010100000
1111010000101001
1001101011111101
1000010100110010
1011111110111101
0010010110100101
0111001010000000
0111001101001100
0010011100010001
1100001000010100
1000001110111011
1001100111010001
1111001001100000
0101010000001110
0111111000000010
0101010111000000
1111010000100000
1001101101010111
1000001111100001
1100000000001011
0010011000111110
0111001011001101
0111001010010001
0010100010001010
1100001000010110
1000010100001011
1001100101010010
1111000100110000
0101001100111001
0111110111100101
0101011000000101
1111010001010100
1001101100010010
1000010101000111
1011111110111110
0010010111100011
0111001001110000
0111001011101100
0010011011001111
1100000100000011
1000010011010010
1001100100101001
1111000110110011
0101001010111001
0111110101110000
0101010101000110
1111010010100110
1001101100101110
1000010011000010
1011111101110000
0010010110010110
0111000110010101
0111001100111111
0010011110000110
1100000100110001
1000010100011011
1001100010011010
1111001010001111
0101001100101010
0111111001010000
0101010100100101
1111010000001111
1001101110011011
1000010100010010
1100000010111011
0010010110011111
0111001000011000
0111001100001110
0010011101111001
1100001010010101
1000010111110011
1001100111000001
1111000110111111
0101001111101101
0111110111110000
0101010100001101
1111010010010101
1001101010110010
1000001110110000
1100000000110011
0010010110101101
0111001001101100
0111001101100010
0010011110010111
1100001001000000
1000010110000101
1001101000010001
1111000111101111
0101001101000111
0111110101010101
0101010010100110
1111010000110011
1001101011110100
1000010001110100
1100000100111000
0010010111101011
0111001010010101
0111001011100000
0010011111111101
1100000110111001
1000010111000000
1001100101111111
1111000111001101
0101001101111101
0111110101000101
0101010011011110
1111001111011110
1001101000110101
1000010010011000
1011111111110011
0010011010101110
0111000111100111
0111001110101010
0010011100100111
1100000111110000
1000010011100100
1001100110111011
1111001000000010
0101001100101101
0111110101100000
0101010100101011
1111010000011111
1001101011001011
1000010100011101
1100000011111111
0010011000101111
0111001000111110
0111001101000101
0010011101001110
1100000111010111
1000010100010110
1001101000000010
1111000110100010
0101001110110000
0111110101001100
0101010110110110
1111010000011110
1001101011111010
1000010000101011
1100000010000011
0010011000100010
0111000111101111
0111001100010010
0010011111111011
1100001000001010
1000010100111100
1001100110110101
1111001001011001
0101001101101000
0111110111101101
0101010100010101
1111001110110111
1001101010111111
1000010110000001
1100000010111000
0010010110100111
0111000110110011
0111001001010000
0010011110111010
1100000110010111
1000010100110100
1001100110111011
1111001000111110
0101001011101100
0111110110100011
0101010011010101
1111010000010001
1001101001110111
1000010011011010
1011111111101001
0010011000110000
0111001000011011
0111001011010000
0010011111001110
1100001001100101
1000010011011011
1001100110000010
1111000110100111
0101001111010110
0111111001001000
0101010110101011
1111010000001110
1001101001001110
1000010001110100
1100000001010100
0010010111010010
0111001000011100
0111001101111010
0010100000010100
1100001010110101
1000010110000100
1001101001101111
1111000101111000
0101001011010110
0111110010010110
0101010101101110
1111010000111011
1001101011011011
1000010001001011
1011111111110111
0010010100100111
0111001001111011
0111001001100100
0010100001000111
1100001000000010
1000010110010111
1001100111000000
1111000110000010
0101001011001100
0111110111000000
0101010100000000
1111010001010001
1001101101000000
1000010011101000
1100000100100011
0010010110100111
0111001010010011
0111001011100011
0010011111101111
1100000111001101
1000010101000011
1001100101010000
1111001000111111
0101001100000101
0111111011011100
0101010001000110
1111001101011010
1001101100111101
1000010101100101
1100000000000010
0010010111000111
0111000111110101
0111001111001011
0010011101101001
1100001010110101
1000010000100111
1001100100011101
1111000101111000
0101001100110110
0111111000110111
0101010100011111
1111010000000000
1001101010111000
1000010100111110
1100000000100001
0010011000111011
0111001111010100
0111001010111101
0010011110101110
1100000111101011
1000011001011100
1001100110011011
1111000110111100
0101001100001010
0111110101110100
0101010011001111
1111001100101110
1001101011000100
1000010010000100
1100000010011110
0010011000011101
0111001101011011
0111001110100011
0010011100011001
1100000101111000
1000010101111000
1001100101000011
1111000100100001
0101001011011001
0111110110011101
0101010100000110
1111010100001011
1001101101000110
1000010011011011
1011111110111011
0010010110100010
0111001000010011
0111001111100110
0010100000110110
1100001000111110
1000010011110110
1001101000010010
1111000111101110
0101001110000001
0111110100011101
0101010011101011
1111010000001110
1001101011011010
1000010011111110
1100000001001001
0010010101111110
0111000111101000
0111001111100110
0010011101111011
1100001100001000
1000010011101111
1001100101010000
1111001000010111
0101001101110111
0111111010110011
0101010001101001
1111001110011100
1001101100011000
1000010110101011
1011111110101110
0010010101110100
0111000111001001
0111001110010001
0010011111011100
1100001000011011
1000010100111011
1001100101100110
1111001000111011
0101001100010100
0111110100100110
0101010101000001
1111001111100010
1001101101110101
1000010101101011
1100000000001010
0010010101100011
0111001001000111
0111001101001101
0010011111010010
1100001100100000
1000010010011110
1001100100100111
1111000110111111
0101001101111101
0111111001011101
0101010110100011
1111010000010010
1001101101011001
1000010001010101
1011111111100111
0010010111100011
0111001101010111
0111001110001001
0010011111000100
1100001010011101
1000010110000001
1001100101100111
1111001000111000
0101001011000011
0111110111111010
0101010101110111
1111001110110101
1001101011100101
1000010011111101
1100000100100010
0010010110011100
0111001000111011
0111001101101011
0010100000011110
1100001010100010
1000011000010101
1001100110100011
1111000011111010
0101001110011100
0111110110010101
0101010011001001
1111010001000100
1001101010100110
1000010010110101
1011111110001010
0010010110011000
0111001011001100
0111010001101100
0010100000111011
1100001010010101
1000010101010111
1001101000110001
1111001000010100
0101001111110100
0111110111000101
0101010101001110
1111001111001011
1001101101001111
1000001111111110
1100000001110000
0010010110011111
0111001001000101
0111001100111000
0010100000001111
1100001001000100
1000010101111000
1001100110110001
1111000110110011
0101001110011011
0111111001000111
0101010101001100
1111010001110011
1001101010001100
1000010000010111
1100000000100010
0010010111011010
0111001010001111
0111010000111010
0010011111000001
1100000110110001
1000010011001000
1001100101010110
1111000101001011
0101001011101010
0111111010000010
0101010110011101
1111001111001011
1001101100001000
1000010001101011
1100000000111001
0010011010011000
0111000111000011
0111001101010111
0010100000111001
1100001000101000
1000010010111100
1001100110010111
1111000111011001
0101001011001100
0111111010110101
0101010110100111
1111010001100111
1001101010100010
1000011000000000
1100000000011001
0010010111001000
0111001010010111
0111001110100001
0010011110101111
1100000111101001
1000010100101111
1001100110000111
1111000111010011
0101001001011101
0111110111010010
0101010101000110
1111010010001010
1001101001100011
1000010011010100
1011111101001000
0010010111000111
0111001011011011
0111001111101011
0010011110101111
1100000101100110
1000010100110011
1001100111101000
1111000100011010
0101001100100110
0111111011000101
0101010011001010
1111001110001100
1001101010110000
1000010100011011
1100000001100101
0010010111001111
0111000101111001
0111001101011010
0010011101010111
1100000111111110
1000010001111011
1001100110010000
1111000101111110
0101001110000010
0111110110111010
0101010100011010
1111010001100100
1001101101101100
1000010011111010
1100000100000011
0010011000011011
0111001011001000
0111001110010000
0010011110000111
1100001001110011
1000010101011100
1001100101100010
1111000100010011
0101001001100110
0111110101011011
0101010100101101
1111001111111010
1001101011001000
1000010000111001
1011111111000001
0010010110101001
0111000111000010
0111001100000111
0010100000101011
1100001000001011
1000010111000101
1001100101011101
1111001000101010
0101000111111111
0111111010001100
0101010101101000
1111010001001011
1001101011101101
1000010011001110
1011111110110011
0010010111011010
0111001000111111
0111001100110101
0010011011011110
1100000111000010
1000010110110110
1001100110011101
1111000111110011
0101001001110111
0111110111101110
0101010111011110
1111001110111100
1001101100101111
1000001110011001
1011111101011100
0010011001101110
0111001010111101
0111010000001110
0010100000000011
1100001001100010
1000010101010000
1001101001000001
1111001000010111
0101001110100101
0111110110111111
0101010011000111
1111010000001110
1001101011111100
1000010010110011
1011111111000011
0010010110010111
0111001000000110
0111001011101000
0010100001000001
1100001000000000
1000010110110011
1001101000010001
1111000111000010
0101001100001000
0111110110100101
0101010100100100
1111010001001111
1001101010101111
1000010001100001
1100000001011100
0010010101111100
0111001001000011
0111001101100110
0010011110110100
1100000111110110
1000010110111100
1001100100111001
1111000111000000
0101001101110101
0111110111000100
0101010101000110
1111010001010100
1001101001001010
1000001111010011
1100000000011000
0010010110100000
0111001000101011
0111001110100101
0010011111001010
1100001010001110
1000010001111111
1001100011000010
1111001000000110
0101001101101110
0111110110011000
0101010011011101
1111001101010110
1001101000100001
1000010001101011
1100000011011100
0010011000001000
0111001001111101
0111001010111000
0010011111011100
1100000110101110
1000010001011011
1001100011010011
1111000110011111
0101001010110100
0111110110101101
0101010000111101
1111001110101011
1001101100000101
1000010001110010
1100000100010000
0010010101110010
0111001000100110
0111001011001100
0010100000011101
1100001010111101
1000010110010111
1001100101111100
1111000111110010
0101001101100010
0111110110001111
0101010010111110
1111010010001000
1001101010001101
1000010010110111
1100000001001011
0010010110001000
0111001001011101
0111001101100100
0010011110110100
1100001011110001
1000010110111100
1001100110111001
1111001000011010
0101001001000010
0111110100110110
0101010010111000
1111010001110000
1001101100101010
1000010100000011
1100000011111101
0010011000011001
0111001011101110
0111001010101011
0010011110010001
1100000111110011
1000010111001111
1001100110111101
1111000110111111
0101001010101001
0111111000001011
0101010001010110
1111001111110001
1001101101010101
1000010110110011
1011111111110101
0010010110001011
0111001010001010
0111001111011110
0010100010101110
1100000111110010
1000010110000111
1001100011101000
1111001000010101
0101010000100111
0111111010010000
0101010010111111
1111010010011011
1001101011101101
1000010100010000
1011111101001001
0010010101000010
0111001001110011
0111001111001001
0010011111000011
1100001001111010
1000010111000111
1001100111101100
1111000110101100
0101001101110110
0111110111110110
0101010100101110
1111010010001111
1001101010100010
1000010010010110
1100000001100111
0010010101000100
0111000111011001
0111001100101011
0010011111111000
1100001011010000
1000010111110110
1001100111010100
1111000110101011
0101010000011110
0111110110011011
0101010100111101
1111001110111010
1001101101001001
1000010100011011
1011111110110000
0010010110011101
0111001000001011
0111001100101110
0010011100000001
1100000111100001
1000010110000110
1001100101000101
1111000101011010
0101001011100000
0111111000010010
0101010101001101
1111001111101001
1001101101111011
1000010111001011
1100000000010011
0010010011100111
0111000111111001
0111010000000110
0010100001000000
1100000111111010
1000010101110010
1001101000001110
1111000101010111
0101001100010111
0111110100111101
0101010000010100
1111010001111001
1001101100000100
1000010100111000
1011111111110101
0010011001011011
0111001001011001
0111001110110101
0010011101111001
1100001001101001
1000010011000100
1001100110111011
1111000111100101
0101001110101100
0111110100011001
0101010101001001
1111001111111111
1001101100100001
1000010010010110
1100000010110011
0010011000110011
0111001011110010
0111001110101010
0010011110111010
1100001001111010
1000010110011010
1001100110101111
1111001010101011
0101010000011101
0111111001111101
0101010101011101
1111001110111011
1001101100010110
1000010001011011
1100000000011010
0010010111010101
0111001011001001
0111001010011110
0010100010110010
1100000111111101
1000010101001100
1001100101111001
1111001001011111
0101001100110101
0111110111011100
0101010010001001
1111001111011110
1001101100101001
1000010011111110
1011111111100010
0010011001011010
0111001010011010
0111001100100010
0010011111101110
1100001000111000
1000010010110011
1001100101000111
1111001000000111
0101010000011100
0111110100101001
0101010000110101
1111010000111011
1001101100101110
1000010100010110
1100000011000111
0010011000101110
0111001001101011
0111010000100110
0010011110110100
1100000111000100
1000010100010000
1001100011111000
1111000111010111
0101001100110011
0111110100110010
0101010010101110
1111010010010010
1001101110000011
1000010000001011
1100000010000111
0010010111011110
0111001011100011
0111001110111010
0010100001010001
1100001000111000
1000010100011000
1001100110100100
1111000010111010
0101001011001100
0111110111101011
0101010110111110
1111010000010110
1001101010011010
1000010100011101
1100000100001111
0010011000101001
0111000111010100
0111001011001011
0010100000101011
1100001100110011
1000011000100100
1001101010100101
1111000100011010
0101001101111110
0111110110111111
0101010100100000
1111010010010000
1001101100001101
1000010001101100
1100000010101001
0010010111001011
0111001001110011
0111010000100111
0010011111111010
1100000110010101
1000010101101001
1001100110011001
1111000100011111
0101001100000101
0111110111011111
0101010100010110
1111010010110101
1001101100101000
1000010010001100
1100000001100010
0010011010100100
0111000011110110
0111001100100110
0010011110100011
1100000111010011
1000010110011100
1001101010011101
1111001000011010
0101001011110011
0111110100010000
0101010010100000
1111001101000011
1001101111011000
1000010010000000
1011111111010001
0010010101011001
0111001001101101
0111001011101100
0010100000101101
1100001000000110
1000010010011011
1001100110111001
1111000101010010
0101001110110100
0111110111100011
0101010010110100
1111001111011011
1001101011010001
1000001111011101
1100000000111111
0010010101000011
0111001001000111
0111010000000111
0010100001101011
1100001010101001
1000010000101101
1001101000100010
1111001000000101
0101001100101000
0111110100111111
0101010011111000
1111010000100011
1001101110100011
1000010100011110
1100000011100001
0010010110100000
0111001000111100
0111001010100101
0010011111100010
1100001011001111
1000011000000010
1001100100011001
1111000110000101
0101001010101001
0111110110111101
0101010011110010
1111010011001011
1001101011111011
1000010011000110
1100000010010111
0010010101100011
0111001011010000
0111001111111100
0010100001011101
1100000110111000
1000010100101001
1001101010010101
1111001010000110
0101001011001001
0111110111101111
0101010011101100
1111010010011100
1001101010010000
1000001111101110
1011111101010111
0010010100010110
0111001001001111
0111001100101101
0010100000111000
1100000111110010
1000010010100000
1001100110111000
1111000110000000
0101001001111111
0111110101000100
0101010111011011
1111010000001111
1001101111100000
1000010010110000
1100000100001111
0010010101111111
0111001001001010
0111001101010010
0010011111011110
1100001001000011
1000010100011010
1001100101010001
1111000100110110
0101001010111000
0111110101100101
0101010100011010
1111010001110010
1001101110000001
1000010001111010
1011111111111100
0010010111001010
0111001001010111
0111010000001000
0010100011110101
1100001001010011
1000010110011110
1001100101000101
1111000111111000
0101001101000011
0111110111101101
0101010101011000
1111001111011000
1001101011110101
1000010101100011
1100000001100101
0010010111000010
0111001010010100
0111001001100111
0010011110100100
1100000111001011
1000010110011000
1001101010001001
1111000110010001
0101001110000000
0111110111001110
0101010110100100
1111010000011001
1001101101100101
1000010100010101
1100000001010100
0010011011000110
0111001010011010
0111001101110001
0010011111000101
1100001000110000
1000010101010011
1001100100101000
1111001000101001
0101010000010010
0111111000101001
0101010011000010
1111001111110011
1001101100110110
1000010010111101
1100000001000010
0010011000110000
0111001001110000
0111001010001010
0010011111111111
1100001010010000
1000010101001110
1001100010110000
1111001000001110
0101001011101011
0111110111001001
0101010011010110
1111010001110000
1001101101111101
1000010101010010
1100000011110111
0010011001000000
0111001101001011
0111001101010001
0010100001111010
1100000111111001
1000010110011111
1001100100111111
1111000100110100
0101001100111110
0111110111010110
0101010100100011
1111010001111010
1001101010011110
1000010001010011
1011111111011010
0010010111010110
0111000101011010
0111001100001101
0010100000101110
1100001010100001
1000011000101011
1001100100010010
1111001000101010
0101001110101000
0111110101000110
0101010010001101
1111010000000010
1001101101010001
1000010100101100
1100000000111011
0010010110100001
0111001011010011
0111001110011000
0010011101111110
1100000110011000
1000010100110011
1001100110001111
1111000110001011
0101001101110111
0111110110100001
0101010011100010
1111001111101000
1001101101000000
1000010010100111
1011111110111111
0010010101000110
0111001110000100
0111001101011110
0010100001001100
1100001000110001
1000010011111010
1001100101000011
1111000111111100
0101001101010110
0111110110100111
0101010010110101
1111001110100000
1001101100011111
1000010000001000
1100000000111101
0010011000000101
0111001010111001
0111001110000100
0010100000111011
1100001000101111
1000010011111000
1001100110001010
1111000110110011
0101001101101100
0111111000110010
0101010110001010
1111001110011111
1001101111110110
1000010010100010
1100000010101110
0010010101011011
0111001011101011
0111001010101001
0010100010000010
1100000111100101
1000010110100101
1001100110100011
1111000111101110
0101001010010110
0111110111110100
0101010110011001
1111010011001101
1001101101111010
1000010011100001
1100000010011011
0010010100100100
0111001001100001
0111001100010001
0010011100100100
1100000101011101
1000010101110101
1001100101000110
1111000110000111
0101001100010000
0111110111011111
0101010101100101
1111001110111010
1001101100101111
1000010011100001
1100000010101001
0010010111010001
0111001011000011
0111001110100000
0010100010011011
1100001010001011
1000010110101101
1001100101100110
1111000101101101
0101001100110111
0111110110111000
0101010100111010
1111010000100100
1001101011011010
1000010011001000
1011111111001110
0010010111111111
0111000110000100
0111001011001111
0010011110010000
1100001010100111
1000010101010010
1001100100011110
1111000110011000
0101001011101000
0111111000001101
0101010110001110
1111010000100110
1001101011001000
1000010100000101
1100000001010011
0010011010100110
0111001000111110
0111001110010101
0010100001110010
1100001000011001
1000010011110100
1001100101001000
1111000111011010
0101001100001011
0111110111100011
0101010101100101
1111010000111110
1001101101010011
1000010010011011
1100000000100010
0010011001001100
0111001111000101
0111001101011111
0010100000000101
1100001001101111
1000010100011111
1001100010010110
1111000101011100
0101001101011100
0111111001110111
0101010100111101
1111001101111111
1001101100110111
1000010010000001
1011111111111001
0010010101011010
0111000110101100
0111001110100010
0010100010001110
1100001010100000
1000010100010001
1001100111110011
1111000100101110
0101001101000100
0111110110111111
0101010100010001
1111010001110100
1001101010110111
1000010011111110
1011111111111111
0010010110101011
0111000111100001
0111001111000111
0010100001000100
1100000110011001
1000010101110010
1001100111001110
1111000110101010
0101001110110110
0111111000001010
0101010101000011
1111010001000101
1001101010001000
1000010010110100
1100000000001010
0010010111110010
0111001100011100
0111001101111101
0010100001100101
1100001010111110
1000010100100000
1001101010010000
1111000100110001
0101001100101011
0111110111001111
0101010100001100
1111010000100111
1001101110000001
1000010011111111
1100000011101001
0010010100101001
0111001010100101
0111001110111001
0010011101111110
1100001011101111
1000010101001110
1001100111001001
1111000111011010
0101001000001110
0111110110011100
0101010101001001
1111001110011011
1001101010000000
1000010001111101
1011111110100001
0010011000100101
0111001001101000
0111001101000000
0010011101101011
1100001001011101
1000010100001100
1001100111001000
1111001000000001
0101001110011001
0111110110110001
0101010000010001
1111001100011010
1001100111111110
1000010000101111
1100000011010010
0010011001010111
0111001001111000
0111001011010100
0010100011101110
1100001001010011
1000010011010010
1001100111001101
1111000111010111
0101001100011001
0111111000010100
0101010011110111
1111010000111000
1001101110100010
1000010001101111
1011111111110101
0010010110000111
0111001000111100
0111001110011000
0010011100010010
1100001010010100
1000010111011001
1001100101010001
1111000111010101
0101010000111101
0111111001010000
0101010011011110
1111001110110001
1001101100101000
1000010010010001
1011111111001010
0010011001010101
0111001001110001
0111001010110011
0010100001101001
1100001011000000
1000010100000110
1001100110100101
1111000101100010
0101001011011101
0111111001110111
0101010111100101
1111010001100110
1001101010100110
1000010100000010
1100000001000111
0010010111110010
0111000101111100
0111001110001111
0010011100101000
1100000110111001
1000010110110100
1001100111100000
1111000110111110
0101001101101010
0111110100110000
0101010110000100
1111010000100110
1001101011010110
1000010110000101
1011111111111011
0010011011010000
0111001010101011
0111010000011100
0010011101110110
1100001000100110
1000010010000111
1001100101110100
1111000101111110
0101001111000011
0111110110001000
0101010011011100
1111001110011101
1001101100001001
1000010001001110
1011111111010000
0010010100111010
0111001000111001
0111001110010100
0010011111110101
1100000111001001
1000010010110001
1001100111001010
1111000011110101
0101001100010111
0111110110010111
0101010101100100
1111010001110111
1001100110000100
1000010010010001
1011111111010101
0010010110011010
0111001001011010
0111010000110000
0010100010101011
1100001010000100
1000010100010101
1001100101011100
1111000100001001
0101001100011001
0111110110111100
0101010100110011
1111001111111010
1001101010011111
1000010011101001
1100000000111110
0010010111101111
0111001010001110
0111001101011010
0010011111001000
1100001000011101
1000010011010101
1001100111010001
1111001101110001
0101001111010010
0111110101100010
0101010101001010
1111001110010001
1001101100110011
1000010001111100
1100000001111011
0010010111110001
0111001010110011
0111001111000111
0010011110001011
1100000111000001
1000010011010001
1001100111100000
1111000110011101
0101001010000100
0111110011001110
0101010101100000
1111001111000101
1001101011000010
1000010011000110
1100000010000000
0010011001111101
0111001000110100
0111001001111111
0010100011001011
1100000110111111
1000010101110000
1001100100011100
1111000011011000
0101001100010011
0111110111001001
0101010011101101
1111001100101000
1001101011100100
1000010011001110
1011111110111001
0010011001010111
0111001001010111
0111001111010110
0010011110001000
1100001000101110
1000010011110110
1001101000111101
1111000011100001
0101001010011111
0111110101110001
0101010101001110
1111010000101010
1001101110000100
1000010100000101
1100000001101101
0010011000010010
0111001101000111
0111001101100010
0010011100010110
1100001001000101
1000010110110001
1001100011100011
1111000101001100
0101001101111111
0111110111011010
0101010000010111
1111001110011110
1001101011000011
1000010010111111
1011111110111010
0010011000001011
0111001011101011
0111001100110001
0010011110000010
1100000111000111
1000010011100100
1001100100101010
1111000011100100
0101001101110010
0111110111011010
0101010100101110
1111001100010100
1001101100011011
1000010000100100
1100000000011010
0010010101110111
0111001001111100
0111010000000111
0010100010110011
1100001000001111
1000010000010011
1001100110000100
1111000101100100
0101001111101111
0111111000011110
0101010100111000
1111010000011010
1001101111011011
1000010001111000
1100000000001111
0010011001000100
0111001001100101
0111001001110010
0010011110001110
1100001001011011
1000010010011111
1001100111000111
1111000110110110
0101001101000101
0111110100110010
0101010101111100
1111010011000101
1001101011111111
1000010010110010
1100000100101110
0010010110110001
0111001011110011
0111001110010000
0010011110110100
1100001001100001
1000010010100001
1001100100111011
1111000011110011
0101001101010110
0111110010011010
0101010011100100
1111001110001010
1001101101111111
1000010101011001
1011111010100010
0010011001001000
0111001011110010
0111001110111001
0010011111000111
1100000111010010
1000010010011111
1001100011101111
1111000101010100
0101001101100101
0111111000110011
0101010010101001
1111001111101110
1001101100000010
1000010011011010
1011111111010010
0010010101111001
0111000111100001
0111010000001010
0010011110001011
1100000111101000
1000010011110011
1001100101001110
1111000110110111
0101010000100100
0111111000000010
0101010110100011
1111010010110000
1001101010001111
1000010100000111
1100000010011000
0010010110001110
0111001000001110
0111010000000011
0010011110110010
1100001010110100
1000010100111000
1001100100010110
1111000110001010
0101001101001100
0111110111001111
0101010110110101
1111001111111001
1001100111011101
1000010100100101
1011111111101110
0010011100001010
0111001000011000
0111001101000001
0010100000101111
1100000111111110
1000010101111010
1001100110111110
1111000110111100
0101001001110000
0111110011011010
0101010100011110
1111010001111110
1001101100001110
1000010110011101
1011111111111101
0010010111100001
0111000110101101
0111001100010011
0010011110100100
1100001001011011
1000010101110110
1001100110110001
1111000011111010
0101001100010011
0111111001000010
0101010010011001
1111010010010100
1001101100000000
1000010100110001
1100000000011000
0010011011011000
0111001010101110
0111001001110011
0010100000111011
1100001100000010
1000010101110100
1001100110101000
1111000110101110
0101001110111001
0111111010111110
0101010101010011
1111010010100011
1001101011111110
1000010001010010
1100000001111111
0010011001100100
0111001010011100
0111001110110100
0010100000000111
1100000111100111
1000010101101100
1001100110110000
1111000111000001
0101001100000100
0111110110011000
0101010001010011
1111010000101000
1001101001100111
1000010001001100
1011111110011111
0010010111010111
0111001101101110
0111010000011011
0010100000111011
1100001000000111
1000010110010110
1001100100010011
1111000100101011
0101010000011011
0111111001001011
0101010100001110
1111010000100110
1001101100111101
1000010000010100
1100000000001011
0010010110100100
0111001011100111
0111001100000010
0010011101110100
1100001001011111
1000010100000111
1001101000000011
1111000111011010
0101001011101100
0111110101111001
0101001111001000
1111010000111101
1001101011011001
1000010010000011
1100000011011111
0010010110111001
0111001010100100
0111001100101100
0010011100110111
1100000110000011
1000010110101011
1001101001101001
1111001010000111
0101001110001111
0111110111100111
0101010010010011
1111010001001001
1001101011101110
1000010011011011
1100000100011110
0010011000110000
0111001000111000
0111001010010010
0010100000011110
1100000111010001
1000010101101110
1001100110001001
1111000111000110
0101001001101111
0111111001000100
0101010011100110
1111010010001011
1001101100100011
1000010011111110
1011111011100000
0010010101100100
0111001010111000
0111001100001100
0010100000110000
1100000110100100
1000010100000110
1001101001010010
1111000110100101
0101001011011000
0111111001001110
0101010100000001
1111001111000110
1001101010011010
1000010011111001
1011111101101010
0010011000011010
0111001010001011
0111001110010000
0010100010111010
1100001011010100
1000010100110110
1001100110001101
1111001000101000
0101001001011100
0111110101001010
0101010101000000
1111010001010111
1001101110101110
1000010000110100
1011111111010010
0010011001110000
0111001000011010
0111001101011010
0010011101111010
1100000110001100
1000010011011110
1001100010100010
1111001010111100
0101001001100011
0111111000110010
0101010001110100
1111001111111001
1001101100001110
1000010010010011
1100000001111011
0010011001111110
0111001011001101
0111001101010100
0010011111001110
1100001010101011
1000010011111111
1001100110111111
1111000111101100
0101001100100001
0111111010110000
0101010100100001
1111010001000010
1001101110000101
1000010000011111
1100000000011010
0010010111000100
0111001011011001
0111001110000100
0010011111100010
1100000110110010
1000010011011110
1001100111100011
1111000101100110
0101001100001001
0111110111111100
0101010100011001
1111010001000000
1001101100110111
1000010010000101
1100000000001111
0010010111011111
0111000111101010
0111001011111010
0010011111010101
1100001001001100
1000010110110001
1001100111100100
1111000110100000
0101001011100101
0111110101010001
0101010101001001
1111001101101010
1001101101100010
1000010100010110
1011111110010101
0010010100111101
0111001010001101
0111001100000111
0010011100010101
1100000101111000
1000010011111100
1001100111000110
1111001000001101
0101001100100100
0111110110011000
0101010100111011
1111001110010010
1001101010000110
1000010010100100
1100000001000010
0010010100101101
0111000111111001
0111001110100100
0010100000000010
1100001000011000
1000010101111101
1001100100001100
1111001001110010
0101001010000111
0111110110101111
0101010100011100
1111010000011011
1001101011111010
1000010100000111
1100000010000100
0010010100010111
0111001000011100
0111001110110111
0010100001001000
1100001000010100
1000010101011011
1001100111111011
1111000110111001
0101010001001010
0111110111111011
0101010010101010
1111001111101101
1001101010110110
1000010011100000
1100000101011010
0010011000011111
0111001001001001
0111010001101000
0010011111010001
1100000111100101
1000010011111001
1001100110011011
1111000101111000
0101001000011110
0111111010001101
0101010011110111
1111010001111111
1001110000000111
1000010011101101
1100000100100110
0010010011001101
0111001001011101
0111001101110110
0010011101000101
1100000100100000
1000010100011100
1001100101100101
1111000110001011
0101001110010000
0111111001110000
0101010011110100
1111010001100101
1001101101110000
1000010010010111
1100000001000000
0010011001101100
0111001000101100
0111001110000110
0010100000011101
1100001001100001
1000010100001111
1001100011111100
1111000110101111
0101010000001001
0111111001101000
0101010001110001
1111010000000100
1001101001001011
1000010110011000
1100000001000001
0010010101111101
0111000111010110
0111001110000100
0010100000101011
1100001000011110
1000010110010011
1001100111011011
1111001000011001
0101001011101101
0111111000100000
0101010011011110
1111001111100000
1001101100110011
1000010101110000
1100000000011111
0010010101111101
0111001000100000
0111001100000011
0010100010001100
1100001000110000
1000010101110010
1001100101100101
1111000110000101
0101001011101101
0111110111011100
0101010001001111
1111010001011101
1001101100000001
1000010011100101
1011111111101100
0010010111010011
0111001001001010
0111001101011001
0010011101000001
1100001000110000
1000010011001101
1001100011001001
1111000111000110
0101001100111001
0111110111100111
0101010001001110
1111001111000111
1001101110110011
1000010001101010
1100000001010101
0010011001001001
0111001010111010
0111001011000101
0010011110100111
1100001001000000
1000010101001011
1001100110010110
1111000110111111
0101001101111101
0111110111101011
0101010101011110
1111010001011011
1001101100011001
1000010101100100
1100000001110111
0010010111110001
0111001000001101
0111001111000001
0010100001011010
1100001011100100
1000010011111101
1001101000111010
1111001000000111
0101001101011111
0111110011111011
0101010011100010
1111001101000101
1001101001111110
1000010011111101
1100000001010001
0010010111110001
0111001010111100
0111001011101110
0010011111101011
1100001001111111
1000010010010001
1001101000001000
1111000110011101
0101001110101001
0111111001101100
0101010100010100
1111010001001000
1001101110100111
1000010001011001
1100000010010100
0010010110001101
0111001001101001
0111001111010111
0010011110111111
1100001000110001
1000010111001110
1001101000001001
1111001000000110
0101001101111100
0111110111010010
0101010100110100
1111010011001101
1001101110000100
1000010011101101
1100000010000111
0010011001101001
0111001010101100
0111001110100001
0010011111101110
1100001001010101
1000010110001101
1001100110011100
1111000101011011
0101001101001010
0111110011101111
0101010101010100
1111001111001100
1001101110001110
1000010010111100
1100000001100101
0010010101001010
0111001001100011
0111010000000010
0010100000000010
1100001001110100
1000010100111111
1001100100001001
1111000011110001
0101001100101100
0111110101011101
0101010101000001
1111001101010011
1001101010010101
1000010001100101
1100000000010100
0010010111100011
0111001001111111
0111001101000000
0010011101111101
1100001011101110
1000010100111000
1001100101101000
1111001011011000
0101001101111010
0111110111011010
0101010010001011
1111001101011000
1001101010000110
1000010100101101
1100000001001010
0010010110001100
0111001010110011
0111001100100100
0010100011100100
1100001000011010
1000010100110001
1001100101100000
1111001011011101
0101001110111100
0111110101111000
0101010010010100
1111001110110110
1001101001000011
1000010100110100
1011111101000100
0010010100010111
0111001001110100
0111001001100100
0010011111001111
1100000110011101
1000010111010100
1001101001001000
1111000111101101
0101001101110110
0111110100111011
0101011000001011
1111001111101110
1001101000010111
1000010010011111
1011111111010101
0010010101010100
0111000110110110
0111001011111000
0010100100010011
1100001010001111
1000010100111110
1001100101101111
1111000110111100
0101001100101010
0111110110101010
0101010101100100
1111010000100110
1001101100110110
1000010001010010
1100000010001100
0010010111000001
0111000111001011
0111001011110011
0010011101111011
1100000111000110
1000010011111010
1001100101000010
1111000110110111
0101001101011110
0111111001000101
0101010010001010
1111010010011011
1001101010000010
1000010001101000
1100000000100010
0010011010101010
0111001010111010
0111001011011101
0010100000101100
1100001001010101
1000010011011010
1001100110100110
1111001000100011
0101001011110010
0111110110110100
0101010100111101
1111001111000011
1001101001111000
1000010101001100
1100000010111101
0010010111010100
0111001001110111
0111001010000000
0010100000110100
1100000110110001
1000010101110111
1001100110010000
1111000111100110
0101001111010000
0111110111110010
0101010101000101
1111010001010000
1001101001110000
1000010111000101
1011111111001111
0010010111001101
0111001100111000
0111001001100010
0010011110001011
1100000111101101
1000010110010111
1001100111001100
1111000011000110
0101010000010000
0111111001000000
0101010110111101
1111010001100010
1001101101100010
1000010100001010
1100000000111000
0010010010111001
0111000111100100
0111001011101001
0010011111101110
1100000101101010
1000010101000000
1001100111101100
1111000100101000
0101001011110000
0111110001101101
0101010011110100
1111001110100001
1001101111001101
1000010101110110
1011111111100101
0010010101101010
0111001010001000
0111001111001011
0010011100001111
1100001100100010
1000010101010100
1001101000011100
1111000101000111
0101001111110000
0111110111111011
0101010010011101
1111001110110011
1001101100010011
1000010011101101
1100000010011111
0010010111011101
0111001100000111
0111001110100110
0010100000110111
1100000111111111
1000010111101100
1001100100111111
1111000100101110
0101001101000110
0111111000010010
0101010011001010
1111010000001110
1001101101001111
1000010100001000
1100000000111000
0010010110101011
0111001011100111
0111001101111000
0010100001010111
1100000111010010
1000010101111100
1001101000001100
1111000101100100
0101001011001011
0111110111000011
0101010011101101
1111001101000100
1001101111001010
1000010010011011
1100000000100100
0010010011011110
0111001010001101
0111001011010010
0010100010010001
1100001000001100
1000010100111001
1001100110111111
1111000111001001
0101001100100110
0111110111111001
0101010001011001
1111001111011001
1001101001110111
1000010010011100
1011111111101111
0010010111110100
0111000111110111
0111001101000101
0010100010101101
1100001101101110
1000010101000011
1001100111100010
1111001000010011
0101001101001111
0111111000110000
0101011000110111
1111010000011110
1001101010101001
1000010011111011
1100000000011000
0010011000011001
0111001100101110
0111001101111011
0010100000110000
1100000111101101
1000010010101010
1001100101010101
1111001001011001
0101000110111001
0111111010101100
0101010010110101
1111001101111000
1001101100100001
1000010011101001
1100000000001111
0010011000001011
0111001000011110
0111001011101011
0010100000110010
1100001011010110
1000010101110011
1001101000011100
1111000110000010
0101001111111101
0111110110001110
0101010010101100
1111001011111001
1001101110101110
1000010001011010
1011111100101101
0010010111100101
0111001001100110
0111001110010001
0010100010110110
1100001011001100
1000011001110001
1001100101010000
1111000101110111
0101001101110101
0111110111011000
0101010100100100
1111010001011101
1001101101000000
1000010100010010
1100000001101001
0010010101110011
0111001100010010
0111010000001101
0010100011001111
1100001011000011
1000010110011101
1001100100000011
1111000110001010
0101001101001000
0111111000000111
0101010111000111
1111001111101010
1001101001111100
1000010001010100
1100000000000110
0010010110000011
0111001000111111
0111001100001001
0010011110010011
1100001000100011
1000010010010000
1001100110110010
1111000101010110
0101001101010000
0111110111010010
0101010010101011
1111001111101101
1001100111011011
1000010001101000
1011111111001010
0010010101111011
0111001100000111
0111001101011010
0010011110110100
1100000111001010
1000010101011100
1001100111101111
1111001000011001
0101001011101011
0111110101011001
0101010001011101
1111001100111111
1001101001001000
1000010011011010
1011111111101100
0010010110010000
0111000110010011
0111001011001011
0010011110101010
1100001001001011
1000010010110111
1001100111110111
1111000110011010
0101001011100001
0111110111000010
0101010100010100
1111010001100010
1001101001000101
1000010011111110
1011111110101001
0010011001010100
0111001100011010
0111001101001101
0010100000101100
1100001001111110
1000010010010000
1001100110111100
1111001000100101
0101001100011000
0111110100011110
0101010001100100
1111010000101100
1001101101010101
1000010001110011
1011111111010001
0010011001001001
0111001010101001
0111001011010111
0010100001011011
1100001001011110
1000010011100010
1001100101001100
1111000111001111
0101001110111111
0111110100000110
0101010100100100
1111001101101010
1001101010111011
1000010001011001
1011111110011010
0010010101110110
0111001100110110
0111001010111101
0010100010000001
1100001000110011
1000010011011011
1001100110100011
1111000110001000
0101001101010110
0111110111110010
0101010010001111
1111001111001111
1001101010101100
1000010011110111
1100000000101001
0010011000100111
0111001010011101
0111001100110111
0010011111000111
1100001001000010
1000010010111100
1001100110001011
1111001000001011
0101001110001001
0111110101011001
0101010010000110
1111010010010111
1001101100001111
1000010010101011
1100000000000000
0010011010111010
0111000111111100
0111001100000011
0010011110111001
1100000110111000
1000010101111011
1001101000110011
1111001001100110
0101001101010010
0111110111100000
0101010010110010
1111010001110101
1001101001000011
1000010100001111
1100000010001111
0010010101111000
0111001000001001
0111001100101100
0010011110011110
1100001000111011
1000010101010001
1001101001011110
1111000101001111
0101001100010001
0111111001100000
0101010011110110
1111010000000001
1001101100100000
1000001111001111
1011111111111101
0010010111010101
0111001000101101
0111001101000110
0010011110100100
1100001001110111
1000010101101010
1001100101011101
1111001000101100
0101001101101010
0111110101110111
0101010000101100
1111001100101111
1001101011101111
1000010010101010
1100000010010110
0010011000101010
0111001001110100
0111001100110010
0010011110111001
1100000100111100
1000010001110100
1001100011101111
1111000101010110
0101001110101011
0111111001101010
0101010100101010
1111010001000110
1001101100110110
1000010101110111
1100000000010011
0010011000101101
0111001001110100
0111001110101000
0010011100000100
1100001001000100
1000010100111000
1001100011111100
1111001000010011
0101001101011000
0111110100010100
0101010011011110
1111001101100000
1001101100111101
1000010000111001
1100000011001000
0010011001110111
0111001001111100
0111001101000010
0010011110111100
1100001001110000
1000010110100100
1001100101010100
1111000100001001
0101010000001001
0111110111101101
0101010110010010
1111001110100001
1001101001001001
1000010011101011
1011111101111100
0010011000011001
0111001000010110
0111001010101110
0010100001011101
1100001001100001
1000010011000110
1001100110100110
1111000111001010
0101001101010011
0111110011101011
0101010010011011
1111001100110010
1001101101111011
1000010011000011
1100000000100001
0010010101011011
0111001101100111
0111001100100010
0010011101111001
1100001000100000
1000010011101101
1001100110000001
1111000100001011
0101001111010110
0111111010011001
0101010101000111
1111010010011010
1001101101001100
1000010000101100
1100000000111010
0010011000111001
0111001001000111
0111001100011000
0010011101100001
1100000110110000
1000010110100001
1001100101100100
1111000111011111
0101001011010000
0111110101101100
0101010001101100
1111010001101111
1001101000011011
1000010101000001
1100000000100000
0010010010111011
0111001001100011
0111001101001000
0010100000001110
1100001001100011
1000010001111011
1001100111000111
1111001000001000
0101010001000011
0111111000000000
0101010011011000
1111010000001001
1001101100010001
1000010010001101
1100000001100001
0010010110101011
0111001000111010
0111001101000001
0010100001000011
1100001001111100
1000011000000011
1001100110011001
1111000101011000
0101001110011110
0111110111111111
0101010000110011
1111001111001000
1001101011010010
1000010000100011
1100000010111100
0010011001111101
0111001001111100
0111001110011011
0010100000101001
1100001001000111
1000010111101010
1001100111110100
1111000111000001
0101001000011111
0111110100001100
0101010001101010
1111010000101001
1001101100000001
1000010010001011
1100000010001110
0010011000011010
0111001001011000
0111001100110010
0010011110101100
1100000111110110
1000010011010100
1001100110000111
1111000101000100
0101001101111110
0111111000011101
0101010101000001
1111001111100111
1001101100010101
1000010010101111
1011111110101010
0010011000000010
0111000111011000
0111001101101100
0010011110000100
1100001000111101
1000010110101000
