0000000000000000
1111101110110110
0111111111111111
0111111111111111
1010100100010111
1000000000000000
0111111111111111
0111111111111111
1000000000000000
1000000000000000
0111111111111111
0111111111111111
1000000000000000
1000000000000000
0111111111111111
0111111111111111
1000000000000000
1001011011011000
0111111111111111
1010100010001000
1000000000000000
0111111111111111
0111111111111111
1000000000000000
1000000000000000
0111111111111111
0111111111111111
1000000000000000
1000000000000000
0111111111111111
0111111111111111
1000000000000000
1001011110100010
0111111111111111
1010100001101110
1000000000000000
0111111111111111
0111111111111111
1000000000000000
1000000000000000
0111111111111111
0111111111111111
1000000000000000
1000000000000000
0111111111111111
0111111111111111
1000000000000000
1001100000101101
0111111111111111
1010100010110010
1000000000000000
0111111111111111
0111111111111111
1000000000000000
1000000000000000
0111111111111111
0111111111111111
1000000000000000
1000000000000000
0111111111111111
0111111111111111
1000000000000000
1001011110101001
0111111111111111
1010100011011110
1000000000000000
0111111111111111
0111111111111111
1000000000000000
1000000000000000
0111111111111111
0111111111111111
1000000000000000
1000000000000000
0111111111111111
0111111111111111
1000000000000000
1001100000110111
0111111111111111
1010011111001110
1000000000000000
0111111111111111
0111111111111111
1000000000000000
1000000000000000
0111111111111111
0111111111111111
1000000000000000
1000000000000000
0111111111111111
0111111111111111
1000000000000000
1001011010110100
0111111111111111
1010100000110101
1000000000000000
0111111111111111
0111111111111111
1000000000000000
1000000000000000
0111111111111111
0111111111111111
1000000000000000
1000000000000000
0111111111111111
0111111111111111
1000000000000000
1001100010101010
0111111111111111
1010100001001100
1000000000000000
0111111111111111
0111111111111111
1000000000000000
1000000000000000
0111111111111111
0111111111111111
1000000000000000
1000000000000000
0111111111111111
0111111111111111
1000000000000000
1001100000000010
0111111111111111
1010011111111100
1000000000000000
0111111111111111
0111111111111111
1000000000000000
1000000000000000
0111111111111111
0111111111111111
1000000000000000
1000000000000000
0111111111111111
0111111111111111
1000000000000000
1001011111111110
0111111111111111
1010011101111111
1000000000000000
0111111111111111
0111111111111111
1000000000000000
1000000000000000
0111111111111111
0111111111111111
1000000000000000
1000000000000000
0111111111111111
0111111111111111
1000000000000000
1001011111110110
0111111111111111
1010100101010000
1000000000000000
0111111111111111
0111111111111111
1000000000000000
1000000000000000
0111111111111111
0111111111111111
1000000000000000
1000000000000000
0111111111111111
0111111111111111
1000000000000000
1001100101100111
0111111111111111
1010100101110100
1000000000000000
0111111111111111
0111111111111111
1000000000000000
1000000000000000
0111111111111111
0111111111111111
1000000000000000
1000000000000000
0111111111111111
0111111111111111
1000000000000000
1001100000110011
0111111111111111
1010011110010101
1000000000000000
0111111111111111
0111111111111111
1000000000000000
1000000000000000
0111111111111111
0111111111111111
1000000000000000
1000000000000000
0111111111111111
0111111111111111
1000000000000000
1001010111100011
0111111111111111
1010011100011101
1000000000000000
0111111111111111
0111111111111111
1000000000000000
1000000000000000
0111111111111111
0111111111111111
1000000000000000
1000000000000000
0111111111111111
0111111111111111
1000000000000000
1001011111000101
0111111111111111
1010011110001101
1000000000000000
0111111111111111
0111111111111111
1000000000000000
1000000000000000
0111111111111111
0111111111111111
1000000000000000
1000000000000000
0111111111111111
0111111111111111
1000000000000000
1001011101111001
0111111111111111
1010011100010011
1000000000000000
0111111111111111
0111111111111111
1000000000000000
1000000000000000
0111111111111111
0111111111111111
1000000000000000
1000000000000000
0111111111111111
0111111111111111
1000000000000000
1001100001000001
0111111111111111
1010100010001111
1000000000000000
0111111111111111
0111111111111111
1000000000000000
1000000000000000
0111111111111111
0111111111111111
1000000000000000
1000000000000000
0111111111111111
0111111111111111
1000000000000000
1001011101001100
0111111111111111
1010011111101110
1000000000000000
0111111111111111
0111111111111111
1000000000000000
1000000000000000
0111111111111111
0111111111111111
1000000000000000
1000000000000000
0111111111111111
0111111111111111
1000000000000000
1001011101011001
0111111111111111
1010011101001101
1000000000000000
0111111111111111
0111111111111111
1000000000000000
1000000000000000
0111111111111111
0111111111111111
1000000000000000
1000000000000000
0111111111111111
0111111111111111
1000000000000000
1001011111011100
0111111111111111
1010100000001111
1000000000000000
0111111111111111
0111111111111111
1000000000000000
1000000000000000
0111111111111111
0111111111111111
1000000000000000
1000000000000000
0111111111111111
0111111111111111
1000000000000000
1001100001000001
0111111111111111
1010100010011110
1000000000000000
0111111111111111
0111111111111111
1000000000000000
1000000000000000
0111111111111111
0111111111111111
1000000000000000
1000000000000000
0111111111111111
0111111111111111
1000000000000000
1001100010000001
0111111111111111
1010100001111011
1000000000000000
0111111111111111
0111111111111111
1000000000000000
1000000000000000
0111111111111111
0111111111111111
1000000000000000
1000000000000000
0111111111111111
0111111111111111
1000000000000000
1001011101100010
0111111111111111
1010011110011100
1000000000000000
0111111111111111
0111111111111111
1000000000000000
1000000000000000
0111111111111111
0111111111111111
1000000000000000
1000000000000000
0111111111111111
0111111111111111
1000000000000000
1001011101001101
0111111111111111
1010100000100011
1000000000000000
0111111111111111
0111111111111111
1000000000000000
1000000000000000
0111111111111111
0111111111111111
1000000000000000
1000000000000000
0111111111111111
0111111111111111
1000000000000000
1001011100111010
0111111111111111
1010011100111101
1000000000000000
0111111111111111
0111111111111111
1000000000000000
1000000000000000
0111111111111111
0111111111111111
1000000000000000
1000000000000000
0111111111111111
0111111111111111
1000000000000000
1001011110001110
0111111111111111
1010100001000101
1000000000000000
0111111111111111
0111111111111111
1000000000000000
1000000000000000
0111111111111111
0111111111111111
1000000000000000
1000000000000000
0111111111111111
0111111111111111
1000000000000000
1001100001010000
0111111111111111
1010011110101011
1000000000000000
0111111111111111
0111111111111111
1000000000000000
1000000000000000
0111111111111111
0111111111111111
1000000000000000
1000000000000000
0111111111111111
0111111111111111
1000000000000000
1001100001011111
0111111111111111
1010100011001000
1000000000000000
0111111111111111
0111111111111111
1000000000000000
1000000000000000
0111111111111111
0111111111111111
1000000000000000
1000000000000000
0111111111111111
0111111111111111
1000000000000000
1001011100011010
0111111111111111
1010011010000011
1000000000000000
0111111111111111
0111111111111111
1000000000000000
1000000000000000
0111111111111111
0111111111111111
1000000000000000
1000000000000000
0111111111111111
0111111111111111
1000000000000000
1001011110100001
0111111111111111
1010100000011010
1000000000000000
0111111111111111
0111111111111111
1000000000000000
1000000000000000
0111111111111111
0111111111111111
1000000000000000
1000000000000000
0111111111111111
0111111111111111
1000000000000000
1001100001001000
0111111111111111
1010011111011010
1000000000000000
0111111111111111
0111111111111111
1000000000000000
1000000000000000
0111111111111111
0111111111111111
1000000000000000
1000000000000000
0111111111111111
0111111111111111
1000000000000000
1001100001101001
0111111111111111
1010100010111111
1000000000000000
0111111111111111
0111111111111111
1000000000000000
1000000000000000
0111111111111111
0111111111111111
1000000000000000
1000000000000000
0111111111111111
0111111111111111
1000000000000000
1001100011101001
0111111111111111
1010100001111111
1000000000000000
0111111111111111
0111111111111111
1000000000000000
1000000000000000
0111111111111111
0111111111111111
1000000000000000
1000000000000000
0111111111111111
0111111111111111
1000000000000000
1001011101111001
0111111111111111
1010100010010111
1000000000000000
0111111111111111
0111111111111111
1000000000000000
1000000000000000
0111111111111111
0111111111111111
1000000000000000
1000000000000000
0111111111111111
0111111111111111
1000000000000000
1001100000000111
0111111111111111
1010011101011101
1000000000000000
0111111111111111
0111111111111111
1000000000000000
1000000000000000
0111111111111111
0111111111111111
1000000000000000
1000000000000000
0111111111111111
0111111111111111
1000000000000000
1001100000011010
0111111111111111
1010100001001000
1000000000000000
0111111111111111
0111111111111111
1000000000000000
1000000000000000
0111111111111111
0111111111111111
1000000000000000
1000000000000000
0111111111111111
0111111111111111
1000000000000000
1001011111010100
0111111111111111
1010100001010101
1000000000000000
0111111111111111
0111111111111111
1000000000000000
1000000000000000
0111111111111111
0111111111111111
1000000000000000
1000000000000000
0111111111111111
0111111111111111
1000000000000000
1001011110000100
0111111111111111
1010011110011110
1000000000000000
0111111111111111
0111111111111111
1000000000000000
1000000000000000
0111111111111111
0111111111111111
1000000000000000
1000000000000000
0111111111111111
0111111111111111
1000000000000000
1001011101101000
0111111111111111
1010100001111010
1000000000000000
0111111111111111
0111111111111111
1000000000000000
1000000000000000
0111111111111111
0111111111111111
1000000000000000
1000000000000000
0111111111111111
0111111111111111
1000000000000000
1001100001110110
0111111111111111
1010100100111101
1000000000000000
0111111111111111
0111111111111111
1000000000000000
1000000000000000
0111111111111111
0111111111111111
1000000000000000
1000000000000000
0111111111111111
0111111111111111
1000000000000000
1001011110110101
0111111111111111
1010011111101010
1000000000000000
0111111111111111
0111111111111111
1000000000000000
1000000000000000
0111111111111111
0111111111111111
1000000000000000
1000000000000000
0111111111111111
0111111111111111
1000000000000000
1001011111001011
0111111111111111
1010100000000100
1000000000000000
0111111111111111
0111111111111111
1000000000000000
1000000000000000
0111111111111111
0111111111111111
1000000000000000
1000000000000000
0111111111111111
0111111111111111
1000000000000000
1001100011001101
0111111111111111
1010100000101000
1000000000000000
0111111111111111
0111111111111111
1000000000000000
1000000000000000
0111111111111111
0111111111111111
1000000000000000
1000000000000000
0111111111111111
0111111111111111
1000000000000000
1001011111110010
0111111111111111
1010100001111010
1000000000000000
0111111111111111
0111111111111111
1000000000000000
1000000000000000
0111111111111111
0111111111111111
1000000000000000
1000000000000000
0111111111111111
0111111111111111
1000000000000000
1001100011100011
0111111111111111
1010100000101001
1000000000000000
0111111111111111
0111111111111111
1000000000000000
1000000000000000
0111111111111111
0111111111111111
1000000000000000
1000000000000000
0111111111111111
0111111111111111
1000000000000000
1001011111010110
0111111111111111
1010011100101101
1000000000000000
0111111111111111
0111111111111111
1000000000000000
1000000000000000
0111111111111111
0111111111111111
1000000000000000
1000000000000000
0111111111111111
0111111111111111
1000000000000000
1001011111101010
0111111111111111
1010100001101100
1000000000000000
0111111111111111
0111111111111111
1000000000000000
1000000000000000
0111111111111111
0111111111111111
1000000000000000
1000000000000000
0111111111111111
0111111111111111
1000000000000000
1001100000010101
0111111111111111
1010100010011110
1000000000000000
0111111111111111
0111111111111111
1000000000000000
1000000000000000
0111111111111111
0111111111111111
1000000000000000
1000000000000000
0111111111111111
0111111111111111
1000000000000000
1001100000000110
0111111111111111
1010011101110100
1000000000000000
0111111111111111
0111111111111111
1000000000000000
1000000000000000
0111111111111111
0111111111111111
1000000000000000
1000000000000000
0111111111111111
0111111111111111
1000000000000000
1001011100110001
0111111111111111
1010011110101010
1000000000000000
0111111111111111
0111111111111111
1000000000000000
1000000000000000
0111111111111111
0111111111111111
1000000000000000
1000000000000000
0111111111111111
0111111111111111
1000000000000000
1001011101101001
0111111111111111
1010100000110111
1000000000000000
0111111111111111
0111111111111111
1000000000000000
1000000000000000
0111111111111111
0111111111111111
1000000000000000
1000000000000000
0111111111111111
0111111111111111
1000000000000000
1001011011111111
0111111111111111
1010100100100111
1000000000000000
0111111111111111
0111111111111111
1000000000000000
1000000000000000
0111111111111111
0111111111111111
1000000000000000
1000000000000000
0111111111111111
0111111111111111
1000000000000000
1001100001101010
0111111111111111
1010011110001000
1000000000000000
0111111111111111
0111111111111111
1000000000000000
1000000000000000
0111111111111111
0111111111111111
1000000000000000
1000000000000000
0111111111111111
0111111111111111
1000000000000000
1001011101100100
0111111111111111
1010100000011000
1000000000000000
0111111111111111
0111111111111111
1000000000000000
1000000000000000
0111111111111111
0111111111111111
1000000000000000
1000000000000000
0111111111111111
0111111111111111
1000000000000000
1001011110110011
0111111111111111
1010011110101110
1000000000000000
0111111111111111
0111111111111111
1000000000000000
1000000000000000
0111111111111111
0111111111111111
1000000000000000
1000000000000000
0111111111111111
0111111111111111
1000000000000000
1001011100110000
0111111111111111
1010011010100011
1000000000000000
0111111111111111
0111111111111111
1000000000000000
1000000000000000
0111111111111111
0111111111111111
1000000000000000
1000000000000000
0111111111111111
0111111111111111
1000000000000000
1001011101001100
0111111111111111
1010100001111010
1000000000000000
0111111111111111
0111111111111111
1000000000000000
1000000000000000
0111111111111111
0111111111111111
1000000000000000
1000000000000000
0111111111111111
0111111111111111
1000000000000000
1001011111010111
0111111111111111
1010100110101100
1000000000000000
0111111111111111
0111111111111111
1000000000000000
1000000000000000
0111111111111111
0111111111111111
1000000000000000
1000000000000000
0111111111111111
0111111111111111
1000000000000000
1001100001011001
0111111111111111
1010100011101001
1000000000000000
0111111111111111
0111111111111111
1000000000000000
1000000000000000
0111111111111111
0111111111111111
1000000000000000
1000000000000000
0111111111111111
0111111111111111
1000000000000000
1001011011011001
0111111111111111
1010100001001000
1000000000000000
0111111111111111
0111111111111111
1000000000000000
1000000000000000
0111111111111111
0111111111111111
1000000000000000
1000000000000000
0111111111111111
0111111111111111
1000000000000000
1001100001000100
0111111111111111
1010100001110000
1000000000000000
0111111111111111
0111111111111111
1000000000000000
1000000000000000
0111111111111111
0111111111111111
1000000000000000
1000000000000000
0111111111111111
0111111111111111
1000000000000000
1001011111111101
0111111111111111
1010100001010010
1000000000000000
0111111111111111
0111111111111111
1000000000000000
1000000000000000
0111111111111111
0111111111111111
1000000000000000
1000000000000000
0111111111111111
0111111111111111
1000000000000000
1001100011010010
0111111111111111
1010100100010011
1000000000000000
0111111111111111
0111111111111111
1000000000000000
1000000000000000
0111111111111111
0111111111111111
1000000000000000
1000000000000000
0111111111111111
0111111111111111
1000000000000000
1001011111100001
0111111111111111
1010100011001011
1000000000000000
0111111111111111
0111111111111111
1000000000000000
1000000000000000
0111111111111111
0111111111111111
1000000000000000
1000000000000000
0111111111111111
0111111111111111
1000000000000000
1001011110111101
0111111111111111
1010011111101000
1000000000000000
0111111111111111
0111111111111111
1000000000000000
1000000000000000
0111111111111111
0111111111111111
1000000000000000
1000000000000000
0111111111111111
0111111111111111
1000000000000000
1001100010111010
0111111111111111
1010100001100000
1000000000000000
0111111111111111
0111111111111111
1000000000000000
1000000000000000
0111111111111111
0111111111111111
1000000000000000
1000000000000000
0111111111111111
0111111111111111
1000000000000000
1001011111010110
0111111111111111
1010011101100001
1000000000000000
0111111111111111
0111111111111111
1000000000000000
1000000000000000
0111111111111111
0111111111111111
1000000000000000
1000000000000000
0111111111111111
0111111111111111
1000000000000000
1001011111110100
0111111111111111
1010011110001111
1000000000000000
0111111111111111
0111111111111111
1000000000000000
1000000000000000
0111111111111111
0111111111111111
1000000000000000
1000000000000000
0111111111111111
0111111111111111
1000000000000000
1001100001111111
0111111111111111
1010100101100111
1000000000000000
0111111111111111
0111111111111111
1000000000000000
1000000000000000
0111111111111111
0111111111111111
1000000000000000
1000000000000000
0111111111111111
0111111111111111
1000000000000000
1001011101000010
0111111111111111
1010011101100000
1000000000000000
0111111111111111
0111111111111111
1000000000000000
1000000000000000
0111111111111111
0111111111111111
1000000000000000
1000000000000000
0111111111111111
0111111111111111
1000000000000000
1001011100111100
0111111111111111
1010011110101010
1000000000000000
0111111111111111
0111111111111111
1000000000000000
1000000000000000
0111111111111111
0111111111111111
1000000000000000
1000000000000000
0111111111111111
0111111111111111
1000000000000000
1001011101111111
0111111111111111
1010011111101101
1000000000000000
0111111111111111
0111111111111111
1000000000000000
1000000000000000
0111111111111111
0111111111111111
1000000000000000
1000000000000000
0111111111111111
0111111111111111
1000000000000000
1001011101101101
0111111111111111
1010100000011101
1000000000000000
0111111111111111
0111111111111111
1000000000000000
1000000000000000
0111111111111111
0111111111111111
1000000000000000
1000000000000000
0111111111111111
0111111111111111
1000000000000000
1001010111110100
0111111111111111
1010011111001010
1000000000000000
0111111111111111
0111111111111111
1000000000000000
1000000000000000
0111111111111111
0111111111111111
1000000000000000
1000000000000000
0111111111111111
0111111111111111
1000000000000000
1001011110110010
0111111111111111
1010011110000000
1000000000000000
0111111111111111
0111111111111111
1000000000000000
1000000000000000
0111111111111111
0111111111111111
1000000000000000
1000000000000000
0111111111111111
0111111111111111
1000000000000000
1001011110111111
0111111111111111
1010100001000110
1000000000000000
0111111111111111
0111111111111111
1000000000000000
1000000000000000
0111111111111111
0111111111111111
1000000000000000
1000000000000000
0111111111111111
0111111111111111
1000000000000000
1001100010100111
0111111111111111
1010100011110000
1000000000000000
0111111111111111
0111111111111111
1000000000000000
1000000000000000
0111111111111111
0111111111111111
1000000000000000
1000000000000000
0111111111111111
0111111111111111
1000000000000000
1001011101101010
0111111111111111
1010100010100100
1000000000000000
0111111111111111
0111111111111111
1000000000000000
1000000000000000
0111111111111111
0111111111111111
1000000000000000
1000000000000000
0111111111111111
0111111111111111
1000000000000000
1001011101110110
0111111111111111
1010100101010100
1000000000000000
0111111111111111
0111111111111111
1000000000000000
1000000000000000
0111111111111111
0111111111111111
1000000000000000
1000000000000000
0111111111111111
0111111111111111
1000000000000000
1001100001001100
0111111111111111
1010100001110111
1000000000000000
0111111111111111
0111111111111111
1000000000000000
1000000000000000
0111111111111111
0111111111111111
1000000000000000
1000000000000000
0111111111111111
0111111111111111
1000000000000000
1001011101010101
0111111111111111
1010100111000101
1000000000000000
0111111111111111
0111111111111111
1000000000000000
1000000000000000
0111111111111111
0111111111111111
1000000000000000
1000000000000000
0111111111111111
0111111111111111
1000000000000000
1001100000101111
0111111111111111
1010100010000111
1000000000000000
0111111111111111
0111111111111111
1000000000000000
1000000000000000
0111111111111111
0111111111111111
1000000000000000
1000000000000000
0111111111111111
0111111111111111
1000000000000000
1001011001101010
0111111111111111
1010011100000010
1000000000000000
0111111111111111
0111111111111111
1000000000000000
1000000000000000
0111111111111111
0111111111111111
1000000000000000
1000000000000000
0111111111111111
0111111111111111
1000000000000000
1001011111000110
0111111111111111
1010100000110111
1000000000000000
0111111111111111
0111111111111111
1000000000000000
1000000000000000
0111111111111111
0111111111111111
1000000000000000
1000000000000000
0111111111111111
0111111111111111
1000000000000000
1001100001101010
0111111111111111
1010100100000000
1000000000000000
0111111111111111
0111111111111111
1000000000000000
1000000000000000
0111111111111111
0111111111111111
1000000000000000
1000000000000000
0111111111111111
0111111111111111
1000000000000000
1001011110100011
0111111111111111
1010100100010000
1000000000000000
0111111111111111
0111111111111111
1000000000000000
1000000000000000
0111111111111111
0111111111111111
1000000000000000
1000000000000000
0111111111111111
0111111111111111
1000000000000000
1001100010001100
0111111111111111
1010100010111100
1000000000000000
0111111111111111
0111111111111111
1000000000000000
1000000000000000
0111111111111111
0111111111111111
1000000000000000
1000000000000000
0111111111111111
0111111111111111
1000000000000000
1001100001100110
0111111111111111
1010011111100000
1000000000000000
0111111111111111
0111111111111111
1000000000000000
1000000000000000
0111111111111111
0111111111111111
1000000000000000
1000000000000000
0111111111111111
0111111111111111
1000000000000000
1001100000111011
0111111111111111
1010011101110110
1000000000000000
0111111111111111
0111111111111111
1000000000000000
1000000000000000
0111111111111111
0111111111111111
1000000000000000
1000000000000000
0111111111111111
0111111111111111
1000000000000000
1001011100101001
0111111111111111
1010011100111010
1000000000000000
0111111111111111
0111111111111111
1000000000000000
1000000000000000
0111111111111111
0111111111111111
1000000000000000
1000000000000000
0111111111111111
0111111111111111
1000000000000000
1001100000010011
0111111111111111
1010011110010011
1000000000000000
0111111111111111
0111111111111111
1000000000000000
1000000000000000
0111111111111111
0111111111111111
1000000000000000
1000000000000000
0111111111111111
0111111111111111
1000000000000000
1001011000111100
0111111111111111
1010100010101111
1000000000000000
0111111111111111
0111111111111111
1000000000000000
1000000000000000
0111111111111111
0111111111111111
1000000000000000
1000000000000000
0111111111111111
0111111111111111
1000000000000000
1001011011110111
0111111111111111
1010011110101110
1000000000000000
0111111111111111
0111111111111111
1000000000000000
1000000000000000
0111111111111111
0111111111111111
1000000000000000
1000000000000000
0111111111111111
0111111111111111
1000000000000000
1001011010100010
0111111111111111
1010011110100110
1000000000000000
0111111111111111
0111111111111111
1000000000000000
1000000000000000
0111111111111111
0111111111111111
1000000000000000
1000000000000000
0111111111111111
0111111111111111
1000000000000000
1001011110110101
0111111111111111
1010100001110100
1000000000000000
0111111111111111
0111111111111111
1000000000000000
1000000000000000
0111111111111111
0111111111111111
1000000000000000
1000000000000000
0111111111111111
0111111111111111
1000000000000000
1001011010110010
0111111111111111
1010100010011011
1000000000000000
0111111111111111
0111111111111111
1000000000000000
1000000000000000
0111111111111111
0111111111111111
1000000000000000
1000000000000000
0111111111111111
0111111111111111
1000000000000000
1001011101010100
0111111111111111
1010100111011010
1000000000000000
0111111111111111
0111111111111111
1000000000000000
1000000000000000
0111111111111111
0111111111111111
1000000000000000
1000000000000000
0111111111111111
0111111111111111
1000000000000000
1001011101100110
0111111111111111
1010100001000101
1000000000000000
0111111111111111
0111111111111111
1000000000000000
1000000000000000
0111111111111111
0111111111111111
1000000000000000
1000000000000000
0111111111111111
0111111111111111
1000000000000000
1001100011111100
0111111111111111
1010011111000000
1000000000000000
0111111111111111
0111111111111111
1000000000000000
1000000000000000
0111111111111111
0111111111111111
1000000000000000
1000000000000000
0111111111111111
0111111111111111
1000000000000000
1001100000000000
0111111111111111
1010100001011001
1000000000000000
0111111111111111
0111111111111111
1000000000000000
1000000000000000
0111111111111111
0111111111111111
1000000000000000
1000000000000000
0111111111111111
0111111111111111
1000000000000000
1001011111011101
0111111111111111
1010011111111101
1000000000000000
0111111111111111
0111111111111111
1000000000000000
1000000000000000
0111111111111111
0111111111111111
1000000000000000
1000000000000000
0111111111111111
0111111111111111
1000000000000000
1001100011011101
0111111111111111
1010011100101111
1000000000000000
0111111111111111
0111111111111111
1000000000000000
1000000000000000
0111111111111111
0111111111111111
1000000000000000
1000000000000000
0111111111111111
0111111111111111
1000000000000000
1001011010011110
0111111111111111
1010011101100101
1000000000000000
0111111111111111
0111111111111111
1000000000000000
1000000000000000
0111111111111111
0111111111111111
1000000000000000
1000000000000000
0111111111111111
0111111111111111
1000000000000000
1001011110110101
0111111111111111
1010011101110010
1000000000000000
0111111111111111
0111111111111111
1000000000000000
1000000000000000
0111111111111111
0111111111111111
1000000000000000
1000000000000000
0111111111111111
0111111111111111
1000000000000000
1001100001111000
0111111111111111
1010100000001000
1000000000000000
0111111111111111
0111111111111111
1000000000000000
1000000000000000
0111111111111111
0111111111111111
1000000000000000
1000000000000000
0111111111111111
0111111111111111
1000000000000000
1001011010111011
0111111111111111
1010100100100110
1000000000000000
0111111111111111
0111111111111111
1000000000000000
1000000000000000
0111111111111111
0111111111111111
1000000000000000
1000000000000000
0111111111111111
0111111111111111
1000000000000000
1001011101010001
0111111111111111
1010011110000001
1000000000000000
0111111111111111
0111111111111111
1000000000000000
1000000000000000
0111111111111111
0111111111111111
1000000000000000
1000000000000000
0111111111111111
0111111111111111
1000000000000000
1001100000000001
0111111111111111
1010011110011001
1000000000000000
0111111111111111
0111111111111111
1000000000000000
1000000000000000
0111111111111111
0111111111111111
1000000000000000
1000000000000000
0111111111111111
0111111111111111
1000000000000000
1001011110100011
0111111111111111
1010100001110110
1000000000000000
0111111111111111
0111111111111111
1000000000000000
1000000000000000
0111111111111111
0111111111111111
1000000000000000
1000000000000000
0111111111111111
0111111111111111
1000000000000000
1001100110111001
0111111111111111
1010100011010001
1000000000000000
0111111111111111
0111111111111111
1000000000000000
1000000000000000
0111111111111111
0111111111111111
1000000000000000
1000000000000000
0111111111111111
0111111111111111
1000000000000000
1001100100101000
0111111111111111
1010100001001000
1000000000000000
0111111111111111
0111111111111111
1000000000000000
1000000000000000
0111111111111111
0111111111111111
1000000000000000
1000000000000000
0111111111111111
0111111111111111
1000000000000000
1001011111111010
0111111111111111
1010100001111100
1000000000000000
0111111111111111
0111111111111111
1000000000000000
1000000000000000
0111111111111111
0111111111111111
1000000000000000
1000000000000000
0111111111111111
0111111111111111
1000000000000000
1001011000001001
0111111111111111
1010100010011011
1000000000000000
0111111111111111
0111111111111111
1000000000000000
1000000000000000
0111111111111111
0111111111111111
1000000000000000
1000000000000000
0111111111111111
0111111111111111
1000000000000000
1001011001001100
0111111111111111
1010100010111000
1000000000000000
0111111111111111
0111111111111111
1000000000000000
1000000000000000
0111111111111111
0111111111111111
1000000000000000
1000000000000000
0111111111111111
0111111111111111
1000000000000000
1001100001111111
0111111111111111
1010100001111001
1000000000000000
0111111111111111
0111111111111111
1000000000000000
1000000000000000
0111111111111111
0111111111111111
1000000000000000
1000000000000000
0111111111111111
0111111111111111
1000000000000000
1001011100010111
0111111111111111
1010100010100100
1000000000000000
0111111111111111
0111111111111111
1000000000000000
1000000000000000
0111111111111111
0111111111111111
1000000000000000
1000000000000000
0111111111111111
0111111111111111
1000000000000000
1001011111111100
0111111111111111
1010100000010010
1000000000000000
0111111111111111
0111111111111111
1000000000000000
1000000000000000
0111111111111111
0111111111111111
1000000000000000
1000000000000000
0111111111111111
0111111111111111
1000000000000000
1001011111010100
0111111111111111
1010100100000000
1000000000000000
0111111111111111
0111111111111111
1000000000000000
1000000000000000
0111111111111111
0111111111111111
1000000000000000
1000000000000000
0111111111111111
0111111111111111
1000000000000000
1001100001110011
0111111111111111
1010100001101010
1000000000000000
0111111111111111
0111111111111111
1000000000000000
1000000000000000
0111111111111111
0111111111111111
1000000000000000
1000000000000000
0111111111111111
0111111111111111
1000000000000000
1001011110000010
0111111111111111
1010100011010001
1000000000000000
0111111111111111
0111111111111111
1000000000000000
1000000000000000
0111111111111111
0111111111111111
1000000000000000
1000000000000000
0111111111111111
0111111111111111
1000000000000000
1001100100010000
0111111111111111
1010100100100000
1000000000000000
0111111111111111
0111111111111111
1000000000000000
1000000000000000
0111111111111111
0111111111111111
1000000000000000
1000000000000000
0111111111111111
0111111111111111
1000000000000000
1001011010101010
0111111111111111
1010011110011011
1000000000000000
0111111111111111
0111111111111111
1000000000000000
1000000000000000
0111111111111111
0111111111111111
1000000000000000
1000000000000000
0111111111111111
0111111111111111
1000000000000000
1001011110000111
0111111111111111
1010100010010010
1000000000000000
0111111111111111
0111111111111111
1000000000000000
1000000000000000
0111111111111111
0111111111111111
1000000000000000
1000000000000000
0111111111111111
0111111111111111
1000000000000000
1001011100100011
0111111111111111
1010011101100000
1000000000000000
0111111111111111
0111111111111111
1000000000000000
1000000000000000
0111111111111111
0111111111111111
1000000000000000
1000000000000000
0111111111111111
0111111111111111
1000000000000000
1001011011001101
0111111111111111
1010100000001000
1000000000000000
0111111111111111
0111111111111111
1000000000000000
1000000000000000
0111111111111111
0111111111111111
1000000000000000
1000000000000000
0111111111111111
0111111111111111
1000000000000000
1001011100111011
0111111111111111
1010100000001111
1000000000000000
0111111111111111
0111111111111111
1000000000000000
1000000000000000
0111111111111111
0111111111111111
1000000000000000
1000000000000000
0111111111111111
0111111111111111
1000000000000000
1001011111010101
0111111111111111
1010011111001001
1000000000000000
0111111111111111
0111111111111111
1000000000000000
1000000000000000
0111111111111111
0111111111111111
1000000000000000
1000000000000000
0111111111111111
0111111111111111
1000000000000000
1001011100110110
0111111111111111
1010100001110100
1000000000000000
0111111111111111
0111111111111111
1000000000000000
1000000000000000
0111111111111111
0111111111111111
1000000000000000
1000000000000000
0111111111111111
0111111111111111
1000000000000000
1001011111010000
0111111111111111
1010100010011000
1000000000000000
0111111111111111
0111111111111111
1000000000000000
1000000000000000
0111111111111111
0111111111111111
1000000000000000
1000000000000000
0111111111111111
0111111111111111
1000000000000000
1001100010000100
0111111111111111
1010100001111111
1000000000000000
0111111111111111
0111111111111111
1000000000000000
1000000000000000
0111111111111111
0111111111111111
1000000000000000
1000000000000000
0111111111111111
0111111111111111
1000000000000000
1001011001111011
0111111111111111
1010100000100000
1000000000000000
0111111111111111
0111111111111111
1000000000000000
1000000000000000
0111111111111111
0111111111111111
1000000000000000
1000000000000000
0111111111111111
0111111111111111
1000000000000000
1001011101100101
0111111111111111
1010100010111101
1000000000000000
0111111111111111
0111111111111111
1000000000000000
1000000000000000
0111111111111111
0111111111111111
1000000000000000
1000000000000000
0111111111111111
0111111111111111
1000000000000000
1001100000000011
0111111111111111
1010011111110100
1000000000000000
0111111111111111
0111111111111111
1000000000000000
1000000000000000
0111111111111111
0111111111111111
1000000000000000
1000000000000000
0111111111111111
0111111111111111
1000000000000000
1001011111100100
0111111111111111
1010011011101000
