0000000000000000
1111111100101000
1111110010001111
1111110000100001
0111111111111111
0111111111111111
0111111111111111
0111111111111111
1000000000000000
1000000000000000
1000000000000000
1100011100000000
0111111111111111
0111111111111111
0111111111111111
1101000000000110
1000000000000000
1000000000000000
1000000000000000
0111111111111111
0111111111111111
0111111111111111
0111111111111111
1000000000000000
1000000000000000
1000000000000000
1100011100101101
0111111111111111
0111111111111111
0111111111111111
1100111111111010
1000000000000000
1000000000000000
1000000000000000
0111111111111111
0111111111111111
0111111111111111
0111111111111111
1000000000000000
1000000000000000
1000000000000000
1100011101011011
0111111111111111
0111111111111111
0111111111111111
1101000000100001
1000000000000000
1000000000000000
1000000000000000
0111111111111111
0111111111111111
0111111111111111
0111111111111111
1000000000000000
1000000000000000
1000000000000000
1100011100101010
0111111111111111
0111111111111111
0111111111111111
1100111011111101
1000000000000000
1000000000000000
1000000000000000
0111111111111111
0111111111111111
0111111111111111
0111111111111111
1000000000000000
1000000000000000
1000000000000000
1100011011000000
0111111111111111
0111111111111111
0111111111111111
1101000001110000
1000000000000000
1000000000000000
1000000000000000
0111111111111111
0111111111111111
0111111111111111
0111111111111111
1000000000000000
1000000000000000
1000000000000000
1100011011011000
0111111111111111
0111111111111111
0111111111111111
1101000001101110
1000000000000000
1000000000000000
1000000000000000
0111111111111111
0111111111111111
0111111111111111
0111111111111111
1000000000000000
1000000000000000
1000000000000000
1100011000110101
0111111111111111
0111111111111111
0111111111111111
1100111101011011
1000000000000000
1000000000000000
1000000000000000
0111111111111111
0111111111111111
0111111111111111
0111111111111111
1000000000000000
1000000000000000
1000000000000000
1100011100101101
0111111111111111
0111111111111111
0111111111111111
1101000000001001
1000000000000000
1000000000000000
1000000000000000
0111111111111111
0111111111111111
0111111111111111
0111111111111111
1000000000000000
1000000000000000
1000000000000000
1100011100000011
0111111111111111
0111111111111111
0111111111111111
1101000001001100
1000000000000000
1000000000000000
1000000000000000
0111111111111111
0111111111111111
0111111111111111
0111111111111111
1000000000000000
1000000000000000
1000000000000000
1100011011110010
0111111111111111
0111111111111111
0111111111111111
1101000000101000
1000000000000000
1000000000000000
1000000000000000
0111111111111111
0111111111111111
0111111111111111
0111111111111111
1000000000000000
1000000000000000
1000000000000000
1100011010001111
0111111111111111
0111111111111111
0111111111111111
1101000001010010
1000000000000000
1000000000000000
1000000000000000
0111111111111111
0111111111111111
0111111111111111
0111111111111111
1000000000000000
1000000000000000
1000000000000000
1100011001000101
0111111111111111
0111111111111111
0111111111111111
1100111111101001
1000000000000000
1000000000000000
1000000000000000
0111111111111111
0111111111111111
0111111111111111
0111111111111111
1000000000000000
1000000000000000
1000000000000000
1100011100000000
0111111111111111
0111111111111111
0111111111111111
1101000001001100
1000000000000000
1000000000000000
1000000000000000
0111111111111111
0111111111111111
0111111111111111
0111111111111111
1000000000000000
1000000000000000
1000000000000000
1100011010110011
0111111111111111
0111111111111111
0111111111111111
1101000100000000
1000000000000000
1000000000000000
1000000000000000
0111111111111111
0111111111111111
0111111111111111
0111111111111111
1000000000000000
1000000000000000
1000000000000000
1100011001010100
0111111111111111
0111111111111111
0111111111111111
1101000011000101
1000000000000000
1000000000000000
1000000000000000
0111111111111111
0111111111111111
0111111111111111
0111111111111111
1000000000000000
1000000000000000
1000000000000000
1100011001111110
0111111111111111
0111111111111111
0111111111111111
1101000010000000
1000000000000000
1000000000000000
1000000000000000
0111111111111111
0111111111111111
0111111111111111
0111111111111111
1000000000000000
1000000000000000
1000000000000000
1100011011111011
0111111111111111
0111111111111111
0111111111111111
1100111111100001
1000000000000000
1000000000000000
1000000000000000
0111111111111111
0111111111111111
0111111111111111
0111111111111111
1000000000000000
1000000000000000
1000000000000000
1100011101100111
0111111111111111
0111111111111111
0111111111111111
1101000011100111
1000000000000000
1000000000000000
1000000000000000
0111111111111111
0111111111111111
0111111111111111
0111111111111111
1000000000000000
1000000000000000
1000000000000000
1100011101110011
0111111111111111
0111111111111111
0111111111111111
1100111111111001
1000000000000000
1000000000000000
1000000000000000
0111111111111111
0111111111111111
0111111111111111
0111111111111111
1000000000000000
1000000000000000
1000000000000000
1100011100000010
0111111111111111
0111111111111111
0111111111111111
1100111101001001
1000000000000000
1000000000000000
1000000000000000
0111111111111111
0111111111111111
0111111111111111
0111111111111111
1000000000000000
1000000000000000
1000000000000000
1100011000101110
0111111111111111
0111111111111111
0111111111111111
1100111111001100
1000000000000000
1000000000000000
1000000000000000
0111111111111111
0111111111111111
0111111111111111
0111111111111111
1000000000000000
1000000000000000
1000000000000000
1100011100010001
0111111111111111
0111111111111111
0111111111111111
1101000011000110
1000000000000000
1000000000000000
1000000000000000
0111111111111111
0111111111111111
0111111111111111
0111111111111111
1000000000000000
1000000000000000
1000000000000000
1100011011011001
0111111111111111
0111111111111111
0111111111111111
1100111110100100
1000000000000000
1000000000000000
1000000000000000
0111111111111111
0111111111111111
0111111111111111
0111111111111111
1000000000000000
1000000000000000
1000000000000000
1100011011110011
0111111111111111
0111111111111111
0111111111111111
1100111110000001
1000000000000000
1000000000000000
1000000000000000
0111111111111111
0111111111111111
0111111111111111
0111111111111111
1000000000000000
1000000000000000
1000000000000000
1100011110000011
0111111111111111
0111111111111111
0111111111111111
1100111110010000
1000000000000000
1000000000000000
1000000000000000
0111111111111111
0111111111111111
0111111111111111
0111111111111111
1000000000000000
1000000000000000
1000000000000000
1100011101110100
0111111111111111
0111111111111111
0111111111111111
1100111111010111
1000000000000000
1000000000000000
1000000000000000
0111111111111111
0111111111111111
0111111111111111
0111111111111111
1000000000000000
1000000000000000
1000000000000000
1100011011001111
0111111111111111
0111111111111111
0111111111111111
1101000001101011
1000000000000000
1000000000000000
1000000000000000
0111111111111111
0111111111111111
0111111111111111
0111111111111111
1000000000000000
1000000000000000
1000000000000000
1100011100000111
0111111111111111
0111111111111111
0111111111111111
1101000001000010
1000000000000000
1000000000000000
1000000000000000
0111111111111111
0111111111111111
0111111111111111
0111111111111111
1000000000000000
1000000000000000
1000000000000000
1100011100000101
0111111111111111
0111111111111111
0111111111111111
1100111100011110
1000000000000000
1000000000000000
1000000000000000
0111111111111111
0111111111111111
0111111111111111
0111111111111111
1000000000000000
1000000000000000
1000000000000000
1100011000110011
0111111111111111
0111111111111111
0111111111111111
1100111101111011
1000000000000000
1000000000000000
1000000000000000
0111111111111111
0111111111111111
0111111111111111
0111111111111111
1000000000000000
1000000000000000
1000000000000000
1100011111100011
0111111111111111
0111111111111111
0111111111111111
1100111111111001
1000000000000000
1000000000000000
1000000000000000
0111111111111111
0111111111111111
0111111111111111
0111111111111111
1000000000000000
1000000000000000
1000000000000000
1100011100101111
0111111111111111
0111111111111111
0111111111111111
1101000001100110
1000000000000000
1000000000000000
1000000000000000
0111111111111111
0111111111111111
0111111111111111
0111111111111111
1000000000000000
1000000000000000
1000000000000000
1100011001110110
0111111111111111
0111111111111111
0111111111111111
1100111101001000
1000000000000000
1000000000000000
1000000000000000
0111111111111111
0111111111111111
0111111111111111
0111111111111111
1000000000000000
1000000000000000
1000000000000000
1100011100101110
0111111111111111
0111111111111111
0111111111111111
1101000000110100
1000000000000000
1000000000000000
1000000000000000
0111111111111111
0111111111111111
0111111111111111
0111111111111111
1000000000000000
1000000000000000
1000000000000000
1100011011110100
0111111111111111
0111111111111111
0111111111111111
1100111100100001
1000000000000000
1000000000000000
1000000000000000
0111111111111111
0111111111111111
0111111111111111
0111111111111111
1000000000000000
1000000000000000
1000000000000000
1100100000000100
0111111111111111
0111111111111111
0111111111111111
1100111111010100
1000000000000000
1000000000000000
1000000000000000
0111111111111111
0111111111111111
0111111111111111
0111111111111111
1000000000000000
1000000000000000
1000000000000000
1100011000101010
0111111111111111
0111111111111111
0111111111111111
1101000010100000
1000000000000000
1000000000000000
1000000000000000
0111111111111111
0111111111111111
0111111111111111
0111111111111111
1000000000000000
1000000000000000
1000000000000000
1100011011100000
0111111111111111
0111111111111111
0111111111111111
1100111111000101
1000000000000000
1000000000000000
1000000000000000
0111111111111111
0111111111111111
0111111111111111
0111111111111111
1000000000000000
1000000000000000
1000000000000000
1100011010101000
0111111111111111
0111111111111111
0111111111111111
1101000001000100
1000000000000000
1000000000000000
1000000000000000
0111111111111111
0111111111111111
0111111111111111
0111111111111111
1000000000000000
1000000000000000
1000000000000000
1100011010001101
0111111111111111
0111111111111111
0111111111111111
1100111011111110
1000000000000000
1000000000000000
1000000000000000
0111111111111111
0111111111111111
0111111111111111
0111111111111111
1000000000000000
1000000000000000
1000000000000000
1100011011111011
0111111111111111
0111111111111111
0111111111111111
1100111110011010
1000000000000000
1000000000000000
1000000000000000
0111111111111111
0111111111111111
0111111111111111
0111111111111111
1000000000000000
1000000000000000
1000000000000000
1100011100011100
0111111111111111
0111111111111111
0111111111111111
1101000000011010
1000000000000000
1000000000000000
1000000000000000
0111111111111111
0111111111111111
0111111111111111
0111111111111111
1000000000000000
1000000000000000
1000000000000000
1100011010001011
0111111111111111
0111111111111111
0111111111111111
1101000001111111
1000000000000000
1000000000000000
1000000000000000
0111111111111111
0111111111111111
0111111111111111
0111111111111111
1000000000000000
1000000000000000
1000000000000000
1100011011101010
0111111111111111
0111111111111111
0111111111111111
1100111110111101
1000000000000000
1000000000000000
1000000000000000
0111111111111111
0111111111111111
0111111111111111
0111111111111111
1000000000000000
1000000000000000
1000000000000000
1100011001101110
0111111111111111
0111111111111111
0111111111111111
1101000001100101
1000000000000000
1000000000000000
1000000000000000
0111111111111111
0111111111111111
0111111111111111
0111111111111111
1000000000000000
1000000000000000
1000000000000000
1100011010110100
0111111111111111
0111111111111111
0111111111111111
1101000010101011
1000000000000000
1000000000000000
1000000000000000
0111111111111111
0111111111111111
0111111111111111
0111111111111111
1000000000000000
1000000000000000
1000000000000000
1100011001000001
0111111111111111
0111111111111111
0111111111111111
1101000001110010
1000000000000000
1000000000000000
1000000000000000
0111111111111111
0111111111111111
0111111111111111
0111111111111111
1000000000000000
1000000000000000
1000000000000000
1100011011011100
0111111111111111
0111111111111111
0111111111111111
1101000010000100
1000000000000000
1000000000000000
1000000000000000
0111111111111111
0111111111111111
0111111111111111
0111111111111111
1000000000000000
1000000000000000
1000000000000000
1100011010110001
0111111111111111
0111111111111111
0111111111111111
1100111111100001
1000000000000000
1000000000000000
1000000000000000
0111111111111111
0111111111111111
0111111111111111
0111111111111111
1000000000000000
1000000000000000
1000000000000000
1100011111001100
0111111111111111
0111111111111111
0111111111111111
1101000001001010
1000000000000000
1000000000000000
1000000000000000
0111111111111111
0111111111111111
0111111111111111
0111111111111111
1000000000000000
1000000000000000
1000000000000000
1100011100101101
0111111111111111
0111111111111111
0111111111111111
1100111101101100
1000000000000000
1000000000000000
1000000000000000
0111111111111111
0111111111111111
0111111111111111
0111111111111111
1000000000000000
1000000000000000
1000000000000000
1100011100110000
0111111111111111
0111111111111111
0111111111111111
1101000100010111
1000000000000000
1000000000000000
1000000000000000
0111111111111111
0111111111111111
0111111111111111
0111111111111111
1000000000000000
1000000000000000
1000000000000000
1100011001101011
0111111111111111
0111111111111111
0111111111111111
1100111011001011
1000000000000000
1000000000000000
1000000000000000
0111111111111111
0111111111111111
0111111111111111
0111111111111111
1000000000000000
1000000000000000
1000000000000000
1100011100111100
0111111111111111
0111111111111111
0111111111111111
1101000100001101
1000000000000000
1000000000000000
1000000000000000
0111111111111111
0111111111111111
0111111111111111
0111111111111111
1000000000000000
1000000000000000
1000000000000000
1100011010111110
0111111111111111
0111111111111111
0111111111111111
1101000000011001
1000000000000000
1000000000000000
1000000000000000
0111111111111111
0111111111111111
0111111111111111
0111111111111111
1000000000000000
1000000000000000
1000000000000000
1100011001001110
0111111111111111
0111111111111111
0111111111111111
1101000000000011
1000000000000000
1000000000000000
1000000000000000
0111111111111111
0111111111111111
0111111111111111
0111111111111111
1000000000000000
1000000000000000
1000000000000000
1100011010111110
0111111111111111
0111111111111111
0111111111111111
1100111101000110
1000000000000000
1000000000000000
1000000000000000
0111111111111111
0111111111111111
0111111111111111
0111111111111111
1000000000000000
1000000000000000
1000000000000000
1100011011011001
0111111111111111
0111111111111111
0111111111111111
1100111110101101
1000000000000000
1000000000000000
1000000000000000
0111111111111111
0111111111111111
0111111111111111
0111111111111111
1000000000000000
1000000000000000
1000000000000000
1100011010011000
0111111111111111
0111111111111111
0111111111111111
1100111110010010
1000000000000000
1000000000000000
1000000000000000
0111111111111111
0111111111111111
0111111111111111
0111111111111111
1000000000000000
1000000000000000
1000000000000000
1100011100000111
0111111111111111
0111111111111111
0111111111111111
1101000000001101
1000000000000000
1000000000000000
1000000000000000
0111111111111111
0111111111111111
0111111111111111
0111111111111111
1000000000000000
1000000000000000
1000000000000000
1100011010000111
0111111111111111
0111111111111111
0111111111111111
1101000001001110
1000000000000000
1000000000000000
1000000000000000
0111111111111111
0111111111111111
0111111111111111
0111111111111111
1000000000000000
1000000000000000
1000000000000000
1100011101001101
0111111111111111
0111111111111111
0111111111111111
1100111101100001
1000000000000000
1000000000000000
1000000000000000
0111111111111111
0111111111111111
0111111111111111
0111111111111111
1000000000000000
1000000000000000
1000000000000000
1100011001101111
0111111111111111
0111111111111111
0111111111111111
1100111111010000
1000000000000000
1000000000000000
1000000000000000
0111111111111111
0111111111111111
0111111111111111
0111111111111111
1000000000000000
1000000000000000
1000000000000000
1100011010100001
0111111111111111
0111111111111111
0111111111111111
1100111110111001
1000000000000000
1000000000000000
1000000000000000
0111111111111111
0111111111111111
0111111111111111
0111111111111111
1000000000000000
1000000000000000
1000000000000000
1100011100110110
0111111111111111
0111111111111111
0111111111111111
1101000001010001
1000000000000000
1000000000000000
1000000000000000
0111111111111111
0111111111111111
0111111111111111
0111111111111111
1000000000000000
1000000000000000
1000000000000000
1100011100101110
0111111111111111
0111111111111111
0111111111111111
1100111110011000
1000000000000000
1000000000000000
1000000000000000
0111111111111111
0111111111111111
0111111111111111
0111111111111111
1000000000000000
1000000000000000
1000000000000000
1100011010110011
0111111111111111
0111111111111111
0111111111111111
1101000001010011
1000000000000000
1000000000000000
1000000000000000
0111111111111111
0111111111111111
0111111111111111
0111111111111111
1000000000000000
1000000000000000
1000000000000000
1100011101101110
0111111111111111
0111111111111111
0111111111111111
1101000000110110
1000000000000000
1000000000000000
1000000000000000
0111111111111111
0111111111111111
0111111111111111
0111111111111111
1000000000000000
1000000000000000
1000000000000000
1100011000011001
0111111111111111
0111111111111111
0111111111111111
1100111110111110
1000000000000000
1000000000000000
1000000000000000
0111111111111111
0111111111111111
0111111111111111
0111111111111111
1000000000000000
1000000000000000
1000000000000000
1100011000000111
0111111111111111
0111111111111111
0111111111111111
1100111111100111
1000000000000000
1000000000000000
1000000000000000
0111111111111111
0111111111111111
0111111111111111
0111111111111111
1000000000000000
1000000000000000
1000000000000000
1100011000101110
0111111111111111
0111111111111111
0111111111111111
1101000100010010
1000000000000000
1000000000000000
1000000000000000
0111111111111111
0111111111111111
0111111111111111
0111111111111111
1000000000000000
1000000000000000
1000000000000000
1100011011101100
0111111111111111
0111111111111111
0111111111111111
1101000011011101
1000000000000000
1000000000000000
1000000000000000
0111111111111111
0111111111111111
0111111111111111
0111111111111111
1000000000000000
1000000000000000
1000000000000000
1100011100111000
0111111111111111
0111111111111111
0111111111111111
1101000001001000
1000000000000000
1000000000000000
1000000000000000
0111111111111111
0111111111111111
0111111111111111
0111111111111111
1000000000000000
1000000000000000
1000000000000000
1100011110000000
0111111111111111
0111111111111111
0111111111111111
1101000000111001
1000000000000000
1000000000000000
1000000000000000
0111111111111111
0111111111111111
0111111111111111
0111111111111111
1000000000000000
1000000000000000
1000000000000000
1100011010011010
0111111111111111
0111111111111111
0111111111111111
1101000000001011
1000000000000000
1000000000000000
1000000000000000
0111111111111111
0111111111111111
0111111111111111
0111111111111111
1000000000000000
1000000000000000
1000000000000000
1100011010110001
0111111111111111
0111111111111111
0111111111111111
1100111110110111
1000000000000000
1000000000000000
1000000000000000
0111111111111111
0111111111111111
0111111111111111
0111111111111111
1000000000000000
1000000000000000
1000000000000000
1100011011001101
0111111111111111
0111111111111111
0111111111111111
1101000001101000
1000000000000000
1000000000000000
1000000000000000
0111111111111111
0111111111111111
0111111111111111
0111111111111111
1000000000000000
1000000000000000
1000000000000000
1100011100011010
0111111111111111
0111111111111111
0111111111111111
1101000011111000
1000000000000000
1000000000000000
1000000000000000
0111111111111111
0111111111111111
0111111111111111
0111111111111111
1000000000000000
1000000000000000
1000000000000000
1100011100100001
0111111111111111
0111111111111111
0111111111111111
1100111101001100
1000000000000000
1000000000000000
1000000000000000
0111111111111111
0111111111111111
0111111111111111
0111111111111111
1000000000000000
1000000000000000
1000000000000000
1100011011111001
0111111111111111
0111111111111111
0111111111111111
1100111111111001
1000000000000000
1000000000000000
1000000000000000
0111111111111111
0111111111111111
0111111111111111
0111111111111111
1000000000000000
1000000000000000
1000000000000000
1100011110010001
0111111111111111
0111111111111111
0111111111111111
1101000000111110
1000000000000000
1000000000000000
1000000000000000
0111111111111111
0111111111111111
0111111111111111
0111111111111111
1000000000000000
1000000000000000
1000000000000000
1100011101110001
0111111111111111
0111111111111111
0111111111111111
1100111111011011
1000000000000000
1000000000000000
1000000000000000
0111111111111111
0111111111111111
0111111111111111
0111111111111111
1000000000000000
1000000000000000
1000000000000000
1100011001000000
0111111111111111
0111111111111111
0111111111111111
1100111110011101
1000000000000000
1000000000000000
1000000000000000
0111111111111111
0111111111111111
0111111111111111
0111111111111111
1000000000000000
1000000000000000
1000000000000000
1100011011111010
0111111111111111
0111111111111111
0111111111111111
1100111110111110
1000000000000000
1000000000000000
1000000000000000
0111111111111111
0111111111111111
0111111111111111
0111111111111111
1000000000000000
1000000000000000
1000000000000000
1100011000101000
0111111111111111
0111111111111111
0111111111111111
1100111100010110
1000000000000000
1000000000000000
1000000000000000
0111111111111111
0111111111111111
0111111111111111
0111111111111111
1000000000000000
1000000000000000
1000000000000000
1100011100001010
0111111111111111
0111111111111111
0111111111111111
1101000001001011
1000000000000000
1000000000000000
1000000000000000
0111111111111111
0111111111111111
0111111111111111
0111111111111111
1000000000000000
1000000000000000
1000000000000000
1100011100000110
0111111111111111
0111111111111111
0111111111111111
1101000010001100
1000000000000000
1000000000000000
1000000000000000
0111111111111111
0111111111111111
0111111111111111
0111111111111111
1000000000000000
1000000000000000
1000000000000000
1100011101111101
0111111111111111
0111111111111111
0111111111111111
1101000000100001
1000000000000000
1000000000000000
1000000000000000
0111111111111111
0111111111111111
0111111111111111
0111111111111111
1000000000000000
1000000000000000
1000000000000000
1100011001110110
0111111111111111
0111111111111111
0111111111111111
1100111110001110
1000000000000000
1000000000000000
1000000000000000
0111111111111111
0111111111111111
0111111111111111
0111111111111111
1000000000000000
1000000000000000
1000000000000000
1100011000001110
0111111111111111
0111111111111111
0111111111111111
1101000010010100
1000000000000000
1000000000000000
1000000000000000
0111111111111111
0111111111111111
0111111111111111
0111111111111111
1000000000000000
1000000000000000
1000000000000000
1100011001100110
0111111111111111
0111111111111111
0111111111111111
1100111110011010
1000000000000000
1000000000000000
1000000000000000
0111111111111111
0111111111111111
0111111111111111
0111111111111111
1000000000000000
1000000000000000
1000000000000000
1100011101011100
0111111111111111
0111111111111111
0111111111111111
1101000000010111
1000000000000000
1000000000000000
1000000000000000
0111111111111111
0111111111111111
0111111111111111
0111111111111111
1000000000000000
1000000000000000
1000000000000000
1100011101111111
0111111111111111
0111111111111111
0111111111111111
1101000001110011
1000000000000000
1000000000000000
1000000000000000
0111111111111111
0111111111111111
0111111111111111
0111111111111111
1000000000000000
1000000000000000
1000000000000000
1100011000011011
0111111111111111
0111111111111111
0111111111111111
1100111111101111
1000000000000000
1000000000000000
1000000000000000
0111111111111111
0111111111111111
0111111111111111
0111111111111111
1000000000000000
1000000000000000
1000000000000000
1100011100100100
0111111111111111
0111111111111111
0111111111111111
1101000001010011
1000000000000000
1000000000000000
1000000000000000
0111111111111111
0111111111111111
0111111111111111
0111111111111111
1000000000000000
1000000000000000
1000000000000000
1100011011110111
0111111111111111
0111111111111111
0111111111111111
1100111111111001
1000000000000000
1000000000000000
1000000000000000
0111111111111111
0111111111111111
0111111111111111
0111111111111111
1000000000000000
1000000000000000
1000000000000000
1100011011111001
0111111111111111
0111111111111111
0111111111111111
1101000000100100
1000000000000000
1000000000000000
1000000000000000
0111111111111111
0111111111111111
0111111111111111
0111111111111111
1000000000000000
1000000000000000
1000000000000000
1100011100101111
0111111111111111
0111111111111111
0111111111111111
1100111110101100
1000000000000000
1000000000000000
1000000000000000
0111111111111111
0111111111111111
0111111111111111
0111111111111111
1000000000000000
1000000000000000
1000000000000000
1100011010001110
0111111111111111
0111111111111111
0111111111111111
1101000010111100
1000000000000000
1000000000000000
1000000000000000
0111111111111111
0111111111111111
0111111111111111
0111111111111111
1000000000000000
1000000000000000
1000000000000000
1100011110100000
0111111111111111
0111111111111111
0111111111111111
1100111111001110
1000000000000000
1000000000000000
1000000000000000
0111111111111111
0111111111111111
0111111111111111
0111111111111111
1000000000000000
1000000000000000
1000000000000000
1100011010001001
0111111111111111
0111111111111111
0111111111111111
1100111100111110
1000000000000000
1000000000000000
1000000000000000
0111111111111111
0111111111111111
0111111111111111
0111111111111111
1000000000000000
1000000000000000
1000000000000000
1100011101000011
0111111111111111
0111111111111111
0111111111111111
1101000010001000
1000000000000000
1000000000000000
1000000000000000
0111111111111111
0111111111111111
0111111111111111
0111111111111111
1000000000000000
1000000000000000
1000000000000000
1100011011011010
0111111111111111
0111111111111111
0111111111111111
1101000010100011
1000000000000000
1000000000000000
1000000000000000
0111111111111111
0111111111111111
0111111111111111
0111111111111111
1000000000000000
1000000000000000
1000000000000000
1100011101110000
0111111111111111
0111111111111111
0111111111111111
1101000001000111
1000000000000000
1000000000000000
1000000000000000
0111111111111111
0111111111111111
0111111111111111
0111111111111111
1000000000000000
1000000000000000
1000000000000000
1100011110010000
0111111111111111
0111111111111111
0111111111111111
1100111100101110
1000000000000000
1000000000000000
1000000000000000
0111111111111111
0111111111111111
0111111111111111
0111111111111111
1000000000000000
1000000000000000
1000000000000000
1100011100000011
0111111111111111
0111111111111111
0111111111111111
1100111111110000
1000000000000000
1000000000000000
1000000000000000
0111111111111111
0111111111111111
0111111111111111
0111111111111111
1000000000000000
1000000000000000
1000000000000000
1100011011100101
0111111111111111
0111111111111111
0111111111111111
1101000001000100
1000000000000000
1000000000000000
1000000000000000
0111111111111111
0111111111111111
0111111111111111
0111111111111111
1000000000000000
1000000000000000
1000000000000000
1100011001110101
0111111111111111
0111111111111111
0111111111111111
1100111100100101
1000000000000000
1000000000000000
1000000000000000
0111111111111111
0111111111111111
0111111111111111
0111111111111111
1000000000000000
1000000000000000
1000000000000000
1100011101001011
0111111111111111
0111111111111111
0111111111111111
1101000001000011
1000000000000000
1000000000000000
1000000000000000
0111111111111111
0111111111111111
0111111111111111
0111111111111111
1000000000000000
1000000000000000
1000000000000000
1100011001110000
0111111111111111
0111111111111111
0111111111111111
1101000000001001
1000000000000000
1000000000000000
1000000000000000
0111111111111111
0111111111111111
0111111111111111
0111111111111111
1000000000000000
1000000000000000
1000000000000000
1100011011010011
0111111111111111
0111111111111111
0111111111111111
1100111100111001
1000000000000000
1000000000000000
1000000000000000
0111111111111111
0111111111111111
0111111111111111
0111111111111111
1000000000000000
1000000000000000
1000000000000000
1100011000101111
0111111111111111
0111111111111111
0111111111111111
1101000000101101
1000000000000000
1000000000000000
1000000000000000
0111111111111111
0111111111111111
0111111111111111
0111111111111111
1000000000000000
1000000000000000
1000000000000000
1100011000100011
0111111111111111
0111111111111111
0111111111111111
1101000001110000
1000000000000000
1000000000000000
1000000000000000
0111111111111111
0111111111111111
0111111111111111
0111111111111111
1000000000000000
1000000000000000
1000000000000000
1100011011101010
0111111111111111
0111111111111111
0111111111111111
1100111111111111
1000000000000000
1000000000000000
1000000000000000
0111111111111111
0111111111111111
0111111111111111
0111111111111111
1000000000000000
1000000000000000
1000000000000000
1100011100101110
0111111111111111
0111111111111111
0111111111111111
1101000011011011
1000000000000000
1000000000000000
1000000000000000
0111111111111111
0111111111111111
0111111111111111
0111111111111111
1000000000000000
1000000000000000
1000000000000000
1100011001111111
0111111111111111
0111111111111111
0111111111111111
1101000000101010
1000000000000000
1000000000000000
1000000000000000
0111111111111111
0111111111111111
0111111111111111
0111111111111111
1000000000000000
1000000000000000
1000000000000000
1100011100001000
0111111111111111
0111111111111111
0111111111111111
1101000100001100
1000000000000000
1000000000000000
1000000000000000
0111111111111111
0111111111111111
0111111111111111
0111111111111111
1000000000000000
1000000000000000
1000000000000000
1100011011011010
0111111111111111
0111111111111111
0111111111111111
1100111101011111
1000000000000000
1000000000000000
1000000000000000
0111111111111111
0111111111111111
0111111111111111
0111111111111111
1000000000000000
1000000000000000
1000000000000000
1100011101000010
0111111111111111
0111111111111111
0111111111111111
1101000001000100
1000000000000000
1000000000000000
1000000000000000
0111111111111111
0111111111111111
0111111111111111
0111111111111111
1000000000000000
1000000000000000
1000000000000000
1100011011001011
0111111111111111
0111111111111111
0111111111111111
1101000000010101
1000000000000000
1000000000000000
1000000000000000
0111111111111111
0111111111111111
0111111111111111
0111111111111111
1000000000000000
1000000000000000
1000000000000000
1100011011001011
0111111111111111
0111111111111111
0111111111111111
1100111100110000
1000000000000000
1000000000000000
1000000000000000
0111111111111111
0111111111111111
0111111111111111
0111111111111111
1000000000000000
1000000000000000
1000000000000000
1100011111000111
0111111111111111
0111111111111111
0111111111111111
1101000001110010
1000000000000000
1000000000000000
1000000000000000
0111111111111111
0111111111111111
0111111111111111
0111111111111111
1000000000000000
1000000000000000
1000000000000000
1100011100011110
0111111111111111
0111111111111111
0111111111111111
1101000001100111
1000000000000000
1000000000000000
1000000000000000
0111111111111111
0111111111111111
0111111111111111
0111111111111111
1000000000000000
1000000000000000
1000000000000000
1100011011111000
0111111111111111
0111111111111111
0111111111111111
1101000001110110
1000000000000000
1000000000000000
1000000000000000
0111111111111111
0111111111111111
0111111111111111
0111111111111111
1000000000000000
1000000000000000
1000000000000000
1100011011000000
0111111111111111
0111111111111111
0111111111111111
1100111110101100
1000000000000000
1000000000000000
1000000000000000
0111111111111111
0111111111111111
0111111111111111
0111111111111111
1000000000000000
1000000000000000
1000000000000000
1100011100110010
0111111111111111
0111111111111111
0111111111111111
1100111111011110
1000000000000000
1000000000000000
1000000000000000
0111111111111111
0111111111111111
0111111111111111
0111111111111111
1000000000000000
1000000000000000
1000000000000000
1100011100111111
0111111111111111
0111111111111111
0111111111111111
1100111111100111
1000000000000000
1000000000000000
1000000000000000
0111111111111111
0111111111111111
0111111111111111
0111111111111111
1000000000000000
1000000000000000
1000000000000000
1100011101100000
0111111111111111
0111111111111111
0111111111111111
1101000011000011
1000000000000000
1000000000000000
1000000000000000
0111111111111111
0111111111111111
0111111111111111
0111111111111111
1000000000000000
1000000000000000
1000000000000000
1100011100000100
0111111111111111
0111111111111111
0111111111111111
1100111011000110
1000000000000000
1000000000000000
1000000000000000
0111111111111111
0111111111111111
0111111111111111
0111111111111111
1000000000000000
1000000000000000
1000000000000000
1100011000110101
0111111111111111
0111111111111111
0111111111111111
1100111111101001
1000000000000000
1000000000000000
1000000000000000
0111111111111111
0111111111111111
0111111111111111
0111111111111111
1000000000000000
1000000000000000
1000000000000000
1100011010111011
0111111111111111
0111111111111111
0111111111111111
1100111110111001
1000000000000000
1000000000000000
1000000000000000
0111111111111111
0111111111111111
0111111111111111
0111111111111111
1000000000000000
1000000000000000
1000000000000000
1100011001000100
0111111111111111
0111111111111111
0111111111111111
1100111101011111
1000000000000000
1000000000000000
1000000000000000
0111111111111111
0111111111111111
0111111111111111
0111111111111111
1000000000000000
1000000000000000
1000000000000000
1100011011001111
0111111111111111
0111111111111111
0111111111111111
1101000010000011
1000000000000000
1000000000000000
1000000000000000
0111111111111111
0111111111111111
0111111111111111
0111111111111111
1000000000000000
1000000000000000
1000000000000000
1100011100101000
0111111111111111
0111111111111111
0111111111111111
1101000000011010
1000000000000000
1000000000000000
1000000000000000
0111111111111111
0111111111111111
0111111111111111
0111111111111111
1000000000000000
1000000000000000
1000000000000000
1100011001001010
0111111111111111
0111111111111111
0111111111111111
1101000000011011
1000000000000000
1000000000000000
1000000000000000
0111111111111111
0111111111111111
0111111111111111
0111111111111111
1000000000000000
1000000000000000
1000000000000000
1100011010000101
0111111111111111
0111111111111111
0111111111111111
1100111110111011
1000000000000000
1000000000000000
1000000000000000
0111111111111111
0111111111111111
0111111111111111
0111111111111111
1000000000000000
1000000000000000
1000000000000000
1100011110101000
0111111111111111
0111111111111111
0111111111111111
1100111101000110
1000000000000000
1000000000000000
1000000000000000
0111111111111111
0111111111111111
0111111111111111
0111111111111111
1000000000000000
1000000000000000
1000000000000000
1100011001001101
0111111111111111
0111111111111111
0111111111111111
1100111101101110
1000000000000000
1000000000000000
1000000000000000
0111111111111111
0111111111111111
0111111111111111
0111111111111111
1000000000000000
1000000000000000
1000000000000000
1100011101110001
0111111111111111
0111111111111111
0111111111111111
1100111101011011
1000000000000000
1000000000000000
1000000000000000
0111111111111111
0111111111111111
0111111111111111
0111111111111111
1000000000000000
1000000000000000
1000000000000000
1100011011010000
0111111111111111
0111111111111111
0111111111111111
1101000001010101
1000000000000000
1000000000000000
1000000000000000
0111111111111111
0111111111111111
0111111111111111
0111111111111111
1000000000000000
1000000000000000
1000000000000000
1100011011111101
0111111111111111
0111111111111111
0111111111111111
1100111110111010
1000000000000000
1000000000000000
1000000000000000
0111111111111111
0111111111111111
0111111111111111
0111111111111111
1000000000000000
1000000000000000
1000000000000000
1100011111001100
0111111111111111
0111111111111111
0111111111111111
1101000001010000
1000000000000000
1000000000000000
1000000000000000
0111111111111111
0111111111111111
0111111111111111
0111111111111111
1000000000000000
1000000000000000
1000000000000000
1100011010011001
0111111111111111
0111111111111111
0111111111111111
1100111101110100
1000000000000000
1000000000000000
1000000000000000
0111111111111111
0111111111111111
0111111111111111
0111111111111111
1000000000000000
1000000000000000
1000000000000000
1100011100001011
0111111111111111
0111111111111111
0111111111111111
1100111110000110
1000000000000000
1000000000000000
1000000000000000
0111111111111111
0111111111111111
0111111111111111
0111111111111111
1000000000000000
1000000000000000
1000000000000000
1100011101101111
0111111111111111
0111111111111111
0111111111111111
1100111110001010
1000000000000000
1000000000000000
1000000000000000
0111111111111111
0111111111111111
0111111111111111
0111111111111111
1000000000000000
1000000000000000
1000000000000000
1100011010100001
0111111111111111
0111111111111111
0111111111111111
1100111111011110
1000000000000000
1000000000000000
1000000000000000
0111111111111111
0111111111111111
0111111111111111
0111111111111111
1000000000000000
1000000000000000
1000000000000000
1100100000000000
0111111111111111
0111111111111111
0111111111111111
1100111111010101
1000000000000000
1000000000000000
1000000000000000
0111111111111111
0111111111111111
0111111111111111
0111111111111111
1000000000000000
1000000000000000
1000000000000000
1100011100101100
0111111111111111
0111111111111111
0111111111111111
1100111101100111
1000000000000000
1000000000000000
1000000000000000
0111111111111111
0111111111111111
0111111111111111
0111111111111111
1000000000000000
1000000000000000
1000000000000000
1100011010001101
0111111111111111
0111111111111111
0111111111111111
1101000000111000
1000000000000000
1000000000000000
1000000000000000
0111111111111111
0111111111111111
0111111111111111
0111111111111111
1000000000000000
1000000000000000
1000000000000000
1100011111001100
0111111111111111
0111111111111111
0111111111111111
1100111111000000
1000000000000000
1000000000000000
1000000000000000
0111111111111111
0111111111111111
0111111111111111
0111111111111111
1000000000000000
1000000000000000
1000000000000000
1100011011111001
0111111111111111
0111111111111111
0111111111111111
1101000000111100
1000000000000000
1000000000000000
1000000000000000
0111111111111111
0111111111111111
0111111111111111
0111111111111111
1000000000000000
1000000000000000
1000000000000000
1100011101001101
0111111111111111
0111111111111111
0111111111111111
1100111110000111
1000000000000000
1000000000000000
1000000000000000
0111111111111111
0111111111111111
0111111111111111
0111111111111111
1000000000000000
1000000000000000
1000000000000000
1100011100011110
0111111111111111
0111111111111111
0111111111111111
1100111101110101
1000000000000000
1000000000000000
1000000000000000
0111111111111111
0111111111111111
0111111111111111
0111111111111111
1000000000000000
1000000000000000
1000000000000000
1100011001111010
0111111111111111
0111111111111111
0111111111111111
1101000000010000
1000000000000000
1000000000000000
1000000000000000
0111111111111111
0111111111111111
0111111111111111
0111111111111111
1000000000000000
1000000000000000
1000000000000000
1100011010010011
0111111111111111
0111111111111111
0111111111111111
1100111111100110
1000000000000000
1000000000000000
1000000000000000
0111111111111111
0111111111111111
0111111111111111
0111111111111111
1000000000000000
1000000000000000
1000000000000000
1100011010011111
0111111111111111
0111111111111111
0111111111111111
1100111100111000
1000000000000000
1000000000000000
1000000000000000
0111111111111111
0111111111111111
0111111111111111
0111111111111111
1000000000000000
1000000000000000
1000000000000000
1100011011010010
0111111111111111
0111111111111111
0111111111111111
1100111101111111
1000000000000000
1000000000000000
1000000000000000
0111111111111111
0111111111111111
0111111111111111
0111111111111111
1000000000000000
1000000000000000
1000000000000000
1100011100010010
0111111111111111
0111111111111111
0111111111111111
1100111110010111
1000000000000000
1000000000000000
1000000000000000
0111111111111111
0111111111111111
0111111111111111
0111111111111111
1000000000000000
1000000000000000
1000000000000000
1100011000101100
0111111111111111
0111111111111111
0111111111111111
1101000000001111
1000000000000000
1000000000000000
1000000000000000
0111111111111111
0111111111111111
0111111111111111
0111111111111111
1000000000000000
1000000000000000
1000000000000000
1100011010101111
0111111111111111
0111111111111111
0111111111111111
1100111101001001
1000000000000000
1000000000000000
1000000000000000
0111111111111111
0111111111111111
0111111111111111
0111111111111111
1000000000000000
1000000000000000
1000000000000000
1100011101100010
0111111111111111
0111111111111111
0111111111111111
1101000000011101
1000000000000000
1000000000000000
1000000000000000
0111111111111111
0111111111111111
0111111111111111
0111111111111111
1000000000000000
1000000000000000
1000000000000000
1100011010101100
0111111111111111
0111111111111111
0111111111111111
1101000000001000
1000000000000000
1000000000000000
1000000000000000
0111111111111111
0111111111111111
0111111111111111
0111111111111111
1000000000000000
1000000000000000
1000000000000000
1100011010000101
0111111111111111
0111111111111111
0111111111111111
1100111111011011
1000000000000000
1000000000000000
1000000000000000
0111111111111111
0111111111111111
0111111111111111
0111111111111111
1000000000000000
1000000000000000
1000000000000000
1100011011111101
0111111111111111
0111111111111111
0111111111111111
1100111111001101
1000000000000000
1000000000000000
1000000000000000
0111111111111111
0111111111111111
0111111111111111
0111111111111111
1000000000000000
1000000000000000
1000000000000000
1100011100100101
0111111111111111
0111111111111111
0111111111111111
1100111101101010
1000000000000000
1000000000000000
1000000000000000
0111111111111111
0111111111111111
0111111111111111
0111111111111111
1000000000000000
1000000000000000
1000000000000000
1100011010010001
0111111111111111
0111111111111111
0111111111111111
1101000000001110
1000000000000000
1000000000000000
1000000000000000
0111111111111111
0111111111111111
0111111111111111
0111111111111111
1000000000000000
1000000000000000
1000000000000000
1100011101101001
0111111111111111
0111111111111111
0111111111111111
1101000000110001
1000000000000000
1000000000000000
1000000000000000
0111111111111111
0111111111111111
0111111111111111
0111111111111111
1000000000000000
1000000000000000
1000000000000000
1100010111111101
0111111111111111
0111111111111111
0111111111111111
1101000000011000
1000000000000000
1000000000000000
1000000000000000
0111111111111111
0111111111111111
0111111111111111
0111111111111111
1000000000000000
1000000000000000
1000000000000000
1100011010101110
0111111111111111
0111111111111111
0111111111111111
1101000001001010
1000000000000000
1000000000000000
1000000000000000
0111111111111111
0111111111111111
0111111111111111
0111111111111111
1000000000000000
1000000000000000
1000000000000000
1100011110111101
0111111111111111
0111111111111111
0111111111111111
1100111101001000
1000000000000000
1000000000000000
1000000000000000
0111111111111111
0111111111111111
0111111111111111
0111111111111111
1000000000000000
1000000000000000
1000000000000000
1100011001001101
0111111111111111
0111111111111111
0111111111111111
1100111111100000
1000000000000000
1000000000000000
1000000000000000
0111111111111111
0111111111111111
0111111111111111
0111111111111111
1000000000000000
1000000000000000
1000000000000000
1100011000110100
0111111111111111
0111111111111111
0111111111111111
1101000000111100
1000000000000000
1000000000000000
1000000000000000
0111111111111111
0111111111111111
0111111111111111
0111111111111111
1000000000000000
1000000000000000
1000000000000000
1100011000110010
0111111111111111
0111111111111111
0111111111111111
1101000001100000
1000000000000000
1000000000000000
1000000000000000
0111111111111111
0111111111111111
0111111111111111
0111111111111111
1000000000000000
1000000000000000
1000000000000000
1100011100111011
0111111111111111
0111111111111111
0111111111111111
1101000000011001
1000000000000000
1000000000000000
1000000000000000
0111111111111111
0111111111111111
0111111111111111
0111111111111111
1000000000000000
1000000000000000
1000000000000000
1100011010111100
0111111111111111
0111111111111111
0111111111111111
1100111111000110
1000000000000000
1000000000000000
1000000000000000
0111111111111111
0111111111111111
0111111111111111
0111111111111111
1000000000000000
1000000000000000
1000000000000000
1100011100100010
0111111111111111
0111111111111111
0111111111111111
1101000000100110
1000000000000000
1000000000000000
1000000000000000
0111111111111111
0111111111111111
0111111111111111
0111111111111111
1000000000000000
1000000000000000
1000000000000000
1100011101000110
0111111111111111
0111111111111111
0111111111111111
1100111101100100
1000000000000000
1000000000000000
1000000000000000
0111111111111111
0111111111111111
0111111111111111
0111111111111111
1000000000000000
1000000000000000
1000000000000000
1100011011000011
0111111111111111
0111111111111111
0111111111111111
1101000001011111
1000000000000000
1000000000000000
1000000000000000
0111111111111111
0111111111111111
0111111111111111
0111111111111111
1000000000000000
1000000000000000
1000000000000000
1100011001110101
0111111111111111
0111111111111111
0111111111111111
1100111110000011
1000000000000000
1000000000000000
1000000000000000
0111111111111111
0111111111111111
0111111111111111
0111111111111111
1000000000000000
1000000000000000
1000000000000000
1100011101011000
0111111111111111
0111111111111111
0111111111111111
1100111111000100
1000000000000000
1000000000000000
1000000000000000
0111111111111111
0111111111111111
0111111111111111
0111111111111111
1000000000000000
1000000000000000
1000000000000000
1100011011101100
0111111111111111
0111111111111111
0111111111111111
1100111110001011
1000000000000000
1000000000000000
1000000000000000
0111111111111111
0111111111111111
0111111111111111
0111111111111111
1000000000000000
1000000000000000
1000000000000000
1100011000111111
0111111111111111
0111111111111111
0111111111111111
1101000000111100
1000000000000000
1000000000000000
1000000000000000
0111111111111111
0111111111111111
0111111111111111
0111111111111111
1000000000000000
1000000000000000
1000000000000000
1100011110011110
0111111111111111
0111111111111111
0111111111111111
1101000001100011
1000000000000000
1000000000000000
1000000000000000
0111111111111111
0111111111111111
0111111111111111
0111111111111111
1000000000000000
1000000000000000
1000000000000000
1100011110010111
0111111111111111
0111111111111111
0111111111111111
1101000010101010
1000000000000000
1000000000000000
1000000000000000
0111111111111111
0111111111111111
0111111111111111
0111111111111111
1000000000000000
1000000000000000
1000000000000000
1100011011011111
0111111111111111
0111111111111111
0111111111111111
1100111101111111
1000000000000000
1000000000000000
1000000000000000
0111111111111111
0111111111111111
0111111111111111
0111111111111111
1000000000000000
1000000000000000
1000000000000000
1100011101001111
0111111111111111
0111111111111111
0111111111111111
1100111110010001
1000000000000000
1000000000000000
1000000000000000
0111111111111111
0111111111111111
0111111111111111
0111111111111111
1000000000000000
1000000000000000
1000000000000000
1100011011101010
0111111111111111
0111111111111111
0111111111111111
1101000000100100
1000000000000000
1000000000000000
1000000000000000
0111111111111111
0111111111111111
0111111111111111
0111111111111111
1000000000000000
1000000000000000
1000000000000000
1100011111110010
0111111111111111
0111111111111111
0111111111111111
1100111110010111
1000000000000000
1000000000000000
1000000000000000
0111111111111111
0111111111111111
0111111111111111
0111111111111111
1000000000000000
1000000000000000
1000000000000000
1100011100100101
0111111111111111
0111111111111111
0111111111111111
1101000001100001
1000000000000000
1000000000000000
1000000000000000
0111111111111111
0111111111111111
0111111111111111
0111111111111111
1000000000000000
1000000000000000
1000000000000000
1100011100000001
0111111111111111
0111111111111111
0111111111111111
1100111110111000
1000000000000000
1000000000000000
1000000000000000
0111111111111111
0111111111111111
0111111111111111
0111111111111111
1000000000000000
1000000000000000
1000000000000000
1100011110000010
0111111111111111
0111111111111111
0111111111111111
1101000000111001
1000000000000000
1000000000000000
1000000000000000
0111111111111111
0111111111111111
0111111111111111
0111111111111111
1000000000000000
1000000000000000
1000000000000000
1100011100010101
0111111111111111
0111111111111111
0111111111111111
1100111011111000
1000000000000000
1000000000000000
1000000000000000
0111111111111111
0111111111111111
0111111111111111
0111111111111111
1000000000000000
1000000000000000
1000000000000000
1100011010011001
0111111111111111
0111111111111111
0111111111111111
1100111111000110
1000000000000000
1000000000000000
1000000000000000
0111111111111111
0111111111111111
0111111111111111
0111111111111111
1000000000000000
1000000000000000
1000000000000000
1100011100001010
0111111111111111
0111111111111111
0111111111111111
1100111101110110
1000000000000000
1000000000000000
1000000000000000
0111111111111111
0111111111111111
0111111111111111
0111111111111111
1000000000000000
1000000000000000
1000000000000000
1100011011101101
0111111111111111
0111111111111111
0111111111111111
1100111110011000
1000000000000000
1000000000000000
1000000000000000
0111111111111111
0111111111111111
0111111111111111
0111111111111111
1000000000000000
1000000000000000
1000000000000000
1100011011011111
0111111111111111
0111111111111111
0111111111111111
1101000001011111
1000000000000000
1000000000000000
1000000000000000
0111111111111111
0111111111111111
0111111111111111
0111111111111111
1000000000000000
1000000000000000
1000000000000000
1100011000110110
0111111111111111
0111111111111111
0111111111111111
1100111111110001
1000000000000000
1000000000000000
1000000000000000
0111111111111111
0111111111111111
0111111111111111
0111111111111111
1000000000000000
1000000000000000
1000000000000000
1100011101100110
0111111111111111
0111111111111111
0111111111111111
1101000000001100
1000000000000000
1000000000000000
1000000000000000
0111111111111111
0111111111111111
0111111111111111
0111111111111111
1000000000000000
1000000000000000
1000000000000000
1100011101010111
0111111111111111
0111111111111111
0111111111111111
1100111110000111
1000000000000000
1000000000000000
1000000000000000
0111111111111111
0111111111111111
0111111111111111
0111111111111111
1000000000000000
1000000000000000
1000000000000000
1100011001101010
0111111111111111
0111111111111111
0111111111111111
1101000000001100
1000000000000000
1000000000000000
1000000000000000
0111111111111111
0111111111111111
0111111111111111
0111111111111111
1000000000000000
1000000000000000
1000000000000000
1100011111000001
0111111111111111
0111111111111111
0111111111111111
1100111100011001
1000000000000000
1000000000000000
1000000000000000
0111111111111111
0111111111111111
0111111111111111
0111111111111111
1000000000000000
1000000000000000
1000000000000000
1100011001101001
0111111111111111
0111111111111111
0111111111111111
1100111111110110
1000000000000000
1000000000000000
1000000000000000
0111111111111111
0111111111111111
0111111111111111
0111111111111111
1000000000000000
1000000000000000
1000000000000000
1100011001000011
0111111111111111
0111111111111111
0111111111111111
1101000001010101
1000000000000000
1000000000000000
1000000000000000
0111111111111111
0111111111111111
0111111111111111
0111111111111111
1000000000000000
1000000000000000
1000000000000000
1100011010001010
0111111111111111
0111111111111111
0111111111111111
1100111110101011
1000000000000000
1000000000000000
1000000000000000
0111111111111111
0111111111111111
0111111111111111
0111111111111111
1000000000000000
1000000000000000
1000000000000000
1100011011100011
0111111111111111
0111111111111111
0111111111111111
1100111111001001
1000000000000000
1000000000000000
1000000000000000
0111111111111111
0111111111111111
0111111111111111
0111111111111111
1000000000000000
1000000000000000
1000000000000000
1100011101001001
0111111111111111
0111111111111111
0111111111111111
1100111111111100
1000000000000000
1000000000000000
1000000000000000
0111111111111111
0111111111111111
0111111111111111
0111111111111111
1000000000000000
1000000000000000
1000000000000000
1100011011111001
0111111111111111
0111111111111111
0111111111111111
1100111111001010
1000000000000000
1000000000000000
1000000000000000
0111111111111111
0111111111111111
0111111111111111
0111111111111111
1000000000000000
1000000000000000
1000000000000000
1100011001100010
0111111111111111
0111111111111111
0111111111111111
1100111110110010
1000000000000000
1000000000000000
1000000000000000
0111111111111111
0111111111111111
0111111111111111
0111111111111111
1000000000000000
1000000000000000
1000000000000000
1100011101001111
0111111111111111
0111111111111111
0111111111111111
1101000001001101
1000000000000000
1000000000000000
1000000000000000
0111111111111111
0111111111111111
0111111111111111
0111111111111111
1000000000000000
1000000000000000
1000000000000000
1100011110010011
0111111111111111
0111111111111111
0111111111111111
1100111101000111
1000000000000000
1000000000000000
1000000000000000
0111111111111111
0111111111111111
0111111111111111
0111111111111111
1000000000000000
1000000000000000
1000000000000000
1100010110111100
0111111111111111
0111111111111111
0111111111111111
1100111111011001
1000000000000000
1000000000000000
1000000000000000
0111111111111111
0111111111111111
0111111111111111
0111111111111111
1000000000000000
1000000000000000
1000000000000000
1100011100110101
0111111111111111
0111111111111111
0111111111111111
1100111101010001
1000000000000000
1000000000000000
1000000000000000
0111111111111111
0111111111111111
0111111111111111
0111111111111111
1000000000000000
1000000000000000
1000000000000000
1100011010101001
0111111111111111
0111111111111111
0111111111111111
1100111111100101
1000000000000000
1000000000000000
1000000000000000
0111111111111111
0111111111111111
0111111111111111
0111111111111111
1000000000000000
1000000000000000
1000000000000000
1100011010011010
0111111111111111
0111111111111111
0111111111111111
1101000000001110
1000000000000000
1000000000000000
1000000000000000
0111111111111111
0111111111111111
0111111111111111
0111111111111111
1000000000000000
1000000000000000
1000000000000000
1100011001101101
0111111111111111
0111111111111111
0111111111111111
1101000000010000
1000000000000000
1000000000000000
1000000000000000
0111111111111111
0111111111111111
0111111111111111
0111111111111111
1000000000000000
1000000000000000
1000000000000000
1100011101000111
0111111111111111
0111111111111111
0111111111111111
1100111111111101
1000000000000000
1000000000000000
1000000000000000
0111111111111111
0111111111111111
0111111111111111
0111111111111111
1000000000000000
1000000000000000
1000000000000000
1100011001111100
0111111111111111
0111111111111111
0111111111111111
1101000001100010
1000000000000000
1000000000000000
1000000000000000
0111111111111111
0111111111111111
0111111111111111
0111111111111111
1000000000000000
1000000000000000
1000000000000000
1100011010001110
0111111111111111
0111111111111111
0111111111111111
1100111101100101
1000000000000000
1000000000000000
1000000000000000
0111111111111111
0111111111111111
0111111111111111
0111111111111111
1000000000000000
1000000000000000
1000000000000000
1100011101110100
0111111111111111
0111111111111111
0111111111111111
1101000001010111
1000000000000000
1000000000000000
1000000000000000
0111111111111111
0111111111111111
0111111111111111
0111111111111111
1000000000000000
1000000000000000
1000000000000000
1100011110010000
0111111111111111
0111111111111111
0111111111111111
1100111111011100
1000000000000000
1000000000000000
1000000000000000
0111111111111111
0111111111111111
0111111111111111
0111111111111111
1000000000000000
1000000000000000
1000000000000000
1100011100100110
0111111111111111
0111111111111111
0111111111111111
1101000001000010
1000000000000000
1000000000000000
1000000000000000
0111111111111111
0111111111111111
0111111111111111
0111111111111111
1000000000000000
1000000000000000
1000000000000000
1100011000101010
0111111111111111
0111111111111111
0111111111111111
1101000001010101
1000000000000000
1000000000000000
1000000000000000
0111111111111111
0111111111111111
0111111111111111
0111111111111111
1000000000000000
1000000000000000
1000000000000000
1100011110001110
0111111111111111
0111111111111111
0111111111111111
1101000010010110
1000000000000000
1000000000000000
1000000000000000
0111111111111111
0111111111111111
0111111111111111
0111111111111111
1000000000000000
1000000000000000
1000000000000000
1100011011011100
0111111111111111
0111111111111111
0111111111111111
1100111011110110
1000000000000000
1000000000000000
1000000000000000
0111111111111111
0111111111111111
0111111111111111
0111111111111111
1000000000000000
1000000000000000
1000000000000000
1100011100110111
0111111111111111
0111111111111111
0111111111111111
1101000000001001
1000000000000000
1000000000000000
1000000000000000
0111111111111111
0111111111111111
0111111111111111
0111111111111111
1000000000000000
1000000000000000
1000000000000000
1100011010011010
0111111111111111
0111111111111111
0111111111111111
1100111111010000
1000000000000000
1000000000000000
1000000000000000
0111111111111111
0111111111111111
0111111111111111
0111111111111111
1000000000000000
1000000000000000
1000000000000000
1100011100000011
0111111111111111
0111111111111111
0111111111111111
1101000010100010
1000000000000000
1000000000000000
1000000000000000
0111111111111111
0111111111111111
0111111111111111
0111111111111111
1000000000000000
1000000000000000
1000000000000000
1100011011000101
0111111111111111
0111111111111111
0111111111111111
1100111110000010
1000000000000000
1000000000000000
1000000000000000
0111111111111111
0111111111111111
0111111111111111
0111111111111111
1000000000000000
1000000000000000
1000000000000000
1100010110010011
0111111111111111
0111111111111111
0111111111111111
1101000010101010
1000000000000000
1000000000000000
1000000000000000
0111111111111111
0111111111111111
0111111111111111
0111111111111111
1000000000000000
1000000000000000
1000000000000000
1100011010010000
0111111111111111
0111111111111111
0111111111111111
1100111101011010
1000000000000000
1000000000000000
1000000000000000
0111111111111111
0111111111111111
0111111111111111
0111111111111111
1000000000000000
1000000000000000
1000000000000000
1100011010010100
0111111111111111
0111111111111111
0111111111111111
1101000010010011
1000000000000000
1000000000000000
1000000000000000
0111111111111111
0111111111111111
0111111111111111
0111111111111111
1000000000000000
1000000000000000
1000000000000000
1100100000100100
0111111111111111
0111111111111111
0111111111111111
1100111101111100
1000000000000000
1000000000000000
1000000000000000
0111111111111111
0111111111111111
0111111111111111
0111111111111111
1000000000000000
1000000000000000
1000000000000000
1100011101111111
0111111111111111
0111111111111111
0111111111111111
1100111110100011
1000000000000000
1000000000000000
1000000000000000
0111111111111111
0111111111111111
0111111111111111
0111111111111111
1000000000000000
1000000000000000
1000000000000000
1100011011101001
0111111111111111
0111111111111111
0111111111111111
1101000011011110
1000000000000000
1000000000000000
1000000000000000
0111111111111111
0111111111111111
0111111111111111
0111111111111111
1000000000000000
1000000000000000
1000000000000000
1100011010111010
0111111111111111
0111111111111111
0111111111111111
1100111110101110
1000000000000000
1000000000000000
1000000000000000
0111111111111111
0111111111111111
0111111111111111
0111111111111111
1000000000000000
1000000000000000
1000000000000000
1100011011100110
0111111111111111
0111111111111111
0111111111111111
1100111101010010
1000000000000000
1000000000000000
1000000000000000
0111111111111111
0111111111111111
0111111111111111
0111111111111111
1000000000000000
1000000000000000
1000000000000000
1100011011100110
0111111111111111
0111111111111111
0111111111111111
1101000001011010
1000000000000000
1000000000000000
1000000000000000
0111111111111111
0111111111111111
0111111111111111
0111111111111111
1000000000000000
1000000000000000
1000000000000000
1100011100000101
0111111111111111
0111111111111111
0111111111111111
1100111111010100
1000000000000000
1000000000000000
1000000000000000
0111111111111111
0111111111111111
0111111111111111
0111111111111111
1000000000000000
1000000000000000
1000000000000000
1100011011011011
0111111111111111
0111111111111111
0111111111111111
1100111111101000
1000000000000000
1000000000000000
1000000000000000
0111111111111111
0111111111111111
0111111111111111
0111111111111111
1000000000000000
1000000000000000
1000000000000000
1100011101011100
0111111111111111
0111111111111111
0111111111111111
1100111101001010
1000000000000000
1000000000000000
1000000000000000
0111111111111111
0111111111111111
0111111111111111
0111111111111111
1000000000000000
1000000000000000
1000000000000000
1100011110101011
0111111111111111
0111111111111111
0111111111111111
1101000001011111
1000000000000000
1000000000000000
1000000000000000
0111111111111111
0111111111111111
0111111111111111
0111111111111111
1000000000000000
1000000000000000
1000000000000000
1100011100100100
0111111111111111
0111111111111111
0111111111111111
1100111101101000
1000000000000000
1000000000000000
1000000000000000
0111111111111111
0111111111111111
0111111111111111
0111111111111111
1000000000000000
1000000000000000
1000000000000000
1100011110111100
0111111111111111
0111111111111111
0111111111111111
1101000000101100
1000000000000000
1000000000000000
1000000000000000
0111111111111111
0111111111111111
0111111111111111
0111111111111111
1000000000000000
1000000000000000
1000000000000000
1100011001001010
0111111111111111
0111111111111111
0111111111111111
1101000001111101
1000000000000000
1000000000000000
1000000000000000
0111111111111111
0111111111111111
0111111111111111
0111111111111111
1000000000000000
1000000000000000
1000000000000000
1100011011101100
0111111111111111
0111111111111111
0111111111111111
1100111110100100
1000000000000000
1000000000000000
1000000000000000
0111111111111111
0111111111111111
0111111111111111
0111111111111111
1000000000000000
1000000000000000
1000000000000000
1100011101110000
0111111111111111
0111111111111111
0111111111111111
1101000100010000
1000000000000000
1000000000000000
1000000000000000
0111111111111111
0111111111111111
0111111111111111
0111111111111111
1000000000000000
1000000000000000
1000000000000000
1100011111001001
0111111111111111
0111111111111111
0111111111111111
1100111100111001
1000000000000000
1000000000000000
1000000000000000
0111111111111111
0111111111111111
0111111111111111
0111111111111111
1000000000000000
1000000000000000
1000000000000000
1100011100111100
0111111111111111
0111111111111111
0111111111111111
1101000000011110
1000000000000000
1000000000000000
1000000000000000
0111111111111111
0111111111111111
0111111111111111
0111111111111111
1000000000000000
1000000000000000
1000000000000000
1100011011111111
0111111111111111
0111111111111111
0111111111111111
1100111101001011
1000000000000000
1000000000000000
1000000000000000
0111111111111111
0111111111111111
0111111111111111
0111111111111111
1000000000000000
1000000000000000
1000000000000000
1100011011011001
0111111111111111
0111111111111111
0111111111111111
1100111011011000
1000000000000000
1000000000000000
1000000000000000
0111111111111111
0111111111111111
0111111111111111
0111111111111111
1000000000000000
1000000000000000
1000000000000000
1100011110010111
0111111111111111
0111111111111111
0111111111111111
1101000001101101
1000000000000000
1000000000000000
1000000000000000
0111111111111111
0111111111111111
0111111111111111
0111111111111111
1000000000000000
1000000000000000
1000000000000000
1100011011100010
0111111111111111
0111111111111111
0111111111111111
1100111111010111
1000000000000000
1000000000000000
1000000000000000
0111111111111111
0111111111111111
0111111111111111
0111111111111111
1000000000000000
1000000000000000
1000000000000000
1100011011001011
0111111111111111
0111111111111111
0111111111111111
1101000000101000
1000000000000000
1000000000000000
1000000000000000
0111111111111111
0111111111111111
0111111111111111
0111111111111111
1000000000000000
1000000000000000
1000000000000000
1100011101110010
0111111111111111
0111111111111111
0111111111111111
1101000001000010
1000000000000000
1000000000000000
1000000000000000
0111111111111111
0111111111111111
0111111111111111
0111111111111111
1000000000000000
1000000000000000
1000000000000000
1100011010100101
0111111111111111
0111111111111111
0111111111111111
1100111111101101
1000000000000000
1000000000000000
1000000000000000
0111111111111111
0111111111111111
0111111111111111
0111111111111111
1000000000000000
1000000000000000
1000000000000000
1100011011101001
0111111111111111
0111111111111111
0111111111111111
1100111111000010
1000000000000000
1000000000000000
1000000000000000
0111111111111111
0111111111111111
0111111111111111
0111111111111111
1000000000000000
1000000000000000
1000000000000000
1100010111011100
0111111111111111
0111111111111111
0111111111111111
1101000011111100
1000000000000000
1000000000000000
1000000000000000
0111111111111111
0111111111111111
0111111111111111
0111111111111111
1000000000000000
1000000000000000
1000000000000000
1100011011010011
0111111111111111
0111111111111111
0111111111111111
1100111101010011
1000000000000000
1000000000000000
1000000000000000
0111111111111111
0111111111111111
0111111111111111
0111111111111111
1000000000000000
1000000000000000
1000000000000000
1100011000001111
0111111111111111
0111111111111111
0111111111111111
1100111110010001
1000000000000000
1000000000000000
1000000000000000
0111111111111111
0111111111111111
0111111111111111
0111111111111111
1000000000000000
1000000000000000
1000000000000000
1100011100101000
0111111111111111
0111111111111111
0111111111111111
1101000011011111
1000000000000000
1000000000000000
1000000000000000
0111111111111111
0111111111111111
0111111111111111
0111111111111111
1000000000000000
1000000000000000
1000000000000000
1100011100111010
0111111111111111
0111111111111111
0111111111111111
1100111110111001
1000000000000000
1000000000000000
1000000000000000
0111111111111111
0111111111111111
0111111111111111
0111111111111111
1000000000000000
1000000000000000
1000000000000000
1100011100100010
0111111111111111
0111111111111111
0111111111111111
1100111111001010
1000000000000000
1000000000000000
1000000000000000
0111111111111111
0111111111111111
0111111111111111
0111111111111111
1000000000000000
1000000000000000
1000000000000000
1100011010011001
0111111111111111
0111111111111111
0111111111111111
1100111110101000
1000000000000000
1000000000000000
1000000000000000
0111111111111111
0111111111111111
0111111111111111
0111111111111111
1000000000000000
1000000000000000
1000000000000000
1100011001101010
0111111111111111
0111111111111111
0111111111111111
1100111110111000
1000000000000000
1000000000000000
1000000000000000
0111111111111111
0111111111111111
0111111111111111
0111111111111111
1000000000000000
1000000000000000
1000000000000000
1100011100100000
0111111111111111
0111111111111111
0111111111111111
1101000001010010
1000000000000000
1000000000000000
1000000000000000
0111111111111111
0111111111111111
0111111111111111
0111111111111111
1000000000000000
1000000000000000
1000000000000000
1100011001110001
0111111111111111
0111111111111111
0111111111111111
1100111110100010
1000000000000000
1000000000000000
1000000000000000
0111111111111111
0111111111111111
0111111111111111
0111111111111111
1000000000000000
1000000000000000
