0000000000000000
1111101110110111
0111111111111111
0111111111111111
1010011110111011
1000000000000000
0111111111111111
0111111111111111
1000000000000000
1000000000000000
0111111111111111
0111111111111111
1000000000000000
1000000000000000
0111111111111111
0111111111111111
1000000000000000
1001011011110111
0111111111111111
1010100001010011
1000000000000000
0111111111111111
0111111111111111
1000000000000000
1000000000000000
0111111111111111
0111111111111111
1000000000000000
1000000000000000
0111111111111111
0111111111111111
1000000000000000
1001011101001101
0111111111111111
1010100000101010
1000000000000000
0111111111111111
0111111111111111
1000000000000000
1000000000000000
0111111111111111
0111111111111111
1000000000000000
1000000000000000
0111111111111111
0111111111111111
1000000000000000
1001011101100111
0111111111111111
1010011110010001
1000000000000000
0111111111111111
0111111111111111
1000000000000000
1000000000000000
0111111111111111
0111111111111111
1000000000000000
1000000000000000
0111111111111111
0111111111111111
1000000000000000
1001011011101011
0111111111111111
1010100000011000
1000000000000000
0111111111111111
0111111111111111
1000000000000000
1000000000000000
0111111111111111
0111111111111111
1000000000000000
1000000000000000
0111111111111111
0111111111111111
1000000000000000
1001100001100111
0111111111111111
1010011101011000
1000000000000000
0111111111111111
0111111111111111
1000000000000000
1000000000000000
0111111111111111
0111111111111111
1000000000000000
1000000000000000
0111111111111111
0111111111111111
1000000000000000
1001100010111110
0111111111111111
1010011111010001
1000000000000000
0111111111111111
0111111111111111
1000000000000000
1000000000000000
0111111111111111
0111111111111111
1000000000000000
1000000000000000
0111111111111111
0111111111111111
1000000000000000
1001011011001011
0111111111111111
1010011101111010
1000000000000000
0111111111111111
0111111111111111
1000000000000000
1000000000000000
0111111111111111
0111111111111111
1000000000000000
1000000000000000
0111111111111111
0111111111111111
1000000000000000
1001011001110111
0111111111111111
1010100011110100
1000000000000000
0111111111111111
0111111111111111
1000000000000000
1000000000000000
0111111111111111
0111111111111111
1000000000000000
1000000000000000
0111111111111111
0111111111111111
1000000000000000
1001011110001010
0111111111111111
1010100011000100
1000000000000000
0111111111111111
0111111111111111
1000000000000000
1000000000000000
0111111111111111
0111111111111111
1000000000000000
1000000000000000
0111111111111111
0111111111111111
1000000000000000
1001011011010101
0111111111111111
1010100001011101
1000000000000000
0111111111111111
0111111111111111
1000000000000000
1000000000000000
0111111111111111
0111111111111111
1000000000000000
1000000000000000
0111111111111111
0111111111111111
1000000000000000
1001011100100001
0111111111111111
1010011101101110
1000000000000000
0111111111111111
0111111111111111
1000000000000000
1000000000000000
0111111111111111
0111111111111111
1000000000000000
1000000000000000
0111111111111111
0111111111111111
1000000000000000
1001011110001111
0111111111111111
1010100100011101
1000000000000000
0111111111111111
0111111111111111
1000000000000000
1000000000000000
0111111111111111
0111111111111111
1000000000000000
1000000000000000
0111111111111111
0111111111111111
1000000000000000
1001011101010111
0111111111111111
1010100000001100
1000000000000000
0111111111111111
0111111111111111
1000000000000000
1000000000000000
0111111111111111
0111111111111111
1000000000000000
1000000000000000
0111111111111111
0111111111111111
1000000000000000
1001100010101101
0111111111111111
1010011110111100
1000000000000000
0111111111111111
0111111111111111
1000000000000000
1000000000000000
0111111111111111
0111111111111111
1000000000000000
1000000000000000
0111111111111111
0111111111111111
1000000000000000
1001011100000110
0111111111111111
1010100000011110
1000000000000000
0111111111111111
0111111111111111
1000000000000000
1000000000000000
0111111111111111
0111111111111111
1000000000000000
1000000000000000
0111111111111111
0111111111111111
1000000000000000
1001011101110010
0111111111111111
1010011101101100
1000000000000000
0111111111111111
0111111111111111
1000000000000000
1000000000000000
0111111111111111
0111111111111111
1000000000000000
1000000000000000
0111111111111111
0111111111111111
1000000000000000
1001100010001110
0111111111111111
1010100000100010
1000000000000000
0111111111111111
0111111111111111
1000000000000000
1000000000000000
0111111111111111
0111111111111111
1000000000000000
1000000000000000
0111111111111111
0111111111111111
1000000000000000
1001011111010110
0111111111111111
1010100010101110
1000000000000000
0111111111111111
0111111111111111
1000000000000000
1000000000000000
0111111111111111
0111111111111111
1000000000000000
1000000000000000
0111111111111111
0111111111111111
1000000000000000
1001011111101110
0111111111111111
1010100000111010
1000000000000000
0111111111111111
0111111111111111
1000000000000000
1000000000000000
0111111111111111
0111111111111111
1000000000000000
1000000000000000
0111111111111111
0111111111111111
1000000000000000
1001100000001110
0111111111111111
1010100000111100
1000000000000000
0111111111111111
0111111111111111
1000000000000000
1000000000000000
0111111111111111
0111111111111111
1000000000000000
1000000000000000
0111111111111111
0111111111111111
1000000000000000
1001011100111000
0111111111111111
1010100100000110
1000000000000000
0111111111111111
0111111111111111
1000000000000000
1000000000000000
0111111111111111
0111111111111111
1000000000000000
1000000000000000
0111111111111111
0111111111111111
1000000000000000
1001100000111110
0111111111111111
1010100011001111
1000000000000000
0111111111111111
0111111111111111
1000000000000000
1000000000000000
0111111111111111
0111111111111111
1000000000000000
1000000000000000
0111111111111111
0111111111111111
1000000000000000
1001011101101111
0111111111111111
1010100010110100
1000000000000000
0111111111111111
0111111111111111
1000000000000000
1000000000000000
0111111111111111
0111111111111111
1000000000000000
1000000000000000
0111111111111111
0111111111111111
1000000000000000
1001011111100000
0111111111111111
1010011110111100
1000000000000000
0111111111111111
0111111111111111
1000000000000000
1000000000000000
0111111111111111
0111111111111111
1000000000000000
1000000000000000
0111111111111111
0111111111111111
1000000000000000
1001011110011111
0111111111111111
1010100011010111
1000000000000000
0111111111111111
0111111111111111
1000000000000000
1000000000000000
0111111111111111
0111111111111111
1000000000000000
1000000000000000
0111111111111111
0111111111111111
1000000000000000
1001011110100010
0111111111111111
1010100011101101
1000000000000000
0111111111111111
0111111111111111
1000000000000000
1000000000000000
0111111111111111
0111111111111111
1000000000000000
1000000000000000
0111111111111111
0111111111111111
1000000000000000
1001011111001010
0111111111111111
1010100000010100
1000000000000000
0111111111111111
0111111111111111
1000000000000000
1000000000000000
0111111111111111
0111111111111111
1000000000000000
1000000000000000
0111111111111111
0111111111111111
1000000000000000
1001011111010100
0111111111111111
1010100000001000
1000000000000000
0111111111111111
0111111111111111
1000000000000000
1000000000000000
0111111111111111
0111111111111111
1000000000000000
1000000000000000
0111111111111111
0111111111111111
1000000000000000
1001011111100110
0111111111111111
1010011101101110
1000000000000000
0111111111111111
0111111111111111
1000000000000000
1000000000000000
0111111111111111
0111111111111111
1000000000000000
1000000000000000
0111111111111111
0111111111111111
1000000000000000
1001011011000111
0111111111111111
1010100001011000
1000000000000000
0111111111111111
0111111111111111
1000000000000000
1000000000000000
0111111111111111
0111111111111111
1000000000000000
1000000000000000
0111111111111111
0111111111111111
1000000000000000
1001100001110000
0111111111111111
1010100100011101
1000000000000000
0111111111111111
0111111111111111
1000000000000000
1000000000000000
0111111111111111
0111111111111111
1000000000000000
1000000000000000
0111111111111111
0111111111111111
1000000000000000
1001011110110111
0111111111111111
1010011110111000
1000000000000000
0111111111111111
0111111111111111
1000000000000000
1000000000000000
0111111111111111
0111111111111111
1000000000000000
1000000000000000
0111111111111111
0111111111111111
1000000000000000
1001011111000101
0111111111111111
1010100011011100
1000000000000000
0111111111111111
0111111111111111
1000000000000000
1000000000000000
0111111111111111
0111111111111111
1000000000000000
1000000000000000
0111111111111111
0111111111111111
1000000000000000
1001011101100011
0111111111111111
1010100010100001
1000000000000000
0111111111111111
0111111111111111
1000000000000000
1000000000000000
0111111111111111
0111111111111111
1000000000000000
1000000000000000
0111111111111111
0111111111111111
1000000000000000
1001011110010001
0111111111111111
1010011100101110
1000000000000000
0111111111111111
0111111111111111
1000000000000000
1000000000000000
0111111111111111
0111111111111111
1000000000000000
1000000000000000
0111111111111111
0111111111111111
1000000000000000
1001011011000000
0111111111111111
1010011011011111
1000000000000000
0111111111111111
0111111111111111
1000000000000000
1000000000000000
0111111111111111
0111111111111111
1000000000000000
1000000000000000
0111111111111111
0111111111111111
1000000000000000
1001100010101100
0111111111111111
1010100001100010
1000000000000000
0111111111111111
0111111111111111
1000000000000000
1000000000000000
0111111111111111
0111111111111111
1000000000000000
1000000000000000
0111111111111111
0111111111111111
1000000000000000
1001100000000010
0111111111111111
1010011101000110
1000000000000000
0111111111111111
0111111111111111
1000000000000000
1000000000000000
0111111111111111
0111111111111111
1000000000000000
1000000000000000
0111111111111111
0111111111111111
1000000000000000
1001100001110101
0111111111111111
1010100001111010
1000000000000000
0111111111111111
0111111111111111
1000000000000000
1000000000000000
0111111111111111
0111111111111111
1000000000000000
1000000000000000
0111111111111111
0111111111111111
1000000000000000
1001100001000110
0111111111111111
1010100001010001
1000000000000000
0111111111111111
0111111111111111
1000000000000000
1000000000000000
0111111111111111
0111111111111111
1000000000000000
1000000000000000
0111111111111111
0111111111111111
1000000000000000
1001011110110010
0111111111111111
1010100000000101
1000000000000000
0111111111111111
0111111111111111
1000000000000000
1000000000000000
0111111111111111
0111111111111111
1000000000000000
1000000000000000
0111111111111111
0111111111111111
1000000000000000
1001011010001111
0111111111111111
1010011110011010
1000000000000000
0111111111111111
0111111111111111
1000000000000000
1000000000000000
0111111111111111
0111111111111111
1000000000000000
1000000000000000
0111111111111111
0111111111111111
1000000000000000
1001011011110000
0111111111111111
1010100010001011
1000000000000000
0111111111111111
0111111111111111
1000000000000000
1000000000000000
0111111111111111
0111111111111111
1000000000000000
1000000000000000
0111111111111111
0111111111111111
1000000000000000
1001011111110111
0111111111111111
1010100010010100
1000000000000000
0111111111111111
0111111111111111
1000000000000000
1000000000000000
0111111111111111
0111111111111111
1000000000000000
1000000000000000
0111111111111111
0111111111111111
1000000000000000
1001011110000110
0111111111111111
1010100001101010
1000000000000000
0111111111111111
0111111111111111
1000000000000000
1000000000000000
0111111111111111
0111111111111111
1000000000000000
1000000000000000
0111111111111111
0111111111111111
1000000000000000
1001011101101110
0111111111111111
1010100010010011
1000000000000000
0111111111111111
0111111111111111
1000000000000000
1000000000000000
0111111111111111
0111111111111111
1000000000000000
1000000000000000
0111111111111111
0111111111111111
1000000000000000
1001100000011110
0111111111111111
1010100011001110
1000000000000000
0111111111111111
0111111111111111
1000000000000000
1000000000000000
0111111111111111
0111111111111111
1000000000000000
1000000000000000
0111111111111111
0111111111111111
1000000000000000
1001011110010001
0111111111111111
1010100101011100
1000000000000000
0111111111111111
0111111111111111
1000000000000000
1000000000000000
0111111111111111
0111111111111111
1000000000000000
1000000000000000
0111111111111111
0111111111111111
1000000000000000
1001011101001001
0111111111111111
1010011100011011
1000000000000000
0111111111111111
0111111111111111
1000000000000000
1000000000000000
0111111111111111
0111111111111111
1000000000000000
1000000000000000
0111111111111111
0111111111111111
1000000000000000
1001011100100000
0111111111111111
1010011111110101
1000000000000000
0111111111111111
0111111111111111
1000000000000000
1000000000000000
0111111111111111
0111111111111111
1000000000000000
1000000000000000
0111111111111111
0111111111111111
1000000000000000
1001100010100101
0111111111111111
1010100110011101
1000000000000000
0111111111111111
0111111111111111
1000000000000000
1000000000000000
0111111111111111
0111111111111111
1000000000000000
1000000000000000
0111111111111111
0111111111111111
1000000000000000
1001011000101100
0111111111111111
1010100001001101
1000000000000000
0111111111111111
0111111111111111
1000000000000000
1000000000000000
0111111111111111
0111111111111111
1000000000000000
1000000000000000
0111111111111111
0111111111111111
1000000000000000
1001100001111011
0111111111111111
1010011101011001
1000000000000000
0111111111111111
0111111111111111
1000000000000000
1000000000000000
0111111111111111
0111111111111111
1000000000000000
1000000000000000
0111111111111111
0111111111111111
1000000000000000
1001100001111100
0111111111111111
1010100001001110
1000000000000000
0111111111111111
0111111111111111
1000000000000000
1000000000000000
0111111111111111
0111111111111111
1000000000000000
1000000000000000
0111111111111111
0111111111111111
1000000000000000
1001100010011101
0111111111111111
1010011101101111
1000000000000000
0111111111111111
0111111111111111
1000000000000000
1000000000000000
0111111111111111
0111111111111111
1000000000000000
1000000000000000
0111111111111111
0111111111111111
1000000000000000
1001011100101110
0111111111111111
1010100010100010
1000000000000000
0111111111111111
0111111111111111
1000000000000000
1000000000000000
0111111111111111
0111111111111111
1000000000000000
1000000000000000
0111111111111111
0111111111111111
1000000000000000
1001011110011001
0111111111111111
1010100001011010
1000000000000000
0111111111111111
0111111111111111
1000000000000000
1000000000000000
0111111111111111
0111111111111111
1000000000000000
1000000000000000
0111111111111111
0111111111111111
1000000000000000
1001011111000110
0111111111111111
1010100001010101
1000000000000000
0111111111111111
0111111111111111
1000000000000000
1000000000000000
0111111111111111
0111111111111111
1000000000000000
1000000000000000
0111111111111111
0111111111111111
1000000000000000
1001011011000110
0111111111111111
1010100000011001
1000000000000000
0111111111111111
0111111111111111
1000000000000000
1000000000000000
0111111111111111
0111111111111111
1000000000000000
1000000000000000
0111111111111111
0111111111111111
1000000000000000
1001100010001000
0111111111111111
1010011111111101
1000000000000000
0111111111111111
0111111111111111
1000000000000000
1000000000000000
0111111111111111
0111111111111111
1000000000000000
1000000000000000
0111111111111111
0111111111111111
1000000000000000
1001011011011001
0111111111111111
1010100000101111
1000000000000000
0111111111111111
0111111111111111
1000000000000000
1000000000000000
0111111111111111
0111111111111111
1000000000000000
1000000000000000
0111111111111111
0111111111111111
1000000000000000
1001100100000000
0111111111111111
1010100010010001
1000000000000000
0111111111111111
0111111111111111
1000000000000000
1000000000000000
0111111111111111
0111111111111111
1000000000000000
1000000000000000
0111111111111111
0111111111111111
1000000000000000
1001011000101100
0111111111111111
1010100010110000
1000000000000000
0111111111111111
0111111111111111
1000000000000000
1000000000000000
0111111111111111
0111111111111111
1000000000000000
1000000000000000
0111111111111111
0111111111111111
1000000000000000
1001011011101100
0111111111111111
1010100000011100
1000000000000000
0111111111111111
0111111111111111
1000000000000000
1000000000000000
0111111111111111
0111111111111111
1000000000000000
1000000000000000
0111111111111111
0111111111111111
1000000000000000
1001011110100101
0111111111111111
1010011110101000
1000000000000000
0111111111111111
0111111111111111
1000000000000000
1000000000000000
0111111111111111
0111111111111111
1000000000000000
1000000000000000
0111111111111111
0111111111111111
1000000000000000
1001011111010000
0111111111111111
1010100101010101
1000000000000000
0111111111111111
0111111111111111
1000000000000000
1000000000000000
0111111111111111
0111111111111111
1000000000000000
1000000000000000
0111111111111111
0111111111111111
1000000000000000
1001100001011011
0111111111111111
1010011110000001
1000000000000000
0111111111111111
0111111111111111
1000000000000000
1000000000000000
0111111111111111
0111111111111111
1000000000000000
1000000000000000
0111111111111111
0111111111111111
1000000000000000
1001011111101110
0111111111111111
1010011101010000
1000000000000000
0111111111111111
0111111111111111
1000000000000000
1000000000000000
0111111111111111
0111111111111111
1000000000000000
1000000000000000
0111111111111111
0111111111111111
1000000000000000
1001011111001110
0111111111111111
1010100100001000
1000000000000000
0111111111111111
0111111111111111
1000000000000000
1000000000000000
0111111111111111
0111111111111111
1000000000000000
1000000000000000
0111111111111111
0111111111111111
1000000000000000
1001011111111110
0111111111111111
1010100010000010
1000000000000000
0111111111111111
0111111111111111
1000000000000000
1000000000000000
0111111111111111
0111111111111111
1000000000000000
1000000000000000
0111111111111111
0111111111111111
1000000000000000
1001011011000100
0111111111111111
1010100101000000
1000000000000000
0111111111111111
0111111111111111
1000000000000000
1000000000000000
0111111111111111
0111111111111111
1000000000000000
1000000000000000
0111111111111111
0111111111111111
1000000000000000
1001100010011111
0111111111111111
1010100000000001
1000000000000000
0111111111111111
0111111111111111
1000000000000000
1000000000000000
0111111111111111
0111111111111111
1000000000000000
1000000000000000
0111111111111111
0111111111111111
1000000000000000
1001011111001100
0111111111111111
1010011111110111
1000000000000000
0111111111111111
0111111111111111
1000000000000000
1000000000000000
0111111111111111
0111111111111111
1000000000000000
1000000000000000
0111111111111111
0111111111111111
1000000000000000
1001011111110001
0111111111111111
1010100010100010
1000000000000000
0111111111111111
0111111111111111
1000000000000000
1000000000000000
0111111111111111
0111111111111111
1000000000000000
1000000000000000
0111111111111111
0111111111111111
1000000000000000
1001100010111001
0111111111111111
1010100000001010
1000000000000000
0111111111111111
0111111111111111
1000000000000000
1000000000000000
0111111111111111
0111111111111111
1000000000000000
1000000000000000
0111111111111111
0111111111111111
1000000000000000
1001100100111110
0111111111111111
1010011001110100
1000000000000000
0111111111111111
0111111111111111
1000000000000000
1000000000000000
0111111111111111
0111111111111111
1000000000000000
1000000000000000
0111111111111111
0111111111111111
1000000000000000
1001011010110011
0111111111111111
1010100001100000
1000000000000000
0111111111111111
0111111111111111
1000000000000000
1000000000000000
0111111111111111
0111111111111111
1000000000000000
1000000000000000
0111111111111111
0111111111111111
1000000000000000
1001011111111000
0111111111111111
1010011101011011
1000000000000000
0111111111111111
0111111111111111
1000000000000000
1000000000000000
0111111111111111
0111111111111111
1000000000000000
1000000000000000
0111111111111111
0111111111111111
1000000000000000
1001100010101101
0111111111111111
1010011111000001
1000000000000000
0111111111111111
0111111111111111
1000000000000000
1000000000000000
0111111111111111
0111111111111111
1000000000000000
1000000000000000
0111111111111111
0111111111111111
1000000000000000
1001100000011001
0111111111111111
1010100001111110
1000000000000000
0111111111111111
0111111111111111
1000000000000000
1000000000000000
0111111111111111
0111111111111111
1000000000000000
1000000000000000
0111111111111111
0111111111111111
1000000000000000
1001100001111000
0111111111111111
1010011110110110
1000000000000000
0111111111111111
0111111111111111
1000000000000000
1000000000000000
0111111111111111
0111111111111111
1000000000000000
1000000000000000
0111111111111111
0111111111111111
1000000000000000
1001100000101000
0111111111111111
1010100000001101
1000000000000000
0111111111111111
0111111111111111
1000000000000000
1000000000000000
0111111111111111
0111111111111111
1000000000000000
1000000000000000
0111111111111111
0111111111111111
1000000000000000
1001011011110000
0111111111111111
1010100000001011
1000000000000000
0111111111111111
0111111111111111
1000000000000000
1000000000000000
0111111111111111
0111111111111111
1000000000000000
1000000000000000
0111111111111111
0111111111111111
1000000000000000
1001011101010010
0111111111111111
1010100001010010
1000000000000000
0111111111111111
0111111111111111
1000000000000000
1000000000000000
0111111111111111
0111111111111111
1000000000000000
1000000000000000
0111111111111111
0111111111111111
1000000000000000
1001011100010110
0111111111111111
1010100010001011
1000000000000000
0111111111111111
0111111111111111
1000000000000000
1000000000000000
0111111111111111
0111111111111111
1000000000000000
1000000000000000
0111111111111111
0111111111111111
1000000000000000
1001011110001110
0111111111111111
1010011111001011
1000000000000000
0111111111111111
0111111111111111
1000000000000000
1000000000000000
0111111111111111
0111111111111111
1000000000000000
1000000000000000
0111111111111111
0111111111111111
1000000000000000
1001011000101100
0111111111111111
1010011101011101
1000000000000000
0111111111111111
0111111111111111
1000000000000000
1000000000000000
0111111111111111
0111111111111111
1000000000000000
1000000000000000
0111111111111111
0111111111111111
1000000000000000
1001100000110100
0111111111111111
1010100001110110
1000000000000000
0111111111111111
0111111111111111
1000000000000000
1000000000000000
0111111111111111
0111111111111111
1000000000000000
1000000000000000
0111111111111111
0111111111111111
1000000000000000
1001011110101100
0111111111111111
1010011111011101
1000000000000000
0111111111111111
0111111111111111
1000000000000000
1000000000000000
0111111111111111
0111111111111111
1000000000000000
1000000000000000
0111111111111111
0111111111111111
1000000000000000
1001011110111111
0111111111111111
1010011111111110
1000000000000000
0111111111111111
0111111111111111
1000000000000000
1000000000000000
0111111111111111
0111111111111111
1000000000000000
1000000000000000
0111111111111111
0111111111111111
1000000000000000
1001011110011110
0111111111111111
1010011101011010
1000000000000000
0111111111111111
0111111111111111
1000000000000000
1000000000000000
0111111111111111
0111111111111111
1000000000000000
1000000000000000
0111111111111111
0111111111111111
1000000000000000
1001100010011110
0111111111111111
1010100000100001
1000000000000000
0111111111111111
0111111111111111
1000000000000000
1000000000000000
0111111111111111
0111111111111111
1000000000000000
1000000000000000
0111111111111111
0111111111111111
1000000000000000
1001100000110101
0111111111111111
1010100000111100
1000000000000000
0111111111111111
0111111111111111
1000000000000000
1000000000000000
0111111111111111
0111111111111111
1000000000000000
1000000000000000
0111111111111111
0111111111111111
1000000000000000
1001011110001010
0111111111111111
1010100000011110
1000000000000000
0111111111111111
0111111111111111
1000000000000000
1000000000000000
0111111111111111
0111111111111111
1000000000000000
1000000000000000
0111111111111111
0111111111111111
1000000000000000
1001011001111000
0111111111111111
1010100010101110
1000000000000000
0111111111111111
0111111111111111
1000000000000000
1000000000000000
0111111111111111
0111111111111111
1000000000000000
1000000000000000
0111111111111111
0111111111111111
1000000000000000
1001100000011010
0111111111111111
1010100101111111
1000000000000000
0111111111111111
0111111111111111
1000000000000000
1000000000000000
0111111111111111
0111111111111111
1000000000000000
1000000000000000
0111111111111111
0111111111111111
1000000000000000
1001100000010100
0111111111111111
1010100001101101
1000000000000000
0111111111111111
0111111111111111
1000000000000000
1000000000000000
0111111111111111
0111111111111111
1000000000000000
1000000000000000
0111111111111111
0111111111111111
1000000000000000
1001100100011100
0111111111111111
1010011111111000
1000000000000000
0111111111111111
0111111111111111
1000000000000000
1000000000000000
0111111111111111
0111111111111111
1000000000000000
1000000000000000
0111111111111111
0111111111111111
1000000000000000
1001100001000011
0111111111111111
1010100001110111
1000000000000000
0111111111111111
0111111111111111
1000000000000000
1000000000000000
0111111111111111
0111111111111111
1000000000000000
1000000000000000
0111111111111111
0111111111111111
1000000000000000
1001100001011100
0111111111111111
1010011101110010
1000000000000000
0111111111111111
0111111111111111
1000000000000000
1000000000000000
0111111111111111
0111111111111111
1000000000000000
1000000000000000
0111111111111111
0111111111111111
1000000000000000
1001011111100000
0111111111111111
1010100000110001
1000000000000000
0111111111111111
0111111111111111
1000000000000000
1000000000000000
0111111111111111
0111111111111111
1000000000000000
1000000000000000
0111111111111111
0111111111111111
1000000000000000
1001011111110011
0111111111111111
1010011111100000
1000000000000000
0111111111111111
0111111111111111
1000000000000000
1000000000000000
0111111111111111
0111111111111111
1000000000000000
1000000000000000
0111111111111111
0111111111111111
1000000000000000
1001011110110100
0111111111111111
1010100001111101
1000000000000000
0111111111111111
0111111111111111
1000000000000000
1000000000000000
0111111111111111
0111111111111111
1000000000000000
1000000000000000
0111111111111111
0111111111111111
1000000000000000
1001011100100001
0111111111111111
1010100001010100
1000000000000000
0111111111111111
0111111111111111
1000000000000000
1000000000000000
0111111111111111
0111111111111111
1000000000000000
1000000000000000
0111111111111111
0111111111111111
1000000000000000
1001011100110110
0111111111111111
1010100000001101
1000000000000000
0111111111111111
0111111111111111
1000000000000000
1000000000000000
0111111111111111
0111111111111111
1000000000000000
1000000000000000
0111111111111111
0111111111111111
1000000000000000
1001100000001111
0111111111111111
1010100000001000
1000000000000000
0111111111111111
0111111111111111
1000000000000000
1000000000000000
0111111111111111
0111111111111111
1000000000000000
1000000000000000
0111111111111111
0111111111111111
1000000000000000
1001100000101110
0111111111111111
1010100001100101
1000000000000000
0111111111111111
0111111111111111
1000000000000000
1000000000000000
0111111111111111
0111111111111111
1000000000000000
1000000000000000
0111111111111111
0111111111111111
1000000000000000
1001011001001001
0111111111111111
1010011111111110
1000000000000000
0111111111111111
0111111111111111
1000000000000000
1000000000000000
0111111111111111
0111111111111111
1000000000000000
1000000000000000
0111111111111111
0111111111111111
1000000000000000
1001011111001111
0111111111111111
1010011011000100
1000000000000000
0111111111111111
0111111111111111
1000000000000000
1000000000000000
0111111111111111
0111111111111111
1000000000000000
1000000000000000
0111111111111111
0111111111111111
1000000000000000
1001011110110100
0111111111111111
1010011101101000
1000000000000000
0111111111111111
0111111111111111
1000000000000000
1000000000000000
0111111111111111
0111111111111111
1000000000000000
1000000000000000
0111111111111111
0111111111111111
1000000000000000
1001011111110110
0111111111111111
1010011110111101
1000000000000000
0111111111111111
0111111111111111
1000000000000000
1000000000000000
0111111111111111
0111111111111111
1000000000000000
1000000000000000
0111111111111111
0111111111111111
1000000000000000
1001011101110011
0111111111111111
1010011011001010
1000000000000000
0111111111111111
0111111111111111
1000000000000000
1000000000000000
0111111111111111
0111111111111111
1000000000000000
1000000000000000
0111111111111111
0111111111111111
1000000000000000
1001100010000010
0111111111111111
1010011111100010
1000000000000000
0111111111111111
0111111111111111
1000000000000000
1000000000000000
0111111111111111
0111111111111111
1000000000000000
1000000000000000
0111111111111111
0111111111111111
1000000000000000
1001011110101111
0111111111111111
1010100010101110
1000000000000000
0111111111111111
0111111111111111
1000000000000000
1000000000000000
0111111111111111
0111111111111111
1000000000000000
1000000000000000
0111111111111111
0111111111111111
1000000000000000
1001011111110100
0111111111111111
1010011100101101
1000000000000000
0111111111111111
0111111111111111
1000000000000000
1000000000000000
0111111111111111
0111111111111111
1000000000000000
1000000000000000
0111111111111111
0111111111111111
1000000000000000
1001100011101110
0111111111111111
1010011100101011
1000000000000000
0111111111111111
0111111111111111
1000000000000000
1000000000000000
0111111111111111
0111111111111111
1000000000000000
1000000000000000
0111111111111111
0111111111111111
1000000000000000
1001011001000101
0111111111111111
1010100001010011
1000000000000000
0111111111111111
0111111111111111
1000000000000000
1000000000000000
0111111111111111
0111111111111111
1000000000000000
1000000000000000
0111111111111111
0111111111111111
1000000000000000
1001011111110101
0111111111111111
1010100001100000
1000000000000000
0111111111111111
0111111111111111
1000000000000000
1000000000000000
0111111111111111
0111111111111111
1000000000000000
1000000000000000
0111111111111111
0111111111111111
1000000000000000
1001011111011101
0111111111111111
1010100011001010
1000000000000000
0111111111111111
0111111111111111
1000000000000000
1000000000000000
0111111111111111
0111111111111111
1000000000000000
1000000000000000
0111111111111111
0111111111111111
1000000000000000
1001100000011101
0111111111111111
1010100001101000
1000000000000000
0111111111111111
0111111111111111
1000000000000000
1000000000000000
0111111111111111
0111111111111111
1000000000000000
1000000000000000
0111111111111111
0111111111111111
1000000000000000
1001011100001010
0111111111111111
1010100011000111
1000000000000000
0111111111111111
0111111111111111
1000000000000000
1000000000000000
0111111111111111
0111111111111111
1000000000000000
1000000000000000
0111111111111111
0111111111111111
1000000000000000
1001011000001011
0111111111111111
1010100001000001
1000000000000000
0111111111111111
0111111111111111
1000000000000000
1000000000000000
0111111111111111
0111111111111111
1000000000000000
1000000000000000
0111111111111111
0111111111111111
1000000000000000
1001011011010010
0111111111111111
1010100000011001
1000000000000000
0111111111111111
0111111111111111
1000000000000000
1000000000000000
0111111111111111
0111111111111111
1000000000000000
1000000000000000
0111111111111111
0111111111111111
1000000000000000
1001100010111111
0111111111111111
1010011110101100
1000000000000000
0111111111111111
0111111111111111
1000000000000000
1000000000000000
0111111111111111
0111111111111111
1000000000000000
1000000000000000
0111111111111111
0111111111111111
1000000000000000
1001011010101011
0111111111111111
1010100011000011
1000000000000000
0111111111111111
0111111111111111
1000000000000000
1000000000000000
0111111111111111
0111111111111111
1000000000000000
1000000000000000
0111111111111111
0111111111111111
1000000000000000
1001011111101011
0111111111111111
1010011101100110
1000000000000000
0111111111111111
0111111111111111
1000000000000000
1000000000000000
0111111111111111
0111111111111111
1000000000000000
1000000000000000
0111111111111111
0111111111111111
1000000000000000
1001100000010001
0111111111111111
1010011111010101
1000000000000000
0111111111111111
0111111111111111
1000000000000000
1000000000000000
0111111111111111
0111111111111111
1000000000000000
1000000000000000
0111111111111111
0111111111111111
1000000000000000
1001100001011000
0111111111111111
1010100000111111
1000000000000000
0111111111111111
0111111111111111
1000000000000000
1000000000000000
0111111111111111
0111111111111111
1000000000000000
1000000000000000
0111111111111111
0111111111111111
1000000000000000
1001100000000100
0111111111111111
1010100011011010
1000000000000000
0111111111111111
0111111111111111
1000000000000000
1000000000000000
0111111111111111
0111111111111111
1000000000000000
1000000000000000
0111111111111111
0111111111111111
1000000000000000
1001011111101010
0111111111111111
1010011110101100
1000000000000000
0111111111111111
0111111111111111
1000000000000000
1000000000000000
0111111111111111
0111111111111111
1000000000000000
1000000000000000
0111111111111111
0111111111111111
1000000000000000
1001100000001111
0111111111111111
1010100110111101
1000000000000000
0111111111111111
0111111111111111
1000000000000000
1000000000000000
0111111111111111
0111111111111111
1000000000000000
1000000000000000
0111111111111111
0111111111111111
1000000000000000
1001011001110000
0111111111111111
1010011100000001
1000000000000000
0111111111111111
0111111111111111
1000000000000000
1000000000000000
0111111111111111
0111111111111111
1000000000000000
1000000000000000
0111111111111111
0111111111111111
1000000000000000
1001011111111100
0111111111111111
1010011111110010
