0000000000000000
1111111100100111
1111110010001111
1111110000100110
0111111111111111
0111111111111111
0111111111111111
0111111111111111
1000000000000000
1000000000000000
1000000000000000
1100011001110101
0111111111111111
0111111111111111
0111111111111111
1101000000000101
1000000000000000
1000000000000000
1000000000000000
0111111111111111
0111111111111111
0111111111111111
0111111111111111
1000000000000000
1000000000000000
1000000000000000
1100011100011111
0111111111111111
0111111111111111
0111111111111111
1101000010000110
1000000000000000
1000000000000000
1000000000000000
0111111111111111
0111111111111111
0111111111111111
0111111111111111
1000000000000000
1000000000000000
1000000000000000
1100011100110110
0111111111111111
0111111111111111
0111111111111111
1100111110101010
1000000000000000
1000000000000000
1000000000000000
0111111111111111
0111111111111111
0111111111111111
0111111111111111
1000000000000000
1000000000000000
1000000000000000
1100011011001001
0111111111111111
0111111111111111
0111111111111111
1100111111011110
1000000000000000
1000000000000000
1000000000000000
0111111111111111
0111111111111111
0111111111111111
0111111111111111
1000000000000000
1000000000000000
1000000000000000
1100011010011010
0111111111111111
0111111111111111
0111111111111111
1101000011100101
1000000000000000
1000000000000000
1000000000000000
0111111111111111
0111111111111111
0111111111111111
0111111111111111
1000000000000000
1000000000000000
1000000000000000
1100011010110110
0111111111111111
0111111111111111
0111111111111111
1101000001011111
1000000000000000
1000000000000000
1000000000000000
0111111111111111
0111111111111111
0111111111111111
0111111111111111
1000000000000000
1000000000000000
1000000000000000
1100011101110001
0111111111111111
0111111111111111
0111111111111111
1100111011011110
1000000000000000
1000000000000000
1000000000000000
0111111111111111
0111111111111111
0111111111111111
0111111111111111
1000000000000000
1000000000000000
1000000000000000
1100011010001110
0111111111111111
0111111111111111
0111111111111111
1100111110011010
1000000000000000
1000000000000000
1000000000000000
0111111111111111
0111111111111111
0111111111111111
0111111111111111
1000000000000000
1000000000000000
1000000000000000
1100011010101110
0111111111111111
0111111111111111
0111111111111111
1101000100100011
1000000000000000
1000000000000000
1000000000000000
0111111111111111
0111111111111111
0111111111111111
0111111111111111
1000000000000000
1000000000000000
1000000000000000
1100011000011111
0111111111111111
0111111111111111
0111111111111111
1100111101000011
1000000000000000
1000000000000000
1000000000000000
0111111111111111
0111111111111111
0111111111111111
0111111111111111
1000000000000000
1000000000000000
1000000000000000
1100011100000101
0111111111111111
0111111111111111
0111111111111111
1100111101001001
1000000000000000
1000000000000000
1000000000000000
0111111111111111
0111111111111111
0111111111111111
0111111111111111
1000000000000000
1000000000000000
1000000000000000
1100011101100111
0111111111111111
0111111111111111
0111111111111111
1101000000101010
1000000000000000
1000000000000000
1000000000000000
0111111111111111
0111111111111111
0111111111111111
0111111111111111
1000000000000000
1000000000000000
1000000000000000
1100011011011100
0111111111111111
0111111111111111
0111111111111111
1101000001001000
1000000000000000
1000000000000000
1000000000000000
0111111111111111
0111111111111111
0111111111111111
0111111111111111
1000000000000000
1000000000000000
1000000000000000
1100011101110000
0111111111111111
0111111111111111
0111111111111111
1100111111111001
1000000000000000
1000000000000000
1000000000000000
0111111111111111
0111111111111111
0111111111111111
0111111111111111
1000000000000000
1000000000000000
1000000000000000
1100011001011001
0111111111111111
0111111111111111
0111111111111111
1101000000110111
1000000000000000
1000000000000000
1000000000000000
0111111111111111
0111111111111111
0111111111111111
0111111111111111
1000000000000000
1000000000000000
1000000000000000
1100011100010101
0111111111111111
0111111111111111
0111111111111111
1101000001110010
1000000000000000
1000000000000000
1000000000000000
0111111111111111
0111111111111111
0111111111111111
0111111111111111
1000000000000000
1000000000000000
1000000000000000
1100010111111111
0111111111111111
0111111111111111
0111111111111111
1101000000100010
1000000000000000
1000000000000000
1000000000000000
0111111111111111
0111111111111111
0111111111111111
0111111111111111
1000000000000000
1000000000000000
1000000000000000
1100011010000100
0111111111111111
0111111111111111
0111111111111111
1101000000010010
1000000000000000
1000000000000000
1000000000000000
0111111111111111
0111111111111111
0111111111111111
0111111111111111
1000000000000000
1000000000000000
1000000000000000
1100011110001111
0111111111111111
0111111111111111
0111111111111111
1100111110010100
1000000000000000
1000000000000000
1000000000000000
0111111111111111
0111111111111111
0111111111111111
0111111111111111
1000000000000000
1000000000000000
1000000000000000
1100011011110101
0111111111111111
0111111111111111
0111111111111111
1100111111110110
1000000000000000
1000000000000000
1000000000000000
0111111111111111
0111111111111111
0111111111111111
0111111111111111
1000000000000000
1000000000000000
1000000000000000
1100011000100001
0111111111111111
0111111111111111
0111111111111111
1100111111000110
1000000000000000
1000000000000000
1000000000000000
0111111111111111
0111111111111111
0111111111111111
0111111111111111
1000000000000000
1000000000000000
1000000000000000
1100011000111011
0111111111111111
0111111111111111
0111111111111111
1100111111001011
1000000000000000
1000000000000000
1000000000000000
0111111111111111
0111111111111111
0111111111111111
0111111111111111
1000000000000000
1000000000000000
1000000000000000
1100011011010111
0111111111111111
0111111111111111
0111111111111111
1100111111110110
1000000000000000
1000000000000000
1000000000000000
0111111111111111
0111111111111111
0111111111111111
0111111111111111
1000000000000000
1000000000000000
1000000000000000
1100011110000001
0111111111111111
0111111111111111
0111111111111111
1100111110001111
1000000000000000
1000000000000000
1000000000000000
0111111111111111
0111111111111111
0111111111111111
0111111111111111
1000000000000000
1000000000000000
1000000000000000
1100011111000101
0111111111111111
0111111111111111
0111111111111111
1101000001001011
1000000000000000
1000000000000000
1000000000000000
0111111111111111
0111111111111111
0111111111111111
0111111111111111
1000000000000000
1000000000000000
1000000000000000
1100011010010100
0111111111111111
0111111111111111
0111111111111111
1101000001000110
1000000000000000
1000000000000000
1000000000000000
0111111111111111
0111111111111111
0111111111111111
0111111111111111
1000000000000000
1000000000000000
1000000000000000
1100011000100001
0111111111111111
0111111111111111
0111111111111111
1101000010111011
1000000000000000
1000000000000000
1000000000000000
0111111111111111
0111111111111111
0111111111111111
0111111111111111
1000000000000000
1000000000000000
1000000000000000
1100011100000111
0111111111111111
0111111111111111
0111111111111111
1101000000110001
1000000000000000
1000000000000000
1000000000000000
0111111111111111
0111111111111111
0111111111111111
0111111111111111
1000000000000000
1000000000000000
1000000000000000
1100011010101111
0111111111111111
0111111111111111
0111111111111111
1100111111101010
1000000000000000
1000000000000000
1000000000000000
0111111111111111
0111111111111111
0111111111111111
0111111111111111
1000000000000000
1000000000000000
1000000000000000
1100011110010101
0111111111111111
0111111111111111
0111111111111111
1101000001110110
1000000000000000
1000000000000000
1000000000000000
0111111111111111
0111111111111111
0111111111111111
0111111111111111
1000000000000000
1000000000000000
1000000000000000
1100011100011111
0111111111111111
0111111111111111
0111111111111111
1100111111110000
1000000000000000
1000000000000000
1000000000000000
0111111111111111
0111111111111111
0111111111111111
0111111111111111
1000000000000000
1000000000000000
1000000000000000
1100011100100111
0111111111111111
0111111111111111
0111111111111111
1101000000001001
1000000000000000
1000000000000000
1000000000000000
0111111111111111
0111111111111111
0111111111111111
0111111111111111
1000000000000000
1000000000000000
1000000000000000
1100011100001100
0111111111111111
0111111111111111
0111111111111111
1100111111111111
1000000000000000
1000000000000000
1000000000000000
0111111111111111
0111111111111111
0111111111111111
0111111111111111
1000000000000000
1000000000000000
1000000000000000
1100011010011101
0111111111111111
0111111111111111
0111111111111111
1101000001011101
1000000000000000
1000000000000000
1000000000000000
0111111111111111
0111111111111111
0111111111111111
0111111111111111
1000000000000000
1000000000000000
1000000000000000
1100100000100100
0111111111111111
0111111111111111
0111111111111111
1100111111101100
1000000000000000
1000000000000000
1000000000000000
0111111111111111
0111111111111111
0111111111111111
0111111111111111
1000000000000000
1000000000000000
1000000000000000
1100011100011011
0111111111111111
0111111111111111
0111111111111111
1100111110111100
1000000000000000
1000000000000000
1000000000000000
0111111111111111
0111111111111111
0111111111111111
0111111111111111
1000000000000000
1000000000000000
1000000000000000
1100011110001001
0111111111111111
0111111111111111
0111111111111111
1100111110110100
1000000000000000
1000000000000000
1000000000000000
0111111111111111
0111111111111111
0111111111111111
0111111111111111
1000000000000000
1000000000000000
1000000000000000
1100011011110000
0111111111111111
0111111111111111
0111111111111111
1101000011001011
1000000000000000
1000000000000000
1000000000000000
0111111111111111
0111111111111111
0111111111111111
0111111111111111
1000000000000000
1000000000000000
1000000000000000
1100011011000001
0111111111111111
0111111111111111
0111111111111111
1100111110101101
1000000000000000
1000000000000000
1000000000000000
0111111111111111
0111111111111111
0111111111111111
0111111111111111
1000000000000000
1000000000000000
1000000000000000
1100011010011011
0111111111111111
0111111111111111
0111111111111111
1100111111010100
1000000000000000
1000000000000000
1000000000000000
0111111111111111
0111111111111111
0111111111111111
0111111111111111
1000000000000000
1000000000000000
1000000000000000
1100011100110001
0111111111111111
0111111111111111
0111111111111111
1101000001100101
1000000000000000
1000000000000000
1000000000000000
0111111111111111
0111111111111111
0111111111111111
0111111111111111
1000000000000000
1000000000000000
1000000000000000
1100011011101100
0111111111111111
0111111111111111
0111111111111111
1101000010101001
1000000000000000
1000000000000000
1000000000000000
0111111111111111
0111111111111111
0111111111111111
0111111111111111
1000000000000000
1000000000000000
1000000000000000
1100011011111100
0111111111111111
0111111111111111
0111111111111111
1100111110011110
1000000000000000
1000000000000000
1000000000000000
0111111111111111
0111111111111111
0111111111111111
0111111111111111
1000000000000000
1000000000000000
1000000000000000
1100011110000110
0111111111111111
0111111111111111
0111111111111111
1100111110110001
1000000000000000
1000000000000000
1000000000000000
0111111111111111
0111111111111111
0111111111111111
0111111111111111
1000000000000000
1000000000000000
1000000000000000
1100011011101010
0111111111111111
0111111111111111
0111111111111111
1100111111010110
1000000000000000
1000000000000000
1000000000000000
0111111111111111
0111111111111111
0111111111111111
0111111111111111
1000000000000000
1000000000000000
1000000000000000
1100011011101001
0111111111111111
0111111111111111
0111111111111111
1100111110100011
1000000000000000
1000000000000000
1000000000000000
0111111111111111
0111111111111111
0111111111111111
0111111111111111
1000000000000000
1000000000000000
1000000000000000
1100011001110100
0111111111111111
0111111111111111
0111111111111111
1101000010000101
1000000000000000
1000000000000000
1000000000000000
0111111111111111
0111111111111111
0111111111111111
0111111111111111
1000000000000000
1000000000000000
1000000000000000
1100011101110001
0111111111111111
0111111111111111
0111111111111111
1101000000111000
1000000000000000
1000000000000000
1000000000000000
0111111111111111
0111111111111111
0111111111111111
0111111111111111
1000000000000000
1000000000000000
1000000000000000
1100011110001000
0111111111111111
0111111111111111
0111111111111111
1100111110001000
1000000000000000
1000000000000000
1000000000000000
0111111111111111
0111111111111111
0111111111111111
0111111111111111
1000000000000000
1000000000000000
1000000000000000
1100011010001110
0111111111111111
0111111111111111
0111111111111111
1100111110000010
1000000000000000
1000000000000000
1000000000000000
0111111111111111
0111111111111111
0111111111111111
0111111111111111
1000000000000000
1000000000000000
1000000000000000
1100011101000100
0111111111111111
0111111111111111
0111111111111111
1101000010010101
1000000000000000
1000000000000000
1000000000000000
0111111111111111
0111111111111111
0111111111111111
0111111111111111
1000000000000000
1000000000000000
1000000000000000
1100011010111101
0111111111111111
0111111111111111
0111111111111111
1101000000010011
1000000000000000
1000000000000000
1000000000000000
0111111111111111
0111111111111111
0111111111111111
0111111111111111
1000000000000000
1000000000000000
1000000000000000
1100011001101101
0111111111111111
0111111111111111
0111111111111111
1100111100010001
1000000000000000
1000000000000000
1000000000000000
0111111111111111
0111111111111111
0111111111111111
0111111111111111
1000000000000000
1000000000000000
1000000000000000
1100011111100010
0111111111111111
0111111111111111
0111111111111111
1100111111001000
1000000000000000
1000000000000000
1000000000000000
0111111111111111
0111111111111111
0111111111111111
0111111111111111
1000000000000000
1000000000000000
1000000000000000
1100011100010001
0111111111111111
0111111111111111
0111111111111111
1100111111001010
1000000000000000
1000000000000000
1000000000000000
0111111111111111
0111111111111111
0111111111111111
0111111111111111
1000000000000000
1000000000000000
1000000000000000
1100011011100101
0111111111111111
0111111111111111
0111111111111111
1101000000110101
1000000000000000
1000000000000000
1000000000000000
0111111111111111
0111111111111111
0111111111111111
0111111111111111
1000000000000000
1000000000000000
1000000000000000
1100011101011000
0111111111111111
0111111111111111
0111111111111111
1100111110100100
1000000000000000
1000000000000000
1000000000000000
0111111111111111
0111111111111111
0111111111111111
0111111111111111
1000000000000000
1000000000000000
1000000000000000
1100011101001110
0111111111111111
0111111111111111
0111111111111111
1101000010100101
1000000000000000
1000000000000000
1000000000000000
0111111111111111
0111111111111111
0111111111111111
0111111111111111
1000000000000000
1000000000000000
1000000000000000
1100011100011111
0111111111111111
0111111111111111
0111111111111111
1100111011110111
1000000000000000
1000000000000000
1000000000000000
0111111111111111
0111111111111111
0111111111111111
0111111111111111
1000000000000000
1000000000000000
1000000000000000
1100011101101101
0111111111111111
0111111111111111
0111111111111111
1100111111110010
1000000000000000
1000000000000000
1000000000000000
0111111111111111
0111111111111111
0111111111111111
0111111111111111
1000000000000000
1000000000000000
1000000000000000
1100011101100100
0111111111111111
0111111111111111
0111111111111111
1101000000101010
1000000000000000
1000000000000000
1000000000000000
0111111111111111
0111111111111111
0111111111111111
0111111111111111
1000000000000000
1000000000000000
1000000000000000
1100011100101100
0111111111111111
0111111111111111
0111111111111111
1100111110100000
1000000000000000
1000000000000000
1000000000000000
0111111111111111
0111111111111111
0111111111111111
0111111111111111
1000000000000000
1000000000000000
1000000000000000
1100011011101010
0111111111111111
0111111111111111
0111111111111111
1100111111110100
1000000000000000
1000000000000000
1000000000000000
0111111111111111
0111111111111111
0111111111111111
0111111111111111
1000000000000000
1000000000000000
1000000000000000
1100011100000101
0111111111111111
0111111111111111
0111111111111111
1101000010100000
1000000000000000
1000000000000000
1000000000000000
0111111111111111
0111111111111111
0111111111111111
0111111111111111
1000000000000000
1000000000000000
1000000000000000
1100011100011110
0111111111111111
0111111111111111
0111111111111111
1101000000000100
1000000000000000
1000000000000000
1000000000000000
0111111111111111
0111111111111111
0111111111111111
0111111111111111
1000000000000000
1000000000000000
1000000000000000
1100011010101100
0111111111111111
0111111111111111
0111111111111111
1100111111110000
1000000000000000
1000000000000000
1000000000000000
0111111111111111
0111111111111111
0111111111111111
0111111111111111
1000000000000000
1000000000000000
1000000000000000
1100011101100000
0111111111111111
0111111111111111
0111111111111111
1101000000001010
1000000000000000
1000000000000000
1000000000000000
0111111111111111
0111111111111111
0111111111111111
0111111111111111
1000000000000000
1000000000000000
1000000000000000
1100100000010111
0111111111111111
0111111111111111
0111111111111111
1100111110101001
1000000000000000
1000000000000000
1000000000000000
0111111111111111
0111111111111111
0111111111111111
0111111111111111
1000000000000000
1000000000000000
1000000000000000
1100011110000100
0111111111111111
0111111111111111
0111111111111111
1101000000000011
1000000000000000
1000000000000000
1000000000000000
0111111111111111
0111111111111111
0111111111111111
0111111111111111
1000000000000000
1000000000000000
1000000000000000
1100011111011001
0111111111111111
0111111111111111
0111111111111111
1100111111100101
1000000000000000
1000000000000000
1000000000000000
0111111111111111
0111111111111111
0111111111111111
0111111111111111
1000000000000000
1000000000000000
1000000000000000
1100011010101000
0111111111111111
0111111111111111
0111111111111111
1100111111010011
1000000000000000
1000000000000000
1000000000000000
0111111111111111
0111111111111111
0111111111111111
0111111111111111
1000000000000000
1000000000000000
1000000000000000
1100011011011110
0111111111111111
0111111111111111
0111111111111111
1101000100001110
1000000000000000
1000000000000000
1000000000000000
0111111111111111
0111111111111111
0111111111111111
0111111111111111
1000000000000000
1000000000000000
1000000000000000
1100011001101001
0111111111111111
0111111111111111
0111111111111111
1100111101010101
1000000000000000
1000000000000000
1000000000000000
0111111111111111
0111111111111111
0111111111111111
0111111111111111
1000000000000000
1000000000000000
1000000000000000
1100011011111001
0111111111111111
0111111111111111
0111111111111111
1101000000100001
1000000000000000
1000000000000000
1000000000000000
0111111111111111
0111111111111111
0111111111111111
0111111111111111
1000000000000000
1000000000000000
1000000000000000
1100011010010111
0111111111111111
0111111111111111
0111111111111111
1101000000110100
1000000000000000
1000000000000000
1000000000000000
0111111111111111
0111111111111111
0111111111111111
0111111111111111
1000000000000000
1000000000000000
1000000000000000
1100011011110101
0111111111111111
0111111111111111
0111111111111111
1101000000101101
1000000000000000
1000000000000000
1000000000000000
0111111111111111
0111111111111111
0111111111111111
0111111111111111
1000000000000000
1000000000000000
1000000000000000
1100011101110111
0111111111111111
0111111111111111
0111111111111111
1101000010010000
1000000000000000
1000000000000000
1000000000000000
0111111111111111
0111111111111111
0111111111111111
0111111111111111
1000000000000000
1000000000000000
1000000000000000
1100011001110001
0111111111111111
0111111111111111
0111111111111111
1100111111001011
1000000000000000
1000000000000000
1000000000000000
0111111111111111
0111111111111111
0111111111111111
0111111111111111
1000000000000000
1000000000000000
1000000000000000
1100011100111011
0111111111111111
0111111111111111
0111111111111111
1100111111000010
1000000000000000
1000000000000000
1000000000000000
0111111111111111
0111111111111111
0111111111111111
0111111111111111
1000000000000000
1000000000000000
1000000000000000
1100011011111000
0111111111111111
0111111111111111
0111111111111111
1100111101010010
1000000000000000
1000000000000000
1000000000000000
0111111111111111
0111111111111111
0111111111111111
0111111111111111
1000000000000000
1000000000000000
1000000000000000
1100011011111001
0111111111111111
0111111111111111
0111111111111111
1100111110010000
1000000000000000
1000000000000000
1000000000000000
0111111111111111
0111111111111111
0111111111111111
0111111111111111
1000000000000000
1000000000000000
1000000000000000
1100011110110100
0111111111111111
0111111111111111
0111111111111111
1101000001101000
1000000000000000
1000000000000000
1000000000000000
0111111111111111
0111111111111111
0111111111111111
0111111111111111
1000000000000000
1000000000000000
1000000000000000
1100011010001111
0111111111111111
0111111111111111
0111111111111111
1100111110001111
1000000000000000
1000000000000000
1000000000000000
0111111111111111
0111111111111111
0111111111111111
0111111111111111
1000000000000000
1000000000000000
1000000000000000
1100011011111101
0111111111111111
0111111111111111
0111111111111111
1100111110100111
1000000000000000
1000000000000000
1000000000000000
0111111111111111
0111111111111111
0111111111111111
0111111111111111
1000000000000000
1000000000000000
1000000000000000
1100011100001010
0111111111111111
0111111111111111
0111111111111111
1100111110110010
1000000000000000
1000000000000000
1000000000000000
0111111111111111
0111111111111111
0111111111111111
0111111111111111
1000000000000000
1000000000000000
1000000000000000
1100011101011001
0111111111111111
0111111111111111
0111111111111111
1100111101000110
1000000000000000
1000000000000000
1000000000000000
0111111111111111
0111111111111111
0111111111111111
0111111111111111
1000000000000000
1000000000000000
1000000000000000
1100011101010000
0111111111111111
0111111111111111
0111111111111111
1101000001100100
1000000000000000
1000000000000000
1000000000000000
0111111111111111
0111111111111111
0111111111111111
0111111111111111
1000000000000000
1000000000000000
1000000000000000
1100011101001101
0111111111111111
0111111111111111
0111111111111111
1101000001100111
1000000000000000
1000000000000000
1000000000000000
0111111111111111
0111111111111111
0111111111111111
0111111111111111
1000000000000000
1000000000000000
1000000000000000
1100011010110100
0111111111111111
0111111111111111
0111111111111111
1100111101111011
1000000000000000
1000000000000000
1000000000000000
0111111111111111
0111111111111111
0111111111111111
0111111111111111
1000000000000000
1000000000000000
1000000000000000
1100011101101101
0111111111111111
0111111111111111
0111111111111111
1100111111100011
1000000000000000
1000000000000000
1000000000000000
0111111111111111
0111111111111111
0111111111111111
0111111111111111
1000000000000000
1000000000000000
1000000000000000
1100011011001101
0111111111111111
0111111111111111
0111111111111111
1100111110000000
1000000000000000
1000000000000000
1000000000000000
0111111111111111
0111111111111111
0111111111111111
0111111111111111
1000000000000000
1000000000000000
1000000000000000
1100011100011111
0111111111111111
0111111111111111
0111111111111111
1100111110111010
1000000000000000
1000000000000000
1000000000000000
0111111111111111
0111111111111111
0111111111111111
0111111111111111
1000000000000000
1000000000000000
1000000000000000
1100011100011110
0111111111111111
0111111111111111
0111111111111111
1101000001001001
1000000000000000
1000000000000000
1000000000000000
0111111111111111
0111111111111111
0111111111111111
0111111111111111
1000000000000000
1000000000000000
1000000000000000
1100011101000111
0111111111111111
0111111111111111
0111111111111111
1100111101110100
1000000000000000
1000000000000000
1000000000000000
0111111111111111
0111111111111111
0111111111111111
0111111111111111
1000000000000000
1000000000000000
1000000000000000
1100011011110010
0111111111111111
0111111111111111
0111111111111111
1100111111010001
1000000000000000
1000000000000000
1000000000000000
0111111111111111
0111111111111111
0111111111111111
0111111111111111
1000000000000000
1000000000000000
1000000000000000
1100011010110111
0111111111111111
0111111111111111
0111111111111111
1101000001000111
1000000000000000
1000000000000000
1000000000000000
0111111111111111
0111111111111111
0111111111111111
0111111111111111
1000000000000000
1000000000000000
1000000000000000
1100011001011101
0111111111111111
0111111111111111
0111111111111111
1100111110001010
1000000000000000
1000000000000000
1000000000000000
0111111111111111
0111111111111111
0111111111111111
0111111111111111
1000000000000000
1000000000000000
1000000000000000
1100011101000001
0111111111111111
0111111111111111
0111111111111111
1101000000110010
1000000000000000
1000000000000000
1000000000000000
0111111111111111
0111111111111111
0111111111111111
0111111111111111
1000000000000000
1000000000000000
1000000000000000
1100011000001011
0111111111111111
0111111111111111
0111111111111111
1101000000001011
1000000000000000
1000000000000000
1000000000000000
0111111111111111
0111111111111111
0111111111111111
0111111111111111
1000000000000000
1000000000000000
1000000000000000
1100011000001101
0111111111111111
0111111111111111
0111111111111111
1101000000110000
1000000000000000
1000000000000000
1000000000000000
0111111111111111
0111111111111111
0111111111111111
0111111111111111
1000000000000000
1000000000000000
1000000000000000
1100011100000111
0111111111111111
0111111111111111
0111111111111111
1100111101001011
1000000000000000
1000000000000000
1000000000000000
0111111111111111
0111111111111111
0111111111111111
0111111111111111
1000000000000000
1000000000000000
1000000000000000
1100011011101001
0111111111111111
0111111111111111
0111111111111111
1100111110100110
1000000000000000
1000000000000000
1000000000000000
0111111111111111
0111111111111111
0111111111111111
0111111111111111
1000000000000000
1000000000000000
1000000000000000
1100011011001000
0111111111111111
0111111111111111
0111111111111111
1100111111011001
1000000000000000
1000000000000000
1000000000000000
0111111111111111
0111111111111111
0111111111111111
0111111111111111
1000000000000000
1000000000000000
1000000000000000
1100011001010101
0111111111111111
0111111111111111
0111111111111111
1100111111110100
1000000000000000
1000000000000000
1000000000000000
0111111111111111
0111111111111111
0111111111111111
0111111111111111
1000000000000000
1000000000000000
1000000000000000
1100011001110110
0111111111111111
0111111111111111
0111111111111111
1100111100111011
1000000000000000
1000000000000000
1000000000000000
0111111111111111
0111111111111111
0111111111111111
0111111111111111
1000000000000000
1000000000000000
1000000000000000
1100011101011111
0111111111111111
0111111111111111
0111111111111111
1100111111111010
1000000000000000
1000000000000000
1000000000000000
0111111111111111
0111111111111111
0111111111111111
0111111111111111
1000000000000000
1000000000000000
1000000000000000
1100011010001000
0111111111111111
0111111111111111
0111111111111111
1100111101111100
1000000000000000
1000000000000000
1000000000000000
0111111111111111
0111111111111111
0111111111111111
0111111111111111
1000000000000000
1000000000000000
1000000000000000
1100011100010111
0111111111111111
0111111111111111
0111111111111111
1101000001101001
1000000000000000
1000000000000000
1000000000000000
0111111111111111
0111111111111111
0111111111111111
0111111111111111
1000000000000000
1000000000000000
1000000000000000
1100011100101011
0111111111111111
0111111111111111
0111111111111111
1100111100110111
1000000000000000
1000000000000000
1000000000000000
0111111111111111
0111111111111111
0111111111111111
0111111111111111
1000000000000000
1000000000000000
1000000000000000
1100011010101111
0111111111111111
0111111111111111
0111111111111111
1101000000011100
1000000000000000
1000000000000000
1000000000000000
0111111111111111
0111111111111111
0111111111111111
0111111111111111
1000000000000000
1000000000000000
1000000000000000
1100011100000011
0111111111111111
0111111111111111
0111111111111111
1100111111101100
1000000000000000
1000000000000000
1000000000000000
0111111111111111
0111111111111111
0111111111111111
0111111111111111
1000000000000000
1000000000000000
1000000000000000
1100011000110100
0111111111111111
0111111111111111
0111111111111111
1100111111110010
1000000000000000
1000000000000000
1000000000000000
0111111111111111
0111111111111111
0111111111111111
0111111111111111
1000000000000000
1000000000000000
1000000000000000
1100011000100100
0111111111111111
0111111111111111
0111111111111111
1101000000100000
1000000000000000
1000000000000000
1000000000000000
0111111111111111
0111111111111111
0111111111111111
0111111111111111
1000000000000000
1000000000000000
1000000000000000
1100011110010001
0111111111111111
0111111111111111
0111111111111111
1101000010111101
1000000000000000
1000000000000000
1000000000000000
0111111111111111
0111111111111111
0111111111111111
0111111111111111
1000000000000000
1000000000000000
1000000000000000
1100011101111100
0111111111111111
0111111111111111
0111111111111111
1100111111100001
1000000000000000
1000000000000000
1000000000000000
0111111111111111
0111111111111111
0111111111111111
0111111111111111
1000000000000000
1000000000000000
1000000000000000
1100011001100000
0111111111111111
0111111111111111
0111111111111111
1101000100010110
1000000000000000
1000000000000000
1000000000000000
0111111111111111
0111111111111111
0111111111111111
0111111111111111
1000000000000000
1000000000000000
1000000000000000
1100011011010011
0111111111111111
0111111111111111
0111111111111111
1101000000001111
1000000000000000
1000000000000000
1000000000000000
0111111111111111
0111111111111111
0111111111111111
0111111111111111
1000000000000000
1000000000000000
1000000000000000
1100011001010011
0111111111111111
0111111111111111
0111111111111111
1101000001110100
1000000000000000
1000000000000000
1000000000000000
0111111111111111
0111111111111111
0111111111111111
0111111111111111
1000000000000000
1000000000000000
1000000000000000
1100011010111100
0111111111111111
0111111111111111
0111111111111111
1100111110000011
1000000000000000
1000000000000000
1000000000000000
0111111111111111
0111111111111111
0111111111111111
0111111111111111
1000000000000000
1000000000000000
1000000000000000
1100011010101000
0111111111111111
0111111111111111
0111111111111111
1101000000100011
1000000000000000
1000000000000000
1000000000000000
0111111111111111
0111111111111111
0111111111111111
0111111111111111
1000000000000000
1000000000000000
1000000000000000
1100011100100101
0111111111111111
0111111111111111
0111111111111111
1101000001111011
1000000000000000
1000000000000000
1000000000000000
0111111111111111
0111111111111111
0111111111111111
0111111111111111
1000000000000000
1000000000000000
1000000000000000
1100011010011000
0111111111111111
0111111111111111
0111111111111111
1101000010110001
1000000000000000
1000000000000000
1000000000000000
0111111111111111
0111111111111111
0111111111111111
0111111111111111
1000000000000000
1000000000000000
1000000000000000
1100011101110000
0111111111111111
0111111111111111
0111111111111111
1100111111100101
1000000000000000
1000000000000000
1000000000000000
0111111111111111
0111111111111111
0111111111111111
0111111111111111
1000000000000000
1000000000000000
1000000000000000
1100011011011110
0111111111111111
0111111111111111
0111111111111111
1100111101001001
1000000000000000
1000000000000000
1000000000000000
0111111111111111
0111111111111111
0111111111111111
0111111111111111
1000000000000000
1000000000000000
1000000000000000
1100011101001011
0111111111111111
0111111111111111
0111111111111111
1100111111000101
1000000000000000
1000000000000000
1000000000000000
0111111111111111
0111111111111111
0111111111111111
0111111111111111
1000000000000000
1000000000000000
1000000000000000
1100011101101010
0111111111111111
0111111111111111
0111111111111111
1101000011011100
1000000000000000
1000000000000000
1000000000000000
0111111111111111
0111111111111111
0111111111111111
0111111111111111
1000000000000000
1000000000000000
1000000000000000
1100011001000000
0111111111111111
0111111111111111
0111111111111111
1101000000111101
1000000000000000
1000000000000000
1000000000000000
0111111111111111
0111111111111111
0111111111111111
0111111111111111
1000000000000000
1000000000000000
1000000000000000
1100011011010001
0111111111111111
0111111111111111
0111111111111111
1100111100100111
1000000000000000
1000000000000000
1000000000000000
0111111111111111
0111111111111111
0111111111111111
0111111111111111
1000000000000000
1000000000000000
1000000000000000
1100011100001110
0111111111111111
0111111111111111
0111111111111111
1100111111001110
1000000000000000
1000000000000000
1000000000000000
0111111111111111
0111111111111111
0111111111111111
0111111111111111
1000000000000000
1000000000000000
1000000000000000
1100011001101100
0111111111111111
0111111111111111
0111111111111111
1101000010100111
1000000000000000
1000000000000000
1000000000000000
0111111111111111
0111111111111111
0111111111111111
0111111111111111
1000000000000000
1000000000000000
1000000000000000
1100011000011100
0111111111111111
0111111111111111
0111111111111111
1101000000110001
1000000000000000
1000000000000000
1000000000000000
0111111111111111
0111111111111111
0111111111111111
0111111111111111
1000000000000000
1000000000000000
1000000000000000
1100011101011111
0111111111111111
0111111111111111
0111111111111111
1101000011010110
1000000000000000
1000000000000000
1000000000000000
0111111111111111
0111111111111111
0111111111111111
0111111111111111
1000000000000000
1000000000000000
1000000000000000
1100011110000110
0111111111111111
0111111111111111
0111111111111111
1101000010000001
1000000000000000
1000000000000000
1000000000000000
0111111111111111
0111111111111111
0111111111111111
0111111111111111
1000000000000000
1000000000000000
1000000000000000
1100011011111110
0111111111111111
0111111111111111
0111111111111111
1100111111101110
1000000000000000
1000000000000000
1000000000000000
0111111111111111
0111111111111111
0111111111111111
0111111111111111
1000000000000000
1000000000000000
1000000000000000
1100011001000011
0111111111111111
0111111111111111
0111111111111111
1101000001101101
1000000000000000
1000000000000000
1000000000000000
0111111111111111
0111111111111111
0111111111111111
0111111111111111
1000000000000000
1000000000000000
1000000000000000
1100011100010011
0111111111111111
0111111111111111
0111111111111111
1100111101010101
1000000000000000
1000000000000000
1000000000000000
0111111111111111
0111111111111111
0111111111111111
0111111111111111
1000000000000000
1000000000000000
1000000000000000
1100011100111010
0111111111111111
0111111111111111
0111111111111111
1101000000101000
1000000000000000
1000000000000000
1000000000000000
0111111111111111
0111111111111111
0111111111111111
0111111111111111
1000000000000000
1000000000000000
1000000000000000
1100011100100011
0111111111111111
0111111111111111
0111111111111111
1101000001000011
1000000000000000
1000000000000000
1000000000000000
0111111111111111
0111111111111111
0111111111111111
0111111111111111
1000000000000000
1000000000000000
1000000000000000
1100011100010010
0111111111111111
0111111111111111
0111111111111111
1101000001000101
1000000000000000
1000000000000000
1000000000000000
0111111111111111
0111111111111111
0111111111111111
0111111111111111
1000000000000000
1000000000000000
1000000000000000
1100011001111110
0111111111111111
0111111111111111
0111111111111111
1101000010101000
1000000000000000
1000000000000000
1000000000000000
0111111111111111
0111111111111111
0111111111111111
0111111111111111
1000000000000000
1000000000000000
1000000000000000
1100011010011110
0111111111111111
0111111111111111
0111111111111111
1101000011001101
1000000000000000
1000000000000000
1000000000000000
0111111111111111
0111111111111111
0111111111111111
0111111111111111
1000000000000000
1000000000000000
1000000000000000
1100011001110000
0111111111111111
0111111111111111
0111111111111111
1100111100101001
1000000000000000
1000000000000000
1000000000000000
0111111111111111
0111111111111111
0111111111111111
0111111111111111
1000000000000000
1000000000000000
1000000000000000
1100011001011111
0111111111111111
0111111111111111
0111111111111111
1100111110001110
1000000000000000
1000000000000000
1000000000000000
0111111111111111
0111111111111111
0111111111111111
0111111111111111
1000000000000000
1000000000000000
1000000000000000
1100011011111110
0111111111111111
0111111111111111
0111111111111111
1101000000001100
1000000000000000
1000000000000000
1000000000000000
0111111111111111
0111111111111111
0111111111111111
0111111111111111
1000000000000000
1000000000000000
1000000000000000
1100011100000111
0111111111111111
0111111111111111
0111111111111111
1100111011111001
1000000000000000
1000000000000000
1000000000000000
0111111111111111
0111111111111111
0111111111111111
0111111111111111
1000000000000000
1000000000000000
1000000000000000
1100011011111011
0111111111111111
0111111111111111
0111111111111111
1100111101101100
1000000000000000
1000000000000000
1000000000000000
0111111111111111
0111111111111111
0111111111111111
0111111111111111
1000000000000000
1000000000000000
1000000000000000
1100011011011011
0111111111111111
0111111111111111
0111111111111111
1101000001000010
1000000000000000
1000000000000000
1000000000000000
0111111111111111
0111111111111111
0111111111111111
0111111111111111
1000000000000000
1000000000000000
1000000000000000
1100011100100011
0111111111111111
0111111111111111
0111111111111111
1100111111010001
1000000000000000
1000000000000000
1000000000000000
0111111111111111
0111111111111111
0111111111111111
0111111111111111
1000000000000000
1000000000000000
1000000000000000
1100011101000010
0111111111111111
0111111111111111
0111111111111111
1100111111111101
1000000000000000
1000000000000000
1000000000000000
0111111111111111
0111111111111111
0111111111111111
0111111111111111
1000000000000000
1000000000000000
1000000000000000
1100011101110101
0111111111111111
0111111111111111
0111111111111111
1100111111000101
1000000000000000
1000000000000000
1000000000000000
0111111111111111
0111111111111111
0111111111111111
0111111111111111
1000000000000000
1000000000000000
1000000000000000
1100011101100011
0111111111111111
0111111111111111
0111111111111111
1100111110101110
1000000000000000
1000000000000000
1000000000000000
0111111111111111
0111111111111111
0111111111111111
0111111111111111
1000000000000000
1000000000000000
1000000000000000
1100011010100101
0111111111111111
0111111111111111
0111111111111111
1101000000010100
1000000000000000
1000000000000000
1000000000000000
0111111111111111
0111111111111111
0111111111111111
0111111111111111
1000000000000000
1000000000000000
1000000000000000
1100011011101010
0111111111111111
0111111111111111
0111111111111111
1100111101100101
1000000000000000
1000000000000000
1000000000000000
0111111111111111
0111111111111111
0111111111111111
0111111111111111
1000000000000000
1000000000000000
1000000000000000
1100011010001111
0111111111111111
0111111111111111
0111111111111111
1100111110011111
1000000000000000
1000000000000000
1000000000000000
0111111111111111
0111111111111111
0111111111111111
0111111111111111
1000000000000000
1000000000000000
1000000000000000
1100011000100010
0111111111111111
0111111111111111
0111111111111111
1100111110100111
1000000000000000
1000000000000000
1000000000000000
0111111111111111
0111111111111111
0111111111111111
0111111111111111
1000000000000000
1000000000000000
1000000000000000
1100011101010100
0111111111111111
0111111111111111
0111111111111111
1100111111010010
1000000000000000
1000000000000000
1000000000000000
0111111111111111
0111111111111111
0111111111111111
0111111111111111
1000000000000000
1000000000000000
1000000000000000
1100011100000101
0111111111111111
0111111111111111
0111111111111111
1100111111110111
1000000000000000
1000000000000000
1000000000000000
0111111111111111
0111111111111111
0111111111111111
0111111111111111
1000000000000000
1000000000000000
1000000000000000
1100011010011000
0111111111111111
0111111111111111
0111111111111111
1101000011100011
1000000000000000
1000000000000000
1000000000000000
0111111111111111
0111111111111111
0111111111111111
0111111111111111
1000000000000000
1000000000000000
1000000000000000
1100010111101100
0111111111111111
0111111111111111
0111111111111111
1100111110011011
1000000000000000
1000000000000000
1000000000000000
0111111111111111
0111111111111111
0111111111111111
0111111111111111
1000000000000000
1000000000000000
1000000000000000
1100011010001100
0111111111111111
0111111111111111
0111111111111111
1101000001101001
1000000000000000
1000000000000000
1000000000000000
0111111111111111
0111111111111111
0111111111111111
0111111111111111
1000000000000000
1000000000000000
1000000000000000
1100011101001100
0111111111111111
0111111111111111
0111111111111111
1100111110110000
1000000000000000
1000000000000000
1000000000000000
0111111111111111
0111111111111111
0111111111111111
0111111111111111
1000000000000000
1000000000000000
1000000000000000
1100011101111010
0111111111111111
0111111111111111
0111111111111111
1100111111011010
1000000000000000
1000000000000000
1000000000000000
0111111111111111
0111111111111111
0111111111111111
0111111111111111
1000000000000000
1000000000000000
1000000000000000
1100011010010101
0111111111111111
0111111111111111
0111111111111111
1101000010010001
1000000000000000
1000000000000000
1000000000000000
0111111111111111
0111111111111111
0111111111111111
0111111111111111
1000000000000000
1000000000000000
1000000000000000
1100011010001101
0111111111111111
0111111111111111
0111111111111111
1101000001110100
1000000000000000
1000000000000000
1000000000000000
0111111111111111
0111111111111111
0111111111111111
0111111111111111
1000000000000000
1000000000000000
1000000000000000
1100011010100000
0111111111111111
0111111111111111
0111111111111111
1101000010111110
1000000000000000
1000000000000000
1000000000000000
0111111111111111
0111111111111111
0111111111111111
0111111111111111
1000000000000000
1000000000000000
1000000000000000
1100011100000101
0111111111111111
0111111111111111
0111111111111111
1100111111011111
1000000000000000
1000000000000000
1000000000000000
0111111111111111
0111111111111111
0111111111111111
0111111111111111
1000000000000000
1000000000000000
1000000000000000
1100011100111111
0111111111111111
0111111111111111
0111111111111111
1101000000000110
1000000000000000
1000000000000000
1000000000000000
0111111111111111
0111111111111111
0111111111111111
0111111111111111
1000000000000000
1000000000000000
1000000000000000
1100011100000010
0111111111111111
0111111111111111
0111111111111111
1101000010010011
1000000000000000
1000000000000000
1000000000000000
0111111111111111
0111111111111111
0111111111111111
0111111111111111
1000000000000000
1000000000000000
1000000000000000
1100011010010110
0111111111111111
0111111111111111
0111111111111111
1100111111111100
1000000000000000
1000000000000000
1000000000000000
0111111111111111
0111111111111111
0111111111111111
0111111111111111
1000000000000000
1000000000000000
1000000000000000
1100011111111110
0111111111111111
0111111111111111
0111111111111111
1101000010000101
1000000000000000
1000000000000000
1000000000000000
0111111111111111
0111111111111111
0111111111111111
0111111111111111
1000000000000000
1000000000000000
1000000000000000
1100011011110100
0111111111111111
0111111111111111
0111111111111111
1100111110110101
1000000000000000
1000000000000000
1000000000000000
0111111111111111
0111111111111111
0111111111111111
0111111111111111
1000000000000000
1000000000000000
1000000000000000
1100011000110010
0111111111111111
0111111111111111
0111111111111111
1100111111111010
1000000000000000
1000000000000000
1000000000000000
0111111111111111
0111111111111111
0111111111111111
0111111111111111
1000000000000000
1000000000000000
1000000000000000
1100011100111001
0111111111111111
0111111111111111
0111111111111111
1100111111010101
1000000000000000
1000000000000000
1000000000000000
0111111111111111
0111111111111111
0111111111111111
0111111111111111
1000000000000000
1000000000000000
1000000000000000
1100011001111001
0111111111111111
0111111111111111
0111111111111111
1100111101010100
1000000000000000
1000000000000000
1000000000000000
0111111111111111
0111111111111111
0111111111111111
0111111111111111
1000000000000000
1000000000000000
1000000000000000
1100011101101010
0111111111111111
0111111111111111
0111111111111111
1100111111001000
1000000000000000
1000000000000000
1000000000000000
0111111111111111
0111111111111111
0111111111111111
0111111111111111
1000000000000000
1000000000000000
1000000000000000
1100011011011111
0111111111111111
0111111111111111
0111111111111111
1100111110111010
1000000000000000
1000000000000000
1000000000000000
0111111111111111
0111111111111111
0111111111111111
0111111111111111
1000000000000000
1000000000000000
1000000000000000
1100011001001010
0111111111111111
0111111111111111
0111111111111111
1100111111100010
1000000000000000
1000000000000000
1000000000000000
0111111111111111
0111111111111111
0111111111111111
0111111111111111
1000000000000000
1000000000000000
1000000000000000
1100011010011110
0111111111111111
0111111111111111
0111111111111111
1100111101111100
1000000000000000
1000000000000000
1000000000000000
0111111111111111
0111111111111111
0111111111111111
0111111111111111
1000000000000000
1000000000000000
1000000000000000
1100011110101111
0111111111111111
0111111111111111
0111111111111111
1101000001111010
1000000000000000
1000000000000000
1000000000000000
0111111111111111
0111111111111111
0111111111111111
0111111111111111
1000000000000000
1000000000000000
1000000000000000
1100011011110001
0111111111111111
0111111111111111
0111111111111111
1101000001010111
1000000000000000
1000000000000000
1000000000000000
0111111111111111
0111111111111111
0111111111111111
0111111111111111
1000000000000000
1000000000000000
1000000000000000
1100011110011010
0111111111111111
0111111111111111
0111111111111111
1100111100111100
1000000000000000
1000000000000000
1000000000000000
0111111111111111
0111111111111111
0111111111111111
0111111111111111
1000000000000000
1000000000000000
1000000000000000
1100011100111000
0111111111111111
0111111111111111
0111111111111111
1100111110010001
1000000000000000
1000000000000000
1000000000000000
0111111111111111
0111111111111111
0111111111111111
0111111111111111
1000000000000000
1000000000000000
1000000000000000
1100011010000000
0111111111111111
0111111111111111
0111111111111111
1100111110011101
1000000000000000
1000000000000000
1000000000000000
0111111111111111
0111111111111111
0111111111111111
0111111111111111
1000000000000000
1000000000000000
1000000000000000
1100011101011001
0111111111111111
0111111111111111
0111111111111111
1101000000100100
1000000000000000
1000000000000000
1000000000000000
0111111111111111
0111111111111111
0111111111111111
0111111111111111
1000000000000000
1000000000000000
1000000000000000
1100011101110100
0111111111111111
0111111111111111
0111111111111111
1100111111101110
1000000000000000
1000000000000000
1000000000000000
0111111111111111
0111111111111111
0111111111111111
0111111111111111
1000000000000000
1000000000000000
1000000000000000
1100011101010100
0111111111111111
0111111111111111
0111111111111111
1100111101100011
1000000000000000
1000000000000000
1000000000000000
0111111111111111
0111111111111111
0111111111111111
0111111111111111
1000000000000000
1000000000000000
1000000000000000
1100011011110001
0111111111111111
0111111111111111
0111111111111111
1100111110110001
1000000000000000
1000000000000000
1000000000000000
0111111111111111
0111111111111111
0111111111111111
0111111111111111
1000000000000000
1000000000000000
1000000000000000
1100011001010110
0111111111111111
0111111111111111
0111111111111111
1101000000110000
1000000000000000
1000000000000000
1000000000000000
0111111111111111
0111111111111111
0111111111111111
0111111111111111
1000000000000000
1000000000000000
1000000000000000
1100011100100101
0111111111111111
0111111111111111
0111111111111111
1101000010001110
1000000000000000
1000000000000000
1000000000000000
0111111111111111
0111111111111111
0111111111111111
0111111111111111
1000000000000000
1000000000000000
1000000000000000
1100011000100011
0111111111111111
0111111111111111
0111111111111111
1101000000111111
1000000000000000
1000000000000000
1000000000000000
0111111111111111
0111111111111111
0111111111111111
0111111111111111
1000000000000000
1000000000000000
1000000000000000
1100011010111011
0111111111111111
0111111111111111
0111111111111111
1100111111011111
1000000000000000
1000000000000000
1000000000000000
0111111111111111
0111111111111111
0111111111111111
0111111111111111
1000000000000000
1000000000000000
1000000000000000
1100010111010011
0111111111111111
0111111111111111
0111111111111111
1100111101010100
1000000000000000
1000000000000000
1000000000000000
0111111111111111
0111111111111111
0111111111111111
0111111111111111
1000000000000000
1000000000000000
1000000000000000
1100011011100000
0111111111111111
0111111111111111
0111111111111111
1100111111110101
1000000000000000
1000000000000000
1000000000000000
0111111111111111
0111111111111111
0111111111111111
0111111111111111
1000000000000000
1000000000000000
1000000000000000
1100011011001011
0111111111111111
0111111111111111
0111111111111111
1100111111010100
1000000000000000
1000000000000000
1000000000000000
0111111111111111
0111111111111111
0111111111111111
0111111111111111
1000000000000000
1000000000000000
1000000000000000
1100011100101001
0111111111111111
0111111111111111
0111111111111111
1101000000111010
1000000000000000
1000000000000000
1000000000000000
0111111111111111
0111111111111111
0111111111111111
0111111111111111
1000000000000000
1000000000000000
1000000000000000
1100011010110000
0111111111111111
0111111111111111
0111111111111111
1101000010001110
1000000000000000
1000000000000000
1000000000000000
0111111111111111
0111111111111111
0111111111111111
0111111111111111
1000000000000000
1000000000000000
1000000000000000
1100011011101010
0111111111111111
0111111111111111
0111111111111111
1100111110010100
1000000000000000
1000000000000000
1000000000000000
0111111111111111
0111111111111111
0111111111111111
0111111111111111
1000000000000000
1000000000000000
1000000000000000
1100011101100110
0111111111111111
0111111111111111
0111111111111111
1100111111110001
1000000000000000
1000000000000000
1000000000000000
0111111111111111
0111111111111111
0111111111111111
0111111111111111
1000000000000000
1000000000000000
1000000000000000
1100011010110010
0111111111111111
0111111111111111
0111111111111111
1100111110111001
1000000000000000
1000000000000000
1000000000000000
0111111111111111
0111111111111111
0111111111111111
0111111111111111
1000000000000000
1000000000000000
1000000000000000
1100011000111010
0111111111111111
0111111111111111
0111111111111111
1100111101011101
1000000000000000
1000000000000000
1000000000000000
0111111111111111
0111111111111111
0111111111111111
0111111111111111
1000000000000000
1000000000000000
1000000000000000
1100011001111011
0111111111111111
0111111111111111
0111111111111111
1101000001111011
1000000000000000
1000000000000000
1000000000000000
0111111111111111
0111111111111111
0111111111111111
0111111111111111
1000000000000000
1000000000000000
1000000000000000
1100011011100111
0111111111111111
0111111111111111
0111111111111111
1101000001001101
1000000000000000
1000000000000000
1000000000000000
0111111111111111
0111111111111111
0111111111111111
0111111111111111
1000000000000000
1000000000000000
1000000000000000
1100011110001000
0111111111111111
0111111111111111
0111111111111111
1100111100110001
1000000000000000
1000000000000000
1000000000000000
0111111111111111
0111111111111111
0111111111111111
0111111111111111
1000000000000000
1000000000000000
1000000000000000
1100011110010111
0111111111111111
0111111111111111
0111111111111111
1101000001110000
1000000000000000
1000000000000000
1000000000000000
0111111111111111
0111111111111111
0111111111111111
0111111111111111
1000000000000000
1000000000000000
1000000000000000
1100011101000111
0111111111111111
0111111111111111
0111111111111111
1101000001011101
1000000000000000
1000000000000000
1000000000000000
0111111111111111
0111111111111111
0111111111111111
0111111111111111
1000000000000000
1000000000000000
1000000000000000
1100011101100110
0111111111111111
0111111111111111
0111111111111111
1101000001010100
1000000000000000
1000000000000000
1000000000000000
0111111111111111
0111111111111111
0111111111111111
0111111111111111
1000000000000000
1000000000000000
1000000000000000
1100011001111011
0111111111111111
0111111111111111
0111111111111111
1100111110001111
1000000000000000
1000000000000000
1000000000000000
0111111111111111
0111111111111111
0111111111111111
0111111111111111
1000000000000000
1000000000000000
1000000000000000
1100011101111011
0111111111111111
0111111111111111
0111111111111111
1101000000111011
1000000000000000
1000000000000000
1000000000000000
0111111111111111
0111111111111111
0111111111111111
0111111111111111
1000000000000000
1000000000000000
1000000000000000
1100011011011000
0111111111111111
0111111111111111
0111111111111111
1101000000100001
1000000000000000
1000000000000000
1000000000000000
0111111111111111
0111111111111111
0111111111111111
0111111111111111
1000000000000000
1000000000000000
1000000000000000
1100011101111000
0111111111111111
0111111111111111
0111111111111111
1100111111111111
1000000000000000
1000000000000000
1000000000000000
0111111111111111
0111111111111111
0111111111111111
0111111111111111
1000000000000000
1000000000000000
1000000000000000
1100011011111101
0111111111111111
0111111111111111
0111111111111111
1101000001011010
1000000000000000
1000000000000000
1000000000000000
0111111111111111
0111111111111111
0111111111111111
0111111111111111
1000000000000000
1000000000000000
1000000000000000
1100011110100011
0111111111111111
0111111111111111
0111111111111111
1100111111000100
1000000000000000
1000000000000000
1000000000000000
0111111111111111
0111111111111111
0111111111111111
0111111111111111
1000000000000000
1000000000000000
1000000000000000
1100011011110001
0111111111111111
0111111111111111
0111111111111111
1101000010010101
1000000000000000
1000000000000000
1000000000000000
0111111111111111
0111111111111111
0111111111111111
0111111111111111
1000000000000000
1000000000000000
1000000000000000
1100011000011100
0111111111111111
0111111111111111
0111111111111111
1101000000111001
1000000000000000
1000000000000000
1000000000000000
0111111111111111
0111111111111111
0111111111111111
0111111111111111
1000000000000000
1000000000000000
1000000000000000
1100011011010011
0111111111111111
0111111111111111
0111111111111111
1101000101010110
1000000000000000
1000000000000000
1000000000000000
0111111111111111
0111111111111111
0111111111111111
0111111111111111
1000000000000000
1000000000000000
1000000000000000
1100011010011100
0111111111111111
0111111111111111
0111111111111111
1101000000111000
1000000000000000
1000000000000000
1000000000000000
0111111111111111
0111111111111111
0111111111111111
0111111111111111
1000000000000000
1000000000000000
1000000000000000
1100011001010000
0111111111111111
0111111111111111
0111111111111111
1100111110101011
1000000000000000
1000000000000000
1000000000000000
0111111111111111
0111111111111111
0111111111111111
0111111111111111
1000000000000000
1000000000000000
1000000000000000
1100011101100000
0111111111111111
0111111111111111
0111111111111111
1100111110101101
1000000000000000
1000000000000000
1000000000000000
0111111111111111
0111111111111111
0111111111111111
0111111111111111
1000000000000000
1000000000000000
1000000000000000
1100011001111111
0111111111111111
0111111111111111
0111111111111111
1100111101101101
1000000000000000
1000000000000000
1000000000000000
0111111111111111
0111111111111111
0111111111111111
0111111111111111
1000000000000000
1000000000000000
1000000000000000
1100011011111101
0111111111111111
0111111111111111
0111111111111111
1100111110111001
1000000000000000
1000000000000000
1000000000000000
0111111111111111
0111111111111111
0111111111111111
0111111111111111
1000000000000000
1000000000000000
1000000000000000
1100011010110010
0111111111111111
0111111111111111
0111111111111111
1100111111110100
1000000000000000
1000000000000000
1000000000000000
0111111111111111
0111111111111111
0111111111111111
0111111111111111
1000000000000000
1000000000000000
1000000000000000
1100011100010100
0111111111111111
0111111111111111
0111111111111111
1101000011011000
1000000000000000
1000000000000000
1000000000000000
0111111111111111
0111111111111111
0111111111111111
0111111111111111
1000000000000000
1000000000000000
1000000000000000
1100011011100001
0111111111111111
0111111111111111
0111111111111111
1101000001000010
1000000000000000
1000000000000000
1000000000000000
0111111111111111
0111111111111111
0111111111111111
0111111111111111
1000000000000000
1000000000000000
1000000000000000
1100011100101101
0111111111111111
0111111111111111
0111111111111111
1100111101001101
1000000000000000
1000000000000000
1000000000000000
0111111111111111
0111111111111111
0111111111111111
0111111111111111
1000000000000000
1000000000000000
1000000000000000
1100011101101100
0111111111111111
0111111111111111
0111111111111111
1100111110011101
1000000000000000
1000000000000000
1000000000000000
0111111111111111
0111111111111111
0111111111111111
0111111111111111
1000000000000000
1000000000000000
1000000000000000
1100011001110100
0111111111111111
0111111111111111
0111111111111111
1100111111101111
1000000000000000
1000000000000000
1000000000000000
0111111111111111
0111111111111111
0111111111111111
0111111111111111
1000000000000000
1000000000000000
1000000000000000
1100011011110110
0111111111111111
0111111111111111
0111111111111111
1100111100011111
1000000000000000
1000000000000000
1000000000000000
0111111111111111
0111111111111111
0111111111111111
0111111111111111
1000000000000000
1000000000000000
1000000000000000
1100011100010011
0111111111111111
0111111111111111
0111111111111111
1100111111011111
1000000000000000
1000000000000000
1000000000000000
0111111111111111
0111111111111111
0111111111111111
0111111111111111
1000000000000000
1000000000000000
1000000000000000
1100011101010111
0111111111111111
0111111111111111
0111111111111111
1101000000000010
1000000000000000
1000000000000000
1000000000000000
0111111111111111
0111111111111111
0111111111111111
0111111111111111
1000000000000000
1000000000000000
1000000000000000
1100011001000100
0111111111111111
0111111111111111
0111111111111111
1100111111111010
1000000000000000
1000000000000000
1000000000000000
0111111111111111
0111111111111111
0111111111111111
0111111111111111
1000000000000000
1000000000000000
1000000000000000
1100011011110000
0111111111111111
0111111111111111
0111111111111111
1100111111110110
1000000000000000
1000000000000000
1000000000000000
0111111111111111
0111111111111111
0111111111111111
0111111111111111
1000000000000000
1000000000000000
1000000000000000
1100011011000001
0111111111111111
0111111111111111
0111111111111111
1101000000110101
1000000000000000
1000000000000000
1000000000000000
0111111111111111
0111111111111111
0111111111111111
0111111111111111
1000000000000000
1000000000000000
1000000000000000
1100011010011000
0111111111111111
0111111111111111
0111111111111111
1100111110101001
1000000000000000
1000000000000000
1000000000000000
0111111111111111
0111111111111111
0111111111111111
0111111111111111
1000000000000000
1000000000000000
1000000000000000
1100011001110111
0111111111111111
0111111111111111
0111111111111111
1100111111100011
1000000000000000
1000000000000000
1000000000000000
0111111111111111
0111111111111111
0111111111111111
0111111111111111
1000000000000000
1000000000000000
1000000000000000
1100011100100011
0111111111111111
0111111111111111
0111111111111111
1101000010110111
1000000000000000
1000000000000000
1000000000000000
0111111111111111
0111111111111111
0111111111111111
0111111111111111
1000000000000000
1000000000000000
1000000000000000
1100011010000101
0111111111111111
0111111111111111
0111111111111111
1101000100000001
1000000000000000
1000000000000000
1000000000000000
0111111111111111
0111111111111111
0111111111111111
0111111111111111
1000000000000000
1000000000000000
1000000000000000
1100011011101010
0111111111111111
0111111111111111
0111111111111111
1100111111100100
1000000000000000
1000000000000000
1000000000000000
0111111111111111
0111111111111111
0111111111111111
0111111111111111
1000000000000000
1000000000000000
1000000000000000
1100011101001110
0111111111111111
0111111111111111
0111111111111111
1100111111101111
1000000000000000
1000000000000000
1000000000000000
0111111111111111
0111111111111111
0111111111111111
0111111111111111
1000000000000000
1000000000000000
1000000000000000
1100011011101010
0111111111111111
0111111111111111
0111111111111111
1101000010010000
1000000000000000
1000000000000000
1000000000000000
0111111111111111
0111111111111111
0111111111111111
0111111111111111
1000000000000000
1000000000000000
1000000000000000
1100011010001001
0111111111111111
0111111111111111
0111111111111111
1100111100111100
1000000000000000
1000000000000000
1000000000000000
0111111111111111
0111111111111111
0111111111111111
0111111111111111
1000000000000000
1000000000000000
1000000000000000
1100011011000011
0111111111111111
0111111111111111
0111111111111111
1101000001000010
1000000000000000
1000000000000000
1000000000000000
0111111111111111
0111111111111111
0111111111111111
0111111111111111
1000000000000000
1000000000000000
1000000000000000
1100011010100010
0111111111111111
0111111111111111
0111111111111111
1100111111100100
1000000000000000
1000000000000000
1000000000000000
0111111111111111
0111111111111111
0111111111111111
0111111111111111
1000000000000000
1000000000000000
1000000000000000
1100011001101101
0111111111111111
0111111111111111
0111111111111111
1101000001100000
1000000000000000
1000000000000000
1000000000000000
0111111111111111
0111111111111111
0111111111111111
0111111111111111
1000000000000000
1000000000000000
1000000000000000
1100100000011101
0111111111111111
0111111111111111
0111111111111111
1101000000010101
1000000000000000
1000000000000000
1000000000000000
0111111111111111
0111111111111111
0111111111111111
0111111111111111
1000000000000000
1000000000000000
1000000000000000
1100011011010111
0111111111111111
0111111111111111
0111111111111111
1101000001110111
1000000000000000
1000000000000000
1000000000000000
0111111111111111
0111111111111111
0111111111111111
0111111111111111
1000000000000000
1000000000000000
1000000000000000
1100011011011101
0111111111111111
0111111111111111
0111111111111111
1101000011000001
1000000000000000
1000000000000000
1000000000000000
0111111111111111
0111111111111111
0111111111111111
0111111111111111
1000000000000000
1000000000000000
1000000000000000
1100011010000101
0111111111111111
0111111111111111
0111111111111111
1101000010000010
1000000000000000
1000000000000000
1000000000000000
0111111111111111
0111111111111111
0111111111111111
0111111111111111
1000000000000000
1000000000000000
1000000000000000
1100011011011110
0111111111111111
0111111111111111
0111111111111111
1100111110111110
1000000000000000
1000000000000000
1000000000000000
0111111111111111
0111111111111111
0111111111111111
0111111111111111
1000000000000000
1000000000000000
1000000000000000
1100011101000101
0111111111111111
0111111111111111
0111111111111111
1101000001101001
1000000000000000
1000000000000000
1000000000000000
0111111111111111
0111111111111111
0111111111111111
0111111111111111
1000000000000000
1000000000000000
1000000000000000
1100011011100011
0111111111111111
0111111111111111
0111111111111111
1100111011101010
1000000000000000
1000000000000000
1000000000000000
0111111111111111
0111111111111111
0111111111111111
0111111111111111
1000000000000000
1000000000000000
1000000000000000
1100011001011110
0111111111111111
0111111111111111
0111111111111111
1100111011010010
1000000000000000
1000000000000000
1000000000000000
0111111111111111
0111111111111111
0111111111111111
0111111111111111
1000000000000000
1000000000000000
1000000000000000
1100011101110001
0111111111111111
0111111111111111
0111111111111111
1101000000101001
1000000000000000
1000000000000000
1000000000000000
0111111111111111
0111111111111111
0111111111111111
0111111111111111
1000000000000000
1000000000000000
1000000000000000
1100011010101101
0111111111111111
0111111111111111
0111111111111111
1101000010101001
1000000000000000
1000000000000000
1000000000000000
0111111111111111
0111111111111111
0111111111111111
0111111111111111
1000000000000000
1000000000000000
1000000000000000
1100011011101101
0111111111111111
0111111111111111
0111111111111111
1100111111010110
1000000000000000
1000000000000000
1000000000000000
0111111111111111
0111111111111111
0111111111111111
0111111111111111
1000000000000000
1000000000000000
1000000000000000
1100011001001010
0111111111111111
0111111111111111
0111111111111111
1100111101011000
1000000000000000
1000000000000000
1000000000000000
0111111111111111
0111111111111111
0111111111111111
0111111111111111
1000000000000000
1000000000000000
1000000000000000
1100011011110100
0111111111111111
0111111111111111
0111111111111111
1101000100010001
1000000000000000
1000000000000000
1000000000000000
0111111111111111
0111111111111111
0111111111111111
0111111111111111
1000000000000000
1000000000000000
1000000000000000
1100011000110101
0111111111111111
0111111111111111
0111111111111111
1101000000111010
1000000000000000
1000000000000000
1000000000000000
0111111111111111
0111111111111111
0111111111111111
0111111111111111
1000000000000000
1000000000000000
1000000000000000
1100011000101010
0111111111111111
0111111111111111
0111111111111111
1101000001110000
1000000000000000
1000000000000000
1000000000000000
0111111111111111
0111111111111111
0111111111111111
0111111111111111
1000000000000000
1000000000000000
1000000000000000
1100011101110000
0111111111111111
0111111111111111
0111111111111111
1100111110001110
1000000000000000
1000000000000000
1000000000000000
0111111111111111
0111111111111111
0111111111111111
0111111111111111
1000000000000000
1000000000000000
1000000000000000
1100011011111100
0111111111111111
0111111111111111
0111111111111111
1101000000000101
1000000000000000
1000000000000000
1000000000000000
0111111111111111
0111111111111111
0111111111111111
0111111111111111
1000000000000000
1000000000000000
1000000000000000
1100011101001011
0111111111111111
0111111111111111
0111111111111111
1100111101101000
1000000000000000
1000000000000000
1000000000000000
0111111111111111
0111111111111111
0111111111111111
0111111111111111
1000000000000000
1000000000000000
1000000000000000
1100011010010101
0111111111111111
0111111111111111
0111111111111111
1100111111000100
1000000000000000
1000000000000000
1000000000000000
0111111111111111
0111111111111111
0111111111111111
0111111111111111
1000000000000000
1000000000000000
1000000000000000
1100011100000010
0111111111111111
0111111111111111
0111111111111111
1100111110110111
1000000000000000
1000000000000000
1000000000000000
0111111111111111
0111111111111111
0111111111111111
0111111111111111
1000000000000000
1000000000000000
1000000000000000
1100011001100101
0111111111111111
0111111111111111
0111111111111111
1101000001000000
1000000000000000
1000000000000000
1000000000000000
0111111111111111
0111111111111111
0111111111111111
0111111111111111
1000000000000000
1000000000000000
1000000000000000
1100011011010100
0111111111111111
0111111111111111
0111111111111111
1100111101101111
1000000000000000
1000000000000000
1000000000000000
0111111111111111
0111111111111111
0111111111111111
0111111111111111
1000000000000000
1000000000000000
1000000000000000
1100011101010100
0111111111111111
0111111111111111
0111111111111111
1101000001011000
1000000000000000
1000000000000000
1000000000000000
0111111111111111
0111111111111111
0111111111111111
0111111111111111
1000000000000000
1000000000000000
