0000000000000000
1111111011110100
1111101111101100
1111100011101000
0111111111111111
0111111111111111
0111111111111111
0111111111111111
1000000000000000
1000000000000000
1000000000000000
1101000010100011
0111111111111111
0111111111111111
0111111111111111
1101100000001100
1000000000000000
1000000000000000
1000000000000000
0111111111111111
0111111111111111
0111111111111111
0111111111111111
1000000000000000
1000000000000000
1000000000000000
1101000011111101
0111111111111111
0111111111111111
0111111111111111
1101100010000101
1000000000000000
1000000000000000
1000000000000000
0111111111111111
0111111111111111
0111111111111111
0111111111111111
1000000000000000
1000000000000000
1000000000000000
1100111111111000
0111111111111111
0111111111111111
0111111111111111
1101100010110010
1000000000000000
1000000000000000
1000000000000000
0111111111111111
0111111111111111
0111111111111111
0111111111111111
1000000000000000
1000000000000000
1000000000000000
1101000000010011
0111111111111111
0111111111111111
0111111111111111
1101100011101110
1000000000000000
1000000000000000
1000000000000000
0111111111111111
0111111111111111
0111111111111111
0111111111111111
1000000000000000
1000000000000000
1000000000000000
1101000100001111
0111111111111111
0111111111111111
0111111111111111
1101011110010000
1000000000000000
1000000000000000
1000000000000000
0111111111111111
0111111111111111
0111111111111111
0111111111111111
1000000000000000
1000000000000000
1000000000000000
1101000000110011
0111111111111111
0111111111111111
0111111111111111
1101011110110001
1000000000000000
1000000000000000
1000000000000000
0111111111111111
0111111111111111
0111111111111111
0111111111111111
1000000000000000
1000000000000000
1000000000000000
1101000100001010
0111111111111111
0111111111111111
0111111111111111
1101011111010100
1000000000000000
1000000000000000
1000000000000000
0111111111111111
0111111111111111
0111111111111111
0111111111111111
1000000000000000
1000000000000000
1000000000000000
1101000010110010
0111111111111111
0111111111111111
0111111111111111
1101100001000111
1000000000000000
1000000000000000
1000000000000000
0111111111111111
0111111111111111
0111111111111111
0111111111111111
1000000000000000
1000000000000000
1000000000000000
1101000011100101
0111111111111111
0111111111111111
0111111111111111
1101100010011110
1000000000000000
1000000000000000
1000000000000000
0111111111111111
0111111111111111
0111111111111111
0111111111111111
1000000000000000
1000000000000000
1000000000000000
1101000011111111
0111111111111111
0111111111111111
0111111111111111
1101100000111010
1000000000000000
1000000000000000
1000000000000000
0111111111111111
0111111111111111
0111111111111111
0111111111111111
1000000000000000
1000000000000000
1000000000000000
1101000001010100
0111111111111111
0111111111111111
0111111111111111
1101100001101001
1000000000000000
1000000000000000
1000000000000000
0111111111111111
0111111111111111
0111111111111111
0111111111111111
1000000000000000
1000000000000000
1000000000000000
1101000000010111
0111111111111111
0111111111111111
0111111111111111
1101100001011010
1000000000000000
1000000000000000
1000000000000000
0111111111111111
0111111111111111
0111111111111111
0111111111111111
1000000000000000
1000000000000000
1000000000000000
1101000011010000
0111111111111111
0111111111111111
0111111111111111
1101100000010000
1000000000000000
1000000000000000
1000000000000000
0111111111111111
0111111111111111
0111111111111111
0111111111111111
1000000000000000
1000000000000000
1000000000000000
1101000000111111
0111111111111111
0111111111111111
0111111111111111
1101100001110001
1000000000000000
1000000000000000
1000000000000000
0111111111111111
0111111111111111
0111111111111111
0111111111111111
1000000000000000
1000000000000000
1000000000000000
1101000101011111
0111111111111111
0111111111111111
0111111111111111
1101100010000011
1000000000000000
1000000000000000
1000000000000000
0111111111111111
0111111111111111
0111111111111111
0111111111111111
1000000000000000
1000000000000000
1000000000000000
1101000010010001
0111111111111111
0111111111111111
0111111111111111
1101100001000001
1000000000000000
1000000000000000
1000000000000000
0111111111111111
0111111111111111
0111111111111111
0111111111111111
1000000000000000
1000000000000000
1000000000000000
1101000011000011
0111111111111111
0111111111111111
0111111111111111
1101011111100101
1000000000000000
1000000000000000
1000000000000000
0111111111111111
0111111111111111
0111111111111111
0111111111111111
1000000000000000
1000000000000000
1000000000000000
1101000011010101
0111111111111111
0111111111111111
0111111111111111
1101011110100000
1000000000000000
1000000000000000
1000000000000000
0111111111111111
0111111111111111
0111111111111111
0111111111111111
1000000000000000
1000000000000000
1000000000000000
1101000001010111
0111111111111111
0111111111111111
0111111111111111
1101100010011000
1000000000000000
1000000000000000
1000000000000000
0111111111111111
0111111111111111
0111111111111111
0111111111111111
1000000000000000
1000000000000000
1000000000000000
1101000100100100
0111111111111111
0111111111111111
0111111111111111
1101100001110001
1000000000000000
1000000000000000
1000000000000000
0111111111111111
0111111111111111
0111111111111111
0111111111111111
1000000000000000
1000000000000000
1000000000000000
1101000010110010
0111111111111111
0111111111111111
0111111111111111
1101100001110010
1000000000000000
1000000000000000
1000000000000000
0111111111111111
0111111111111111
0111111111111111
0111111111111111
1000000000000000
1000000000000000
1000000000000000
1101000010101011
0111111111111111
0111111111111111
0111111111111111
1101011111100010
1000000000000000
1000000000000000
1000000000000000
0111111111111111
0111111111111111
0111111111111111
0111111111111111
1000000000000000
1000000000000000
1000000000000000
1101000110101110
0111111111111111
0111111111111111
0111111111111111
1101100010001110
1000000000000000
1000000000000000
1000000000000000
0111111111111111
0111111111111111
0111111111111111
0111111111111111
1000000000000000
1000000000000000
1000000000000000
1101000011101111
0111111111111111
0111111111111111
0111111111111111
1101100000110110
1000000000000000
1000000000000000
1000000000000000
0111111111111111
0111111111111111
0111111111111111
0111111111111111
1000000000000000
1000000000000000
1000000000000000
1101000011111111
0111111111111111
0111111111111111
0111111111111111
1101100010111111
1000000000000000
1000000000000000
1000000000000000
0111111111111111
0111111111111111
0111111111111111
0111111111111111
1000000000000000
1000000000000000
1000000000000000
1101000010001110
0111111111111111
0111111111111111
0111111111111111
1101100000011110
1000000000000000
1000000000000000
1000000000000000
0111111111111111
0111111111111111
0111111111111111
0111111111111111
1000000000000000
1000000000000000
1000000000000000
1101000101010010
0111111111111111
0111111111111111
0111111111111111
1101011111000101
1000000000000000
1000000000000000
1000000000000000
0111111111111111
0111111111111111
0111111111111111
0111111111111111
1000000000000000
1000000000000000
1000000000000000
1101000010110100
0111111111111111
0111111111111111
0111111111111111
1101011111110110
1000000000000000
1000000000000000
1000000000000000
0111111111111111
0111111111111111
0111111111111111
0111111111111111
1000000000000000
1000000000000000
1000000000000000
1101000101101000
0111111111111111
0111111111111111
0111111111111111
1101100001101011
1000000000000000
1000000000000000
1000000000000000
0111111111111111
0111111111111111
0111111111111111
0111111111111111
1000000000000000
1000000000000000
1000000000000000
1101000010001010
0111111111111111
0111111111111111
0111111111111111
1101100101101101
1000000000000000
1000000000000000
1000000000000000
0111111111111111
0111111111111111
0111111111111111
0111111111111111
1000000000000000
1000000000000000
1000000000000000
1101000011000110
0111111111111111
0111111111111111
0111111111111111
1101011111110011
1000000000000000
1000000000000000
1000000000000000
0111111111111111
0111111111111111
0111111111111111
0111111111111111
1000000000000000
1000000000000000
1000000000000000
1101000011001101
0111111111111111
0111111111111111
0111111111111111
1101011111100101
1000000000000000
1000000000000000
1000000000000000
0111111111111111
0111111111111111
0111111111111111
0111111111111111
1000000000000000
1000000000000000
1000000000000000
1101000001100101
0111111111111111
0111111111111111
0111111111111111
1101100000010001
1000000000000000
1000000000000000
1000000000000000
0111111111111111
0111111111111111
0111111111111111
0111111111111111
1000000000000000
1000000000000000
1000000000000000
1101000001001010
0111111111111111
0111111111111111
0111111111111111
1101100100100010
1000000000000000
1000000000000000
1000000000000000
0111111111111111
0111111111111111
0111111111111111
0111111111111111
1000000000000000
1000000000000000
1000000000000000
1101000001010101
0111111111111111
0111111111111111
0111111111111111
1101100010100111
1000000000000000
1000000000000000
1000000000000000
0111111111111111
0111111111111111
0111111111111111
0111111111111111
1000000000000000
1000000000000000
1000000000000000
1101000100000001
0111111111111111
0111111111111111
0111111111111111
1101011111111110
1000000000000000
1000000000000000
1000000000000000
0111111111111111
0111111111111111
0111111111111111
0111111111111111
1000000000000000
1000000000000000
1000000000000000
1101000000110001
0111111111111111
0111111111111111
0111111111111111
1101100010010101
1000000000000000
1000000000000000
1000000000000000
0111111111111111
0111111111111111
0111111111111111
0111111111111111
1000000000000000
1000000000000000
1000000000000000
1101000101110010
0111111111111111
0111111111111111
0111111111111111
1101011110011100
1000000000000000
1000000000000000
1000000000000000
0111111111111111
0111111111111111
0111111111111111
0111111111111111
1000000000000000
1000000000000000
1000000000000000
1101000010101101
0111111111111111
0111111111111111
0111111111111111
1101011111010001
1000000000000000
1000000000000000
1000000000000000
0111111111111111
0111111111111111
0111111111111111
0111111111111111
1000000000000000
1000000000000000
1000000000000000
1101000000010110
0111111111111111
0111111111111111
0111111111111111
1101100001111010
1000000000000000
1000000000000000
1000000000000000
0111111111111111
0111111111111111
0111111111111111
0111111111111111
1000000000000000
1000000000000000
1000000000000000
1101000010111100
0111111111111111
0111111111111111
0111111111111111
1101100011011010
1000000000000000
1000000000000000
1000000000000000
0111111111111111
0111111111111111
0111111111111111
0111111111111111
1000000000000000
1000000000000000
1000000000000000
1101000011000100
0111111111111111
0111111111111111
0111111111111111
1101100001111100
1000000000000000
1000000000000000
1000000000000000
0111111111111111
0111111111111111
0111111111111111
0111111111111111
1000000000000000
1000000000000000
1000000000000000
1101000010010000
0111111111111111
0111111111111111
0111111111111111
1101100000110111
1000000000000000
1000000000000000
1000000000000000
0111111111111111
0111111111111111
0111111111111111
0111111111111111
1000000000000000
1000000000000000
1000000000000000
1101000011100001
0111111111111111
0111111111111111
0111111111111111
1101100011111001
1000000000000000
1000000000000000
1000000000000000
0111111111111111
0111111111111111
0111111111111111
0111111111111111
1000000000000000
1000000000000000
1000000000000000
1101000100010100
0111111111111111
0111111111111111
0111111111111111
1101011111110101
1000000000000000
1000000000000000
1000000000000000
0111111111111111
0111111111111111
0111111111111111
0111111111111111
1000000000000000
1000000000000000
1000000000000000
1101000011001000
0111111111111111
0111111111111111
0111111111111111
1101011101110110
1000000000000000
1000000000000000
1000000000000000
0111111111111111
0111111111111111
0111111111111111
0111111111111111
1000000000000000
1000000000000000
1000000000000000
1101000100011000
0111111111111111
0111111111111111
0111111111111111
1101100010001001
1000000000000000
1000000000000000
1000000000000000
0111111111111111
0111111111111111
0111111111111111
0111111111111111
1000000000000000
1000000000000000
1000000000000000
1101000100101001
0111111111111111
0111111111111111
0111111111111111
1101100000111110
1000000000000000
1000000000000000
1000000000000000
0111111111111111
0111111111111111
0111111111111111
0111111111111111
1000000000000000
1000000000000000
1000000000000000
1101000101001001
0111111111111111
0111111111111111
0111111111111111
1101100000000111
1000000000000000
1000000000000000
1000000000000000
0111111111111111
0111111111111111
0111111111111111
0111111111111111
1000000000000000
1000000000000000
1000000000000000
1101000010111011
0111111111111111
0111111111111111
0111111111111111
1101100001001011
1000000000000000
1000000000000000
1000000000000000
0111111111111111
0111111111111111
0111111111111111
0111111111111111
1000000000000000
1000000000000000
1000000000000000
1101000101101100
0111111111111111
0111111111111111
0111111111111111
1101011110111111
1000000000000000
1000000000000000
1000000000000000
0111111111111111
0111111111111111
0111111111111111
0111111111111111
1000000000000000
1000000000000000
1000000000000000
1101000011110011
0111111111111111
0111111111111111
0111111111111111
1101100000010111
1000000000000000
1000000000000000
1000000000000000
0111111111111111
0111111111111111
0111111111111111
0111111111111111
1000000000000000
1000000000000000
1000000000000000
1101000001101100
0111111111111111
0111111111111111
0111111111111111
1101100011000111
1000000000000000
1000000000000000
1000000000000000
0111111111111111
0111111111111111
0111111111111111
0111111111111111
1000000000000000
1000000000000000
1000000000000000
1101000000100000
0111111111111111
0111111111111111
0111111111111111
1101100000101000
1000000000000000
1000000000000000
1000000000000000
0111111111111111
0111111111111111
0111111111111111
0111111111111111
1000000000000000
1000000000000000
1000000000000000
1101000011100110
0111111111111111
0111111111111111
0111111111111111
1101011111010101
1000000000000000
1000000000000000
1000000000000000
0111111111111111
0111111111111111
0111111111111111
0111111111111111
1000000000000000
1000000000000000
1000000000000000
1101000010110010
0111111111111111
0111111111111111
0111111111111111
1101100001110110
1000000000000000
1000000000000000
1000000000000000
0111111111111111
0111111111111111
0111111111111111
0111111111111111
1000000000000000
1000000000000000
1000000000000000
1101000010111010
0111111111111111
0111111111111111
0111111111111111
1101100001001011
1000000000000000
1000000000000000
1000000000000000
0111111111111111
0111111111111111
0111111111111111
0111111111111111
1000000000000000
1000000000000000
1000000000000000
1101000101000111
0111111111111111
0111111111111111
0111111111111111
1101100100000001
1000000000000000
1000000000000000
1000000000000000
0111111111111111
0111111111111111
0111111111111111
0111111111111111
1000000000000000
1000000000000000
1000000000000000
1101000100001001
0111111111111111
0111111111111111
0111111111111111
1101011110000001
1000000000000000
1000000000000000
1000000000000000
0111111111111111
0111111111111111
0111111111111111
0111111111111111
1000000000000000
1000000000000000
1000000000000000
1101000011100101
0111111111111111
0111111111111111
0111111111111111
1101100001010011
1000000000000000
1000000000000000
1000000000000000
0111111111111111
0111111111111111
0111111111111111
0111111111111111
1000000000000000
1000000000000000
1000000000000000
1101000000100011
0111111111111111
0111111111111111
0111111111111111
1101100001010110
1000000000000000
1000000000000000
1000000000000000
0111111111111111
0111111111111111
0111111111111111
0111111111111111
1000000000000000
1000000000000000
1000000000000000
1101000010100011
0111111111111111
0111111111111111
0111111111111111
1101011111111101
1000000000000000
1000000000000000
1000000000000000
0111111111111111
0111111111111111
0111111111111111
0111111111111111
1000000000000000
1000000000000000
1000000000000000
1101000010010010
0111111111111111
0111111111111111
0111111111111111
1101011111100001
1000000000000000
1000000000000000
1000000000000000
0111111111111111
0111111111111111
0111111111111111
0111111111111111
1000000000000000
1000000000000000
1000000000000000
1101000100111011
0111111111111111
0111111111111111
0111111111111111
1101100000101000
1000000000000000
1000000000000000
1000000000000000
0111111111111111
0111111111111111
0111111111111111
0111111111111111
1000000000000000
1000000000000000
1000000000000000
1101000100011110
0111111111111111
0111111111111111
0111111111111111
1101100000001111
1000000000000000
1000000000000000
1000000000000000
0111111111111111
0111111111111111
0111111111111111
0111111111111111
1000000000000000
1000000000000000
1000000000000000
1101000011101111
0111111111111111
0111111111111111
0111111111111111
1101100001011111
1000000000000000
1000000000000000
1000000000000000
0111111111111111
0111111111111111
0111111111111111
0111111111111111
1000000000000000
1000000000000000
1000000000000000
1101000000011010
0111111111111111
0111111111111111
0111111111111111
1101100010010111
1000000000000000
1000000000000000
1000000000000000
0111111111111111
0111111111111111
0111111111111111
0111111111111111
1000000000000000
1000000000000000
1000000000000000
1101000010001111
0111111111111111
0111111111111111
0111111111111111
1101100000100011
1000000000000000
1000000000000000
1000000000000000
0111111111111111
0111111111111111
0111111111111111
0111111111111111
1000000000000000
1000000000000000
1000000000000000
1101000011010010
0111111111111111
0111111111111111
0111111111111111
1101100010000110
1000000000000000
1000000000000000
1000000000000000
0111111111111111
0111111111111111
0111111111111111
0111111111111111
1000000000000000
1000000000000000
1000000000000000
1101000000111101
0111111111111111
0111111111111111
0111111111111111
1101100000010010
1000000000000000
1000000000000000
1000000000000000
0111111111111111
0111111111111111
0111111111111111
0111111111111111
1000000000000000
1000000000000000
1000000000000000
1101000001110110
0111111111111111
0111111111111111
0111111111111111
1101100100010001
1000000000000000
1000000000000000
1000000000000000
0111111111111111
0111111111111111
0111111111111111
0111111111111111
1000000000000000
1000000000000000
1000000000000000
1101000001010001
0111111111111111
0111111111111111
0111111111111111
1101100001111111
1000000000000000
1000000000000000
1000000000000000
0111111111111111
0111111111111111
0111111111111111
0111111111111111
1000000000000000
1000000000000000
1000000000000000
1101000010000100
0111111111111111
0111111111111111
0111111111111111
1101100001000000
1000000000000000
1000000000000000
1000000000000000
0111111111111111
0111111111111111
0111111111111111
0111111111111111
1000000000000000
1000000000000000
1000000000000000
1101000010001000
0111111111111111
0111111111111111
0111111111111111
1101100011101001
1000000000000000
1000000000000000
1000000000000000
0111111111111111
0111111111111111
0111111111111111
0111111111111111
1000000000000000
1000000000000000
1000000000000000
1101000001110001
0111111111111111
0111111111111111
0111111111111111
1101100100010110
1000000000000000
1000000000000000
1000000000000000
0111111111111111
0111111111111111
0111111111111111
0111111111111111
1000000000000000
1000000000000000
1000000000000000
1101000010101010
0111111111111111
0111111111111111
0111111111111111
1101100001000100
1000000000000000
1000000000000000
1000000000000000
0111111111111111
0111111111111111
0111111111111111
0111111111111111
1000000000000000
1000000000000000
1000000000000000
1100111111110111
0111111111111111
0111111111111111
0111111111111111
1101100010001001
1000000000000000
1000000000000000
1000000000000000
0111111111111111
0111111111111111
0111111111111111
0111111111111111
1000000000000000
1000000000000000
1000000000000000
1101000011111110
0111111111111111
0111111111111111
0111111111111111
1101100001110010
1000000000000000
1000000000000000
1000000000000000
0111111111111111
0111111111111111
0111111111111111
0111111111111111
1000000000000000
1000000000000000
1000000000000000
1101000001110010
0111111111111111
0111111111111111
0111111111111111
1101100101010101
1000000000000000
1000000000000000
1000000000000000
0111111111111111
0111111111111111
0111111111111111
0111111111111111
1000000000000000
1000000000000000
1000000000000000
1101000100110111
0111111111111111
0111111111111111
0111111111111111
1101100001111001
1000000000000000
1000000000000000
1000000000000000
0111111111111111
0111111111111111
0111111111111111
0111111111111111
1000000000000000
1000000000000000
1000000000000000
1100111111111011
0111111111111111
0111111111111111
0111111111111111
1101100011100001
1000000000000000
1000000000000000
1000000000000000
0111111111111111
0111111111111111
0111111111111111
0111111111111111
1000000000000000
1000000000000000
1000000000000000
1101000011111010
0111111111111111
0111111111111111
0111111111111111
1101011111010100
1000000000000000
1000000000000000
1000000000000000
0111111111111111
0111111111111111
0111111111111111
0111111111111111
1000000000000000
1000000000000000
1000000000000000
1101000001001110
0111111111111111
0111111111111111
0111111111111111
1101100010000000
1000000000000000
1000000000000000
1000000000000000
0111111111111111
0111111111111111
0111111111111111
0111111111111111
1000000000000000
1000000000000000
1000000000000000
1101000011110000
0111111111111111
0111111111111111
0111111111111111
1101100010111100
1000000000000000
1000000000000000
1000000000000000
0111111111111111
0111111111111111
0111111111111111
0111111111111111
1000000000000000
1000000000000000
1000000000000000
1101000100001011
0111111111111111
0111111111111111
0111111111111111
1101100000001011
1000000000000000
1000000000000000
1000000000000000
0111111111111111
0111111111111111
0111111111111111
0111111111111111
1000000000000000
1000000000000000
1000000000000000
1101000010100001
0111111111111111
0111111111111111
0111111111111111
1101100000111101
1000000000000000
1000000000000000
1000000000000000
0111111111111111
0111111111111111
0111111111111111
0111111111111111
1000000000000000
1000000000000000
1000000000000000
1101000100010011
0111111111111111
0111111111111111
0111111111111111
1101100000111100
1000000000000000
1000000000000000
1000000000000000
0111111111111111
0111111111111111
0111111111111111
0111111111111111
1000000000000000
1000000000000000
1000000000000000
1101000011011110
0111111111111111
0111111111111111
0111111111111111
1101100010010111
1000000000000000
1000000000000000
1000000000000000
0111111111111111
0111111111111111
0111111111111111
0111111111111111
1000000000000000
1000000000000000
1000000000000000
1101000100000110
0111111111111111
0111111111111111
0111111111111111
1101100010010000
1000000000000000
1000000000000000
1000000000000000
0111111111111111
0111111111111111
0111111111111111
0111111111111111
1000000000000000
1000000000000000
1000000000000000
1101000011010000
0111111111111111
0111111111111111
0111111111111111
1101100010011010
1000000000000000
1000000000000000
1000000000000000
0111111111111111
0111111111111111
0111111111111111
0111111111111111
1000000000000000
1000000000000000
1000000000000000
1101000010101100
0111111111111111
0111111111111111
0111111111111111
1101100001100110
1000000000000000
1000000000000000
1000000000000000
0111111111111111
0111111111111111
0111111111111111
0111111111111111
1000000000000000
1000000000000000
1000000000000000
1101000000011111
0111111111111111
0111111111111111
0111111111111111
1101011110010110
1000000000000000
1000000000000000
1000000000000000
0111111111111111
0111111111111111
0111111111111111
0111111111111111
1000000000000000
1000000000000000
1000000000000000
1100111110110111
0111111111111111
0111111111111111
0111111111111111
1101100000110010
1000000000000000
1000000000000000
1000000000000000
0111111111111111
0111111111111111
0111111111111111
0111111111111111
1000000000000000
1000000000000000
1000000000000000
1101000010001100
0111111111111111
0111111111111111
0111111111111111
1101100000111000
1000000000000000
1000000000000000
1000000000000000
0111111111111111
0111111111111111
0111111111111111
0111111111111111
1000000000000000
1000000000000000
1000000000000000
1101000001100001
0111111111111111
0111111111111111
0111111111111111
1101100001101011
1000000000000000
1000000000000000
1000000000000000
0111111111111111
0111111111111111
0111111111111111
0111111111111111
1000000000000000
1000000000000000
1000000000000000
1101000001100001
0111111111111111
0111111111111111
0111111111111111
1101100000001010
1000000000000000
1000000000000000
1000000000000000
0111111111111111
0111111111111111
0111111111111111
0111111111111111
1000000000000000
1000000000000000
1000000000000000
1101000001001110
0111111111111111
0111111111111111
0111111111111111
1101011110110010
1000000000000000
1000000000000000
1000000000000000
0111111111111111
0111111111111111
0111111111111111
0111111111111111
1000000000000000
1000000000000000
1000000000000000
1101000100101111
0111111111111111
0111111111111111
0111111111111111
1101100001000011
1000000000000000
1000000000000000
1000000000000000
0111111111111111
0111111111111111
0111111111111111
0111111111111111
1000000000000000
1000000000000000
1000000000000000
1100111111001001
0111111111111111
0111111111111111
0111111111111111
1101100001001001
1000000000000000
1000000000000000
1000000000000000
0111111111111111
0111111111111111
0111111111111111
0111111111111111
1000000000000000
1000000000000000
1000000000000000
1101000100100010
0111111111111111
0111111111111111
0111111111111111
1101100010001010
1000000000000000
1000000000000000
1000000000000000
0111111111111111
0111111111111111
0111111111111111
0111111111111111
1000000000000000
1000000000000000
1000000000000000
1101000000100101
0111111111111111
0111111111111111
0111111111111111
1101011111010001
1000000000000000
1000000000000000
1000000000000000
0111111111111111
0111111111111111
0111111111111111
0111111111111111
1000000000000000
1000000000000000
1000000000000000
1101000001000100
0111111111111111
0111111111111111
0111111111111111
1101011110000101
1000000000000000
1000000000000000
1000000000000000
0111111111111111
0111111111111111
0111111111111111
0111111111111111
1000000000000000
1000000000000000
1000000000000000
1101000001111101
0111111111111111
0111111111111111
0111111111111111
1101100000011000
1000000000000000
1000000000000000
1000000000000000
0111111111111111
0111111111111111
0111111111111111
0111111111111111
1000000000000000
1000000000000000
1000000000000000
1101000100011111
0111111111111111
0111111111111111
0111111111111111
1101011111010111
1000000000000000
1000000000000000
1000000000000000
0111111111111111
0111111111111111
0111111111111111
0111111111111111
1000000000000000
1000000000000000
1000000000000000
1101000011100001
0111111111111111
0111111111111111
0111111111111111
1101100100100000
1000000000000000
1000000000000000
1000000000000000
0111111111111111
0111111111111111
0111111111111111
0111111111111111
1000000000000000
1000000000000000
1000000000000000
1101000010111000
0111111111111111
0111111111111111
0111111111111111
1101100001111100
1000000000000000
1000000000000000
1000000000000000
0111111111111111
0111111111111111
0111111111111111
0111111111111111
1000000000000000
1000000000000000
1000000000000000
1101000010000000
0111111111111111
0111111111111111
0111111111111111
1101100100001010
1000000000000000
1000000000000000
1000000000000000
0111111111111111
0111111111111111
0111111111111111
0111111111111111
1000000000000000
1000000000000000
1000000000000000
1101000010101111
0111111111111111
0111111111111111
0111111111111111
1101100001110000
1000000000000000
1000000000000000
1000000000000000
0111111111111111
0111111111111111
0111111111111111
0111111111111111
1000000000000000
1000000000000000
1000000000000000
1101000000100010
0111111111111111
0111111111111111
0111111111111111
1101011110111011
1000000000000000
1000000000000000
1000000000000000
0111111111111111
0111111111111111
0111111111111111
0111111111111111
1000000000000000
1000000000000000
1000000000000000
1101000001110101
0111111111111111
0111111111111111
0111111111111111
1101100000111110
1000000000000000
1000000000000000
1000000000000000
0111111111111111
0111111111111111
0111111111111111
0111111111111111
1000000000000000
1000000000000000
1000000000000000
1101000100010100
0111111111111111
0111111111111111
0111111111111111
1101100000100010
1000000000000000
1000000000000000
1000000000000000
0111111111111111
0111111111111111
0111111111111111
0111111111111111
1000000000000000
1000000000000000
1000000000000000
1101000001011110
0111111111111111
0111111111111111
0111111111111111
1101100010100110
1000000000000000
1000000000000000
1000000000000000
0111111111111111
0111111111111111
0111111111111111
0111111111111111
1000000000000000
1000000000000000
1000000000000000
1101000101010111
0111111111111111
0111111111111111
0111111111111111
1101100001110010
1000000000000000
1000000000000000
1000000000000000
0111111111111111
0111111111111111
0111111111111111
0111111111111111
1000000000000000
1000000000000000
1000000000000000
1101000000111101
0111111111111111
0111111111111111
0111111111111111
1101100100111000
1000000000000000
1000000000000000
1000000000000000
0111111111111111
0111111111111111
0111111111111111
0111111111111111
1000000000000000
1000000000000000
1000000000000000
1101000010000111
0111111111111111
0111111111111111
0111111111111111
1101100000111001
1000000000000000
1000000000000000
1000000000000000
0111111111111111
0111111111111111
0111111111111111
0111111111111111
1000000000000000
1000000000000000
1000000000000000
1101000001101010
0111111111111111
0111111111111111
0111111111111111
1101100110101101
1000000000000000
1000000000000000
1000000000000000
0111111111111111
0111111111111111
0111111111111111
0111111111111111
1000000000000000
1000000000000000
1000000000000000
1101000000101111
0111111111111111
0111111111111111
0111111111111111
1101100000100110
1000000000000000
1000000000000000
1000000000000000
0111111111111111
0111111111111111
0111111111111111
0111111111111111
1000000000000000
1000000000000000
1000000000000000
1101000100110011
0111111111111111
0111111111111111
0111111111111111
1101100001010001
1000000000000000
1000000000000000
1000000000000000
0111111111111111
0111111111111111
0111111111111111
0111111111111111
1000000000000000
1000000000000000
1000000000000000
1101000100011011
0111111111111111
0111111111111111
0111111111111111
1101100000101000
1000000000000000
1000000000000000
1000000000000000
0111111111111111
0111111111111111
0111111111111111
0111111111111111
1000000000000000
1000000000000000
1000000000000000
1101000011101110
0111111111111111
0111111111111111
0111111111111111
1101011111011100
1000000000000000
1000000000000000
1000000000000000
0111111111111111
0111111111111111
0111111111111111
0111111111111111
1000000000000000
1000000000000000
1000000000000000
1101000010101010
0111111111111111
0111111111111111
0111111111111111
1101100001100110
1000000000000000
1000000000000000
1000000000000000
0111111111111111
0111111111111111
0111111111111111
0111111111111111
1000000000000000
1000000000000000
1000000000000000
1101000001000010
0111111111111111
0111111111111111
0111111111111111
1101011111100110
1000000000000000
1000000000000000
1000000000000000
0111111111111111
0111111111111111
0111111111111111
0111111111111111
1000000000000000
1000000000000000
1000000000000000
1101000011000011
0111111111111111
0111111111111111
0111111111111111
1101100001101001
1000000000000000
1000000000000000
1000000000000000
0111111111111111
0111111111111111
0111111111111111
0111111111111111
1000000000000000
1000000000000000
1000000000000000
1101000011111110
0111111111111111
0111111111111111
0111111111111111
1101011110010001
1000000000000000
1000000000000000
1000000000000000
0111111111111111
0111111111111111
0111111111111111
0111111111111111
1000000000000000
1000000000000000
1000000000000000
1101000011001101
0111111111111111
0111111111111111
0111111111111111
1101100000110011
1000000000000000
1000000000000000
1000000000000000
0111111111111111
0111111111111111
0111111111111111
0111111111111111
1000000000000000
1000000000000000
1000000000000000
1101000000101111
0111111111111111
0111111111111111
0111111111111111
1101011111000001
1000000000000000
1000000000000000
1000000000000000
0111111111111111
0111111111111111
0111111111111111
0111111111111111
1000000000000000
1000000000000000
1000000000000000
1101000011111100
0111111111111111
0111111111111111
0111111111111111
1101100001110100
1000000000000000
1000000000000000
1000000000000000
0111111111111111
0111111111111111
0111111111111111
0111111111111111
1000000000000000
1000000000000000
1000000000000000
1101000000110001
0111111111111111
0111111111111111
0111111111111111
1101100001000101
1000000000000000
1000000000000000
1000000000000000
0111111111111111
0111111111111111
0111111111111111
0111111111111111
1000000000000000
1000000000000000
1000000000000000
1101000001111100
0111111111111111
0111111111111111
0111111111111111
1101100001101001
1000000000000000
1000000000000000
1000000000000000
0111111111111111
0111111111111111
0111111111111111
0111111111111111
1000000000000000
1000000000000000
1000000000000000
1101000011101110
0111111111111111
0111111111111111
0111111111111111
1101011101101100
1000000000000000
1000000000000000
1000000000000000
0111111111111111
0111111111111111
0111111111111111
0111111111111111
1000000000000000
1000000000000000
1000000000000000
1101000000001001
0111111111111111
0111111111111111
0111111111111111
1101100000101010
1000000000000000
1000000000000000
1000000000000000
0111111111111111
0111111111111111
0111111111111111
0111111111111111
1000000000000000
1000000000000000
1000000000000000
1100111111100000
0111111111111111
0111111111111111
0111111111111111
1101100001101000
1000000000000000
1000000000000000
1000000000000000
0111111111111111
0111111111111111
0111111111111111
0111111111111111
1000000000000000
1000000000000000
1000000000000000
1101000011100000
0111111111111111
0111111111111111
0111111111111111
1101100010001110
1000000000000000
1000000000000000
1000000000000000
0111111111111111
0111111111111111
0111111111111111
0111111111111111
1000000000000000
1000000000000000
1000000000000000
1101000010110111
0111111111111111
0111111111111111
0111111111111111
1101100000101101
1000000000000000
1000000000000000
1000000000000000
0111111111111111
0111111111111111
0111111111111111
0111111111111111
1000000000000000
1000000000000000
1000000000000000
1101000000110100
0111111111111111
0111111111111111
0111111111111111
1101100001100000
1000000000000000
1000000000000000
1000000000000000
0111111111111111
0111111111111111
0111111111111111
0111111111111111
1000000000000000
1000000000000000
1000000000000000
1101000001000001
0111111111111111
0111111111111111
0111111111111111
1101100010011011
1000000000000000
1000000000000000
1000000000000000
0111111111111111
0111111111111111
0111111111111111
0111111111111111
1000000000000000
1000000000000000
1000000000000000
1101000001101101
0111111111111111
0111111111111111
0111111111111111
1101011111110101
1000000000000000
1000000000000000
1000000000000000
0111111111111111
0111111111111111
0111111111111111
0111111111111111
1000000000000000
1000000000000000
1000000000000000
1101000010101010
0111111111111111
0111111111111111
0111111111111111
1101100010011110
1000000000000000
1000000000000000
1000000000000000
0111111111111111
0111111111111111
0111111111111111
0111111111111111
1000000000000000
1000000000000000
1000000000000000
1101000001011010
0111111111111111
0111111111111111
0111111111111111
1101100010101111
1000000000000000
1000000000000000
1000000000000000
0111111111111111
0111111111111111
0111111111111111
0111111111111111
1000000000000000
1000000000000000
1000000000000000
1101000001101001
0111111111111111
0111111111111111
0111111111111111
1101100001001100
1000000000000000
1000000000000000
1000000000000000
0111111111111111
0111111111111111
0111111111111111
0111111111111111
1000000000000000
1000000000000000
1000000000000000
1101000010101100
0111111111111111
0111111111111111
0111111111111111
1101100001110100
1000000000000000
1000000000000000
1000000000000000
0111111111111111
0111111111111111
0111111111111111
0111111111111111
1000000000000000
1000000000000000
1000000000000000
1101000101111000
0111111111111111
0111111111111111
0111111111111111
1101100001010100
1000000000000000
1000000000000000
1000000000000000
0111111111111111
0111111111111111
0111111111111111
0111111111111111
1000000000000000
1000000000000000
1000000000000000
1101000001111111
0111111111111111
0111111111111111
0111111111111111
1101100000010011
1000000000000000
1000000000000000
1000000000000000
0111111111111111
0111111111111111
0111111111111111
0111111111111111
1000000000000000
1000000000000000
1000000000000000
1101000000110011
0111111111111111
0111111111111111
0111111111111111
1101100001111001
1000000000000000
1000000000000000
1000000000000000
0111111111111111
0111111111111111
0111111111111111
0111111111111111
1000000000000000
1000000000000000
1000000000000000
1101000100000000
0111111111111111
0111111111111111
0111111111111111
1101100010000011
1000000000000000
1000000000000000
1000000000000000
0111111111111111
0111111111111111
0111111111111111
0111111111111111
1000000000000000
1000000000000000
1000000000000000
1101000011001001
0111111111111111
0111111111111111
0111111111111111
1101100001100100
1000000000000000
1000000000000000
1000000000000000
0111111111111111
0111111111111111
0111111111111111
0111111111111111
1000000000000000
1000000000000000
1000000000000000
1101000000100000
0111111111111111
0111111111111111
0111111111111111
1101100010010000
1000000000000000
1000000000000000
1000000000000000
0111111111111111
0111111111111111
0111111111111111
0111111111111111
1000000000000000
1000000000000000
1000000000000000
1101000011100010
0111111111111111
0111111111111111
0111111111111111
1101100001101001
1000000000000000
1000000000000000
1000000000000000
0111111111111111
0111111111111111
0111111111111111
0111111111111111
1000000000000000
1000000000000000
1000000000000000
1101000101100101
0111111111111111
0111111111111111
0111111111111111
1101011111001100
1000000000000000
1000000000000000
1000000000000000
0111111111111111
0111111111111111
0111111111111111
0111111111111111
1000000000000000
1000000000000000
1000000000000000
1101000010110100
0111111111111111
0111111111111111
0111111111111111
1101100010110000
1000000000000000
1000000000000000
1000000000000000
0111111111111111
0111111111111111
0111111111111111
0111111111111111
1000000000000000
1000000000000000
1000000000000000
1101000010101110
0111111111111111
0111111111111111
0111111111111111
1101011110001111
1000000000000000
1000000000000000
1000000000000000
0111111111111111
0111111111111111
0111111111111111
0111111111111111
1000000000000000
1000000000000000
1000000000000000
1101000010000100
0111111111111111
0111111111111111
0111111111111111
1101100000110110
1000000000000000
1000000000000000
1000000000000000
0111111111111111
0111111111111111
0111111111111111
0111111111111111
1000000000000000
1000000000000000
1000000000000000
1101000010000010
0111111111111111
0111111111111111
0111111111111111
1101100000100011
1000000000000000
1000000000000000
1000000000000000
0111111111111111
0111111111111111
0111111111111111
0111111111111111
1000000000000000
1000000000000000
1000000000000000
1101000010010001
0111111111111111
0111111111111111
0111111111111111
1101100011110000
1000000000000000
1000000000000000
1000000000000000
0111111111111111
0111111111111111
0111111111111111
0111111111111111
1000000000000000
1000000000000000
1000000000000000
1101000000000011
0111111111111111
0111111111111111
0111111111111111
1101100011001000
1000000000000000
1000000000000000
1000000000000000
0111111111111111
0111111111111111
0111111111111111
0111111111111111
1000000000000000
1000000000000000
1000000000000000
1101000101000101
0111111111111111
0111111111111111
0111111111111111
1101100001100010
1000000000000000
1000000000000000
1000000000000000
0111111111111111
0111111111111111
0111111111111111
0111111111111111
1000000000000000
1000000000000000
1000000000000000
1101000000011001
0111111111111111
0111111111111111
0111111111111111
1101100010111001
1000000000000000
1000000000000000
1000000000000000
0111111111111111
0111111111111111
0111111111111111
0111111111111111
1000000000000000
1000000000000000
1000000000000000
1101000100011110
0111111111111111
0111111111111111
0111111111111111
1101100011000000
1000000000000000
1000000000000000
1000000000000000
0111111111111111
0111111111111111
0111111111111111
0111111111111111
1000000000000000
1000000000000000
1000000000000000
1101000101100010
0111111111111111
0111111111111111
0111111111111111
1101100000111010
1000000000000000
1000000000000000
1000000000000000
0111111111111111
0111111111111111
0111111111111111
0111111111111111
1000000000000000
1000000000000000
1000000000000000
1100111111101111
0111111111111111
0111111111111111
0111111111111111
1101100000010110
1000000000000000
1000000000000000
1000000000000000
0111111111111111
0111111111111111
0111111111111111
0111111111111111
1000000000000000
1000000000000000
1000000000000000
1101000001010011
0111111111111111
0111111111111111
0111111111111111
1101100100001010
1000000000000000
1000000000000000
1000000000000000
0111111111111111
0111111111111111
0111111111111111
0111111111111111
1000000000000000
1000000000000000
1000000000000000
1101000001110010
0111111111111111
0111111111111111
0111111111111111
1101100000010101
1000000000000000
1000000000000000
1000000000000000
0111111111111111
0111111111111111
0111111111111111
0111111111111111
1000000000000000
1000000000000000
1000000000000000
1101000100001000
0111111111111111
0111111111111111
0111111111111111
1101100101010011
1000000000000000
1000000000000000
1000000000000000
0111111111111111
0111111111111111
0111111111111111
0111111111111111
1000000000000000
1000000000000000
1000000000000000
1101000000101111
0111111111111111
0111111111111111
0111111111111111
1101100100001111
1000000000000000
1000000000000000
1000000000000000
0111111111111111
0111111111111111
0111111111111111
0111111111111111
1000000000000000
1000000000000000
1000000000000000
1101000001101001
0111111111111111
0111111111111111
0111111111111111
1101100001110100
1000000000000000
1000000000000000
1000000000000000
0111111111111111
0111111111111111
0111111111111111
0111111111111111
1000000000000000
1000000000000000
1000000000000000
1101000001110110
0111111111111111
0111111111111111
0111111111111111
1101100001110100
1000000000000000
1000000000000000
1000000000000000
0111111111111111
0111111111111111
0111111111111111
0111111111111111
1000000000000000
1000000000000000
1000000000000000
1101000100010010
0111111111111111
0111111111111111
0111111111111111
1101100011101011
1000000000000000
1000000000000000
1000000000000000
0111111111111111
0111111111111111
0111111111111111
0111111111111111
1000000000000000
1000000000000000
1000000000000000
1101000100011110
0111111111111111
0111111111111111
0111111111111111
1101011111010110
1000000000000000
1000000000000000
1000000000000000
0111111111111111
0111111111111111
0111111111111111
0111111111111111
1000000000000000
1000000000000000
1000000000000000
1101000010010101
0111111111111111
0111111111111111
0111111111111111
1101100000000010
1000000000000000
1000000000000000
1000000000000000
0111111111111111
0111111111111111
0111111111111111
0111111111111111
1000000000000000
1000000000000000
1000000000000000
1101000100011001
0111111111111111
0111111111111111
0111111111111111
1101100010110111
1000000000000000
1000000000000000
1000000000000000
0111111111111111
0111111111111111
0111111111111111
0111111111111111
1000000000000000
1000000000000000
1000000000000000
1101000101011001
0111111111111111
0111111111111111
0111111111111111
1101100001111010
1000000000000000
1000000000000000
1000000000000000
0111111111111111
0111111111111111
0111111111111111
0111111111111111
1000000000000000
1000000000000000
1000000000000000
1101000101110011
0111111111111111
0111111111111111
0111111111111111
1101100000001100
1000000000000000
1000000000000000
1000000000000000
0111111111111111
0111111111111111
0111111111111111
0111111111111111
1000000000000000
1000000000000000
1000000000000000
1101000001010011
0111111111111111
0111111111111111
0111111111111111
1101100010001100
1000000000000000
1000000000000000
1000000000000000
0111111111111111
0111111111111111
0111111111111111
0111111111111111
1000000000000000
1000000000000000
1000000000000000
1101000010000000
0111111111111111
0111111111111111
0111111111111111
1101100011111011
1000000000000000
1000000000000000
1000000000000000
0111111111111111
0111111111111111
0111111111111111
0111111111111111
1000000000000000
1000000000000000
1000000000000000
1101000001000001
0111111111111111
0111111111111111
0111111111111111
1101100001100101
1000000000000000
1000000000000000
1000000000000000
0111111111111111
0111111111111111
0111111111111111
0111111111111111
1000000000000000
1000000000000000
1000000000000000
1101000011110101
0111111111111111
0111111111111111
0111111111111111
1101100100000011
1000000000000000
1000000000000000
1000000000000000
0111111111111111
0111111111111111
0111111111111111
0111111111111111
1000000000000000
1000000000000000
1000000000000000
1100111101100010
0111111111111111
0111111111111111
0111111111111111
1101011111000111
1000000000000000
1000000000000000
1000000000000000
0111111111111111
0111111111111111
0111111111111111
0111111111111111
1000000000000000
1000000000000000
1000000000000000
1101000011010011
0111111111111111
0111111111111111
0111111111111111
1101100010010011
1000000000000000
1000000000000000
1000000000000000
0111111111111111
0111111111111111
0111111111111111
0111111111111111
1000000000000000
1000000000000000
1000000000000000
1101000001000000
0111111111111111
0111111111111111
0111111111111111
1101100000100110
1000000000000000
1000000000000000
1000000000000000
0111111111111111
0111111111111111
0111111111111111
0111111111111111
1000000000000000
1000000000000000
1000000000000000
1101000000101101
0111111111111111
0111111111111111
0111111111111111
1101100010101100
1000000000000000
1000000000000000
1000000000000000
0111111111111111
0111111111111111
0111111111111111
0111111111111111
1000000000000000
1000000000000000
1000000000000000
1101000010000001
0111111111111111
0111111111111111
0111111111111111
1101011110010110
1000000000000000
1000000000000000
1000000000000000
0111111111111111
0111111111111111
0111111111111111
0111111111111111
1000000000000000
1000000000000000
1000000000000000
1100111101111111
0111111111111111
0111111111111111
0111111111111111
1101011110010100
1000000000000000
1000000000000000
1000000000000000
0111111111111111
0111111111111111
0111111111111111
0111111111111111
1000000000000000
1000000000000000
1000000000000000
1101000001110100
0111111111111111
0111111111111111
0111111111111111
1101100010100110
1000000000000000
1000000000000000
1000000000000000
0111111111111111
0111111111111111
0111111111111111
0111111111111111
1000000000000000
1000000000000000
1000000000000000
1101000011010011
0111111111111111
0111111111111111
0111111111111111
1101100001010111
1000000000000000
1000000000000000
1000000000000000
0111111111111111
0111111111111111
0111111111111111
0111111111111111
1000000000000000
1000000000000000
1000000000000000
1101000000100101
0111111111111111
0111111111111111
0111111111111111
1101100010010111
1000000000000000
1000000000000000
1000000000000000
0111111111111111
0111111111111111
0111111111111111
0111111111111111
1000000000000000
1000000000000000
1000000000000000
1101000110001101
0111111111111111
0111111111111111
0111111111111111
1101100011110100
1000000000000000
1000000000000000
1000000000000000
0111111111111111
0111111111111111
0111111111111111
0111111111111111
1000000000000000
1000000000000000
1000000000000000
1101000010001101
0111111111111111
0111111111111111
0111111111111111
1101100010010010
1000000000000000
1000000000000000
1000000000000000
0111111111111111
0111111111111111
0111111111111111
0111111111111111
1000000000000000
1000000000000000
1000000000000000
1101000010110110
0111111111111111
0111111111111111
0111111111111111
1101100011001101
1000000000000000
1000000000000000
1000000000000000
0111111111111111
0111111111111111
0111111111111111
0111111111111111
1000000000000000
1000000000000000
1000000000000000
1101000010101010
0111111111111111
0111111111111111
0111111111111111
1101011111001110
1000000000000000
1000000000000000
1000000000000000
0111111111111111
0111111111111111
0111111111111111
0111111111111111
1000000000000000
1000000000000000
1000000000000000
1101000110011011
0111111111111111
0111111111111111
0111111111111111
1101100010100110
1000000000000000
1000000000000000
1000000000000000
0111111111111111
0111111111111111
0111111111111111
0111111111111111
1000000000000000
1000000000000000
1000000000000000
1101000101001100
0111111111111111
0111111111111111
0111111111111111
1101100011010101
1000000000000000
1000000000000000
1000000000000000
0111111111111111
0111111111111111
0111111111111111
0111111111111111
1000000000000000
1000000000000000
1000000000000000
1101000010111101
0111111111111111
0111111111111111
0111111111111111
1101100000001100
1000000000000000
1000000000000000
1000000000000000
0111111111111111
0111111111111111
0111111111111111
0111111111111111
1000000000000000
1000000000000000
1000000000000000
1101000100000010
0111111111111111
0111111111111111
0111111111111111
1101100000110010
1000000000000000
1000000000000000
1000000000000000
0111111111111111
0111111111111111
0111111111111111
0111111111111111
1000000000000000
1000000000000000
1000000000000000
1101000010000111
0111111111111111
0111111111111111
0111111111111111
1101011111101101
1000000000000000
1000000000000000
1000000000000000
0111111111111111
0111111111111111
0111111111111111
0111111111111111
1000000000000000
1000000000000000
1000000000000000
1101000001000100
0111111111111111
0111111111111111
0111111111111111
1101100010011101
1000000000000000
1000000000000000
1000000000000000
0111111111111111
0111111111111111
0111111111111111
0111111111111111
1000000000000000
1000000000000000
1000000000000000
1101000101001100
0111111111111111
0111111111111111
0111111111111111
1101100011110111
1000000000000000
1000000000000000
1000000000000000
0111111111111111
0111111111111111
0111111111111111
0111111111111111
1000000000000000
1000000000000000
1000000000000000
1101000011010011
0111111111111111
0111111111111111
0111111111111111
1101100011000001
1000000000000000
1000000000000000
1000000000000000
0111111111111111
0111111111111111
0111111111111111
0111111111111111
1000000000000000
1000000000000000
1000000000000000
1101000000101011
0111111111111111
0111111111111111
0111111111111111
1101100010011000
1000000000000000
1000000000000000
1000000000000000
0111111111111111
0111111111111111
0111111111111111
0111111111111111
1000000000000000
1000000000000000
1000000000000000
1101000011000001
0111111111111111
0111111111111111
0111111111111111
1101100010011111
1000000000000000
1000000000000000
1000000000000000
0111111111111111
0111111111111111
0111111111111111
0111111111111111
1000000000000000
1000000000000000
1000000000000000
1101000010100100
0111111111111111
0111111111111111
0111111111111111
1101100001010101
1000000000000000
1000000000000000
1000000000000000
0111111111111111
0111111111111111
0111111111111111
0111111111111111
1000000000000000
1000000000000000
1000000000000000
1101000001101010
0111111111111111
0111111111111111
0111111111111111
1101011111011111
1000000000000000
1000000000000000
1000000000000000
0111111111111111
0111111111111111
0111111111111111
0111111111111111
1000000000000000
1000000000000000
1000000000000000
1101000001100111
0111111111111111
0111111111111111
0111111111111111
1101100001010001
1000000000000000
1000000000000000
1000000000000000
0111111111111111
0111111111111111
0111111111111111
0111111111111111
1000000000000000
1000000000000000
1000000000000000
1101000100000010
0111111111111111
0111111111111111
0111111111111111
1101100000000111
1000000000000000
1000000000000000
1000000000000000
0111111111111111
0111111111111111
0111111111111111
0111111111111111
1000000000000000
1000000000000000
1000000000000000
1101000011010111
0111111111111111
0111111111111111
0111111111111111
1101100001010010
1000000000000000
1000000000000000
1000000000000000
0111111111111111
0111111111111111
0111111111111111
0111111111111111
1000000000000000
1000000000000000
1000000000000000
1101000011001010
0111111111111111
0111111111111111
0111111111111111
1101100010001101
1000000000000000
1000000000000000
1000000000000000
0111111111111111
0111111111111111
0111111111111111
0111111111111111
1000000000000000
1000000000000000
1000000000000000
1101000011001100
0111111111111111
0111111111111111
0111111111111111
1101100100010110
1000000000000000
1000000000000000
1000000000000000
0111111111111111
0111111111111111
0111111111111111
0111111111111111
1000000000000000
1000000000000000
1000000000000000
1100111111001001
0111111111111111
0111111111111111
0111111111111111
1101011111010001
1000000000000000
1000000000000000
1000000000000000
0111111111111111
0111111111111111
0111111111111111
0111111111111111
1000000000000000
1000000000000000
1000000000000000
1101000100000001
0111111111111111
0111111111111111
0111111111111111
1101011111100010
1000000000000000
1000000000000000
1000000000000000
0111111111111111
0111111111111111
0111111111111111
0111111111111111
1000000000000000
1000000000000000
1000000000000000
1101000000101100
0111111111111111
0111111111111111
0111111111111111
1101100010111101
1000000000000000
1000000000000000
1000000000000000
0111111111111111
0111111111111111
0111111111111111
0111111111111111
1000000000000000
1000000000000000
1000000000000000
1101000100000010
0111111111111111
0111111111111111
0111111111111111
1101100001111011
1000000000000000
1000000000000000
1000000000000000
0111111111111111
0111111111111111
0111111111111111
0111111111111111
1000000000000000
1000000000000000
1000000000000000
1101000011000010
0111111111111111
0111111111111111
0111111111111111
1101011111011011
1000000000000000
1000000000000000
1000000000000000
0111111111111111
0111111111111111
0111111111111111
0111111111111111
1000000000000000
1000000000000000
1000000000000000
1101000110000010
0111111111111111
0111111111111111
0111111111111111
1101100011110111
1000000000000000
1000000000000000
1000000000000000
0111111111111111
0111111111111111
0111111111111111
0111111111111111
1000000000000000
1000000000000000
1000000000000000
1101000000111010
0111111111111111
0111111111111111
0111111111111111
1101100000001011
1000000000000000
1000000000000000
1000000000000000
0111111111111111
0111111111111111
0111111111111111
0111111111111111
1000000000000000
1000000000000000
1000000000000000
1101000011000000
0111111111111111
0111111111111111
0111111111111111
1101100001011010
1000000000000000
1000000000000000
1000000000000000
0111111111111111
0111111111111111
0111111111111111
0111111111111111
1000000000000000
1000000000000000
1000000000000000
1101000001001010
0111111111111111
0111111111111111
0111111111111111
1101100001111000
1000000000000000
1000000000000000
1000000000000000
0111111111111111
0111111111111111
0111111111111111
0111111111111111
1000000000000000
1000000000000000
1000000000000000
1101000010000110
0111111111111111
0111111111111111
0111111111111111
1101100001011100
1000000000000000
1000000000000000
1000000000000000
0111111111111111
0111111111111111
0111111111111111
0111111111111111
1000000000000000
1000000000000000
1000000000000000
1101000100010110
0111111111111111
0111111111111111
0111111111111111
1101100011001011
1000000000000000
1000000000000000
1000000000000000
0111111111111111
0111111111111111
0111111111111111
0111111111111111
1000000000000000
1000000000000000
1000000000000000
1101000001101010
0111111111111111
0111111111111111
0111111111111111
1101011110001001
1000000000000000
1000000000000000
1000000000000000
0111111111111111
0111111111111111
0111111111111111
0111111111111111
1000000000000000
1000000000000000
1000000000000000
1101000001001011
0111111111111111
0111111111111111
0111111111111111
1101100010111100
1000000000000000
1000000000000000
1000000000000000
0111111111111111
0111111111111111
0111111111111111
0111111111111111
1000000000000000
1000000000000000
1000000000000000
1101000010010001
0111111111111111
0111111111111111
0111111111111111
1101100011001101
1000000000000000
1000000000000000
1000000000000000
0111111111111111
0111111111111111
0111111111111111
0111111111111111
1000000000000000
1000000000000000
1000000000000000
1101000011010110
0111111111111111
0111111111111111
0111111111111111
1101100001010010
1000000000000000
1000000000000000
1000000000000000
0111111111111111
0111111111111111
0111111111111111
0111111111111111
1000000000000000
1000000000000000
1000000000000000
1101000011001110
0111111111111111
0111111111111111
0111111111111111
1101011111111001
1000000000000000
1000000000000000
1000000000000000
0111111111111111
0111111111111111
0111111111111111
0111111111111111
1000000000000000
1000000000000000
1000000000000000
1101000100111001
0111111111111111
0111111111111111
0111111111111111
1101100100000110
1000000000000000
1000000000000000
1000000000000000
0111111111111111
0111111111111111
0111111111111111
0111111111111111
1000000000000000
1000000000000000
1000000000000000
1100111111111110
0111111111111111
0111111111111111
0111111111111111
1101100000010100
1000000000000000
1000000000000000
1000000000000000
0111111111111111
0111111111111111
0111111111111111
0111111111111111
1000000000000000
1000000000000000
1000000000000000
1101000000111110
0111111111111111
0111111111111111
0111111111111111
1101011110110110
1000000000000000
1000000000000000
1000000000000000
0111111111111111
0111111111111111
0111111111111111
0111111111111111
1000000000000000
1000000000000000
1000000000000000
1101000100100100
0111111111111111
0111111111111111
0111111111111111
1101100011100000
1000000000000000
1000000000000000
1000000000000000
0111111111111111
0111111111111111
0111111111111111
0111111111111111
1000000000000000
1000000000000000
1000000000000000
1101000011111100
0111111111111111
0111111111111111
0111111111111111
1101100100010101
1000000000000000
1000000000000000
1000000000000000
0111111111111111
0111111111111111
0111111111111111
0111111111111111
1000000000000000
1000000000000000
1000000000000000
1101000100100001
0111111111111111
0111111111111111
0111111111111111
1101100000010110
1000000000000000
1000000000000000
1000000000000000
0111111111111111
0111111111111111
0111111111111111
0111111111111111
1000000000000000
1000000000000000
1000000000000000
1101000011000001
0111111111111111
0111111111111111
0111111111111111
1101100001100000
1000000000000000
1000000000000000
1000000000000000
0111111111111111
0111111111111111
0111111111111111
0111111111111111
1000000000000000
1000000000000000
1000000000000000
1101000001000101
0111111111111111
0111111111111111
0111111111111111
1101100010001000
1000000000000000
1000000000000000
1000000000000000
0111111111111111
0111111111111111
0111111111111111
0111111111111111
1000000000000000
1000000000000000
1000000000000000
1101000001010010
0111111111111111
0111111111111111
0111111111111111
1101100010001111
1000000000000000
1000000000000000
1000000000000000
0111111111111111
0111111111111111
0111111111111111
0111111111111111
1000000000000000
1000000000000000
1000000000000000
1101000011001001
0111111111111111
0111111111111111
0111111111111111
1101011110110000
1000000000000000
1000000000000000
1000000000000000
0111111111111111
0111111111111111
0111111111111111
0111111111111111
1000000000000000
1000000000000000
1000000000000000
1101000011011010
0111111111111111
0111111111111111
0111111111111111
1101100001111110
1000000000000000
1000000000000000
1000000000000000
0111111111111111
0111111111111111
0111111111111111
0111111111111111
1000000000000000
1000000000000000
1000000000000000
1101000100000110
0111111111111111
0111111111111111
0111111111111111
1101011110010110
1000000000000000
1000000000000000
1000000000000000
0111111111111111
0111111111111111
0111111111111111
0111111111111111
1000000000000000
1000000000000000
1000000000000000
1101000000010010
0111111111111111
0111111111111111
0111111111111111
1101100000000100
1000000000000000
1000000000000000
1000000000000000
0111111111111111
0111111111111111
0111111111111111
0111111111111111
1000000000000000
1000000000000000
1000000000000000
1101000001100011
0111111111111111
0111111111111111
0111111111111111
1101100000111001
1000000000000000
1000000000000000
1000000000000000
0111111111111111
0111111111111111
0111111111111111
0111111111111111
1000000000000000
1000000000000000
1000000000000000
1101000001010100
0111111111111111
0111111111111111
0111111111111111
1101100010001111
1000000000000000
1000000000000000
1000000000000000
0111111111111111
0111111111111111
0111111111111111
0111111111111111
1000000000000000
1000000000000000
1000000000000000
1101000100000110
0111111111111111
0111111111111111
0111111111111111
1101100001010111
1000000000000000
1000000000000000
1000000000000000
0111111111111111
0111111111111111
0111111111111111
0111111111111111
1000000000000000
1000000000000000
1000000000000000
1101000011010010
0111111111111111
0111111111111111
0111111111111111
1101100010011101
1000000000000000
1000000000000000
1000000000000000
0111111111111111
0111111111111111
0111111111111111
0111111111111111
1000000000000000
1000000000000000
1000000000000000
1101000011000111
0111111111111111
0111111111111111
0111111111111111
1101011110000010
1000000000000000
1000000000000000
1000000000000000
0111111111111111
0111111111111111
0111111111111111
0111111111111111
1000000000000000
1000000000000000
1000000000000000
1101000010100111
0111111111111111
0111111111111111
0111111111111111
1101100000000100
1000000000000000
1000000000000000
1000000000000000
0111111111111111
0111111111111111
0111111111111111
0111111111111111
1000000000000000
1000000000000000
1000000000000000
1101000010111101
0111111111111111
0111111111111111
0111111111111111
1101100000101000
1000000000000000
1000000000000000
1000000000000000
0111111111111111
0111111111111111
0111111111111111
0111111111111111
1000000000000000
1000000000000000
1000000000000000
1100111111100101
0111111111111111
0111111111111111
0111111111111111
1101100001000111
1000000000000000
1000000000000000
1000000000000000
0111111111111111
0111111111111111
0111111111111111
0111111111111111
1000000000000000
1000000000000000
1000000000000000
1101000011001010
0111111111111111
0111111111111111
0111111111111111
1101011101101000
1000000000000000
1000000000000000
1000000000000000
0111111111111111
0111111111111111
0111111111111111
0111111111111111
1000000000000000
1000000000000000
1000000000000000
1101000011011111
0111111111111111
0111111111111111
0111111111111111
1101100010010100
1000000000000000
1000000000000000
1000000000000000
0111111111111111
0111111111111111
0111111111111111
0111111111111111
1000000000000000
1000000000000000
1000000000000000
1100111101110100
0111111111111111
0111111111111111
0111111111111111
1101100110000101
1000000000000000
1000000000000000
1000000000000000
0111111111111111
0111111111111111
0111111111111111
0111111111111111
1000000000000000
1000000000000000
1000000000000000
1101000100010010
0111111111111111
0111111111111111
0111111111111111
1101011111101101
1000000000000000
1000000000000000
1000000000000000
0111111111111111
0111111111111111
0111111111111111
0111111111111111
1000000000000000
1000000000000000
1000000000000000
1101000000100010
0111111111111111
0111111111111111
0111111111111111
1101100010110101
1000000000000000
1000000000000000
1000000000000000
0111111111111111
0111111111111111
0111111111111111
0111111111111111
1000000000000000
1000000000000000
1000000000000000
1101000011111000
0111111111111111
0111111111111111
0111111111111111
1101100010000001
1000000000000000
1000000000000000
1000000000000000
0111111111111111
0111111111111111
0111111111111111
0111111111111111
1000000000000000
1000000000000000
1000000000000000
1101000100011011
0111111111111111
0111111111111111
0111111111111111
1101011111010001
1000000000000000
1000000000000000
1000000000000000
0111111111111111
0111111111111111
0111111111111111
0111111111111111
1000000000000000
1000000000000000
1000000000000000
1101000010011110
0111111111111111
0111111111111111
0111111111111111
1101100100000001
1000000000000000
1000000000000000
1000000000000000
0111111111111111
0111111111111111
0111111111111111
0111111111111111
1000000000000000
1000000000000000
1000000000000000
1101000010100101
0111111111111111
0111111111111111
0111111111111111
1101011111000011
1000000000000000
1000000000000000
1000000000000000
0111111111111111
0111111111111111
0111111111111111
0111111111111111
1000000000000000
1000000000000000
1000000000000000
1101000100000110
0111111111111111
0111111111111111
0111111111111111
1101011100111110
1000000000000000
1000000000000000
1000000000000000
0111111111111111
0111111111111111
0111111111111111
0111111111111111
1000000000000000
1000000000000000
1000000000000000
1101000001101111
0111111111111111
0111111111111111
0111111111111111
1101011110001110
1000000000000000
1000000000000000
1000000000000000
0111111111111111
0111111111111111
0111111111111111
0111111111111111
1000000000000000
1000000000000000
1000000000000000
1101000011101100
0111111111111111
0111111111111111
0111111111111111
1101011110100010
1000000000000000
1000000000000000
1000000000000000
0111111111111111
0111111111111111
0111111111111111
0111111111111111
1000000000000000
1000000000000000
1000000000000000
1101000100001000
0111111111111111
0111111111111111
0111111111111111
1101100000111010
1000000000000000
1000000000000000
1000000000000000
0111111111111111
0111111111111111
0111111111111111
0111111111111111
1000000000000000
1000000000000000
1000000000000000
1101000011110101
0111111111111111
0111111111111111
0111111111111111
1101100010110010
1000000000000000
1000000000000000
1000000000000000
0111111111111111
0111111111111111
0111111111111111
0111111111111111
1000000000000000
1000000000000000
1000000000000000
1101000100011110
0111111111111111
0111111111111111
0111111111111111
1101100000000001
1000000000000000
1000000000000000
1000000000000000
0111111111111111
0111111111111111
0111111111111111
0111111111111111
1000000000000000
1000000000000000
1000000000000000
1101000011011010
0111111111111111
0111111111111111
0111111111111111
1101100011110000
1000000000000000
1000000000000000
1000000000000000
0111111111111111
0111111111111111
0111111111111111
0111111111111111
1000000000000000
1000000000000000
1000000000000000
1101000001100110
0111111111111111
0111111111111111
0111111111111111
1101100100000011
1000000000000000
1000000000000000
1000000000000000
0111111111111111
0111111111111111
0111111111111111
0111111111111111
1000000000000000
1000000000000000
1000000000000000
1100111111001011
0111111111111111
0111111111111111
0111111111111111
1101011110101100
1000000000000000
1000000000000000
1000000000000000
0111111111111111
0111111111111111
0111111111111111
0111111111111111
1000000000000000
1000000000000000
1000000000000000
1101000011101100
0111111111111111
0111111111111111
0111111111111111
1101011011100101
1000000000000000
1000000000000000
1000000000000000
0111111111111111
0111111111111111
0111111111111111
0111111111111111
1000000000000000
1000000000000000
1000000000000000
1101000101101111
0111111111111111
0111111111111111
0111111111111111
1101100001010100
1000000000000000
1000000000000000
1000000000000000
0111111111111111
0111111111111111
0111111111111111
0111111111111111
1000000000000000
1000000000000000
1000000000000000
1101000010001111
0111111111111111
0111111111111111
0111111111111111
1101100010111011
1000000000000000
1000000000000000
1000000000000000
0111111111111111
0111111111111111
0111111111111111
0111111111111111
1000000000000000
1000000000000000
1000000000000000
1101000100100010
0111111111111111
0111111111111111
0111111111111111
1101100000000111
1000000000000000
1000000000000000
1000000000000000
0111111111111111
0111111111111111
0111111111111111
0111111111111111
1000000000000000
1000000000000000
1000000000000000
1101000010101011
0111111111111111
0111111111111111
0111111111111111
1101100010011100
1000000000000000
1000000000000000
1000000000000000
0111111111111111
0111111111111111
0111111111111111
0111111111111111
1000000000000000
1000000000000000
