0000000000000000
1111111011110110
1111101111101100
1111100011110111
0111111111111111
0111111111111111
0111111111111111
0111111111111111
1000000000000000
1000000000000000
1000000000000000
1101000010000110
0111111111111111
0111111111111111
0111111111111111
1101100000100110
1000000000000000
1000000000000000
1000000000000000
0111111111111111
0111111111111111
0111111111111111
0111111111111111
1000000000000000
1000000000000000
1000000000000000
1101000010111001
0111111111111111
0111111111111111
0111111111111111
1101011111111111
1000000000000000
1000000000000000
1000000000000000
0111111111111111
0111111111111111
0111111111111111
0111111111111111
1000000000000000
1000000000000000
1000000000000000
1101000001011101
0111111111111111
0111111111111111
0111111111111111
1101100010011110
1000000000000000
1000000000000000
1000000000000000
0111111111111111
0111111111111111
0111111111111111
0111111111111111
1000000000000000
1000000000000000
1000000000000000
1101000001101001
0111111111111111
0111111111111111
0111111111111111
1101011111100100
1000000000000000
1000000000000000
1000000000000000
0111111111111111
0111111111111111
0111111111111111
0111111111111111
1000000000000000
1000000000000000
1000000000000000
1100111111000110
0111111111111111
0111111111111111
0111111111111111
1101100100100000
1000000000000000
1000000000000000
1000000000000000
0111111111111111
0111111111111111
0111111111111111
0111111111111111
1000000000000000
1000000000000000
1000000000000000
1101000110101010
0111111111111111
0111111111111111
0111111111111111
1101011111001111
1000000000000000
1000000000000000
1000000000000000
0111111111111111
0111111111111111
0111111111111111
0111111111111111
1000000000000000
1000000000000000
1000000000000000
1101000000100011
0111111111111111
0111111111111111
0111111111111111
1101011110111110
1000000000000000
1000000000000000
1000000000000000
0111111111111111
0111111111111111
0111111111111111
0111111111111111
1000000000000000
1000000000000000
1000000000000000
1101000010011001
0111111111111111
0111111111111111
0111111111111111
1101100010011010
1000000000000000
1000000000000000
1000000000000000
0111111111111111
0111111111111111
0111111111111111
0111111111111111
1000000000000000
1000000000000000
1000000000000000
1101000100001011
0111111111111111
0111111111111111
0111111111111111
1101011110100110
1000000000000000
1000000000000000
1000000000000000
0111111111111111
0111111111111111
0111111111111111
0111111111111111
1000000000000000
1000000000000000
1000000000000000
1101000000111000
0111111111111111
0111111111111111
0111111111111111
1101100010111000
1000000000000000
1000000000000000
1000000000000000
0111111111111111
0111111111111111
0111111111111111
0111111111111111
1000000000000000
1000000000000000
1000000000000000
1101000011111111
0111111111111111
0111111111111111
0111111111111111
1101100000111110
1000000000000000
1000000000000000
1000000000000000
0111111111111111
0111111111111111
0111111111111111
0111111111111111
1000000000000000
1000000000000000
1000000000000000
1101000010001010
0111111111111111
0111111111111111
0111111111111111
1101100010100011
1000000000000000
1000000000000000
1000000000000000
0111111111111111
0111111111111111
0111111111111111
0111111111111111
1000000000000000
1000000000000000
1000000000000000
1101000011101001
0111111111111111
0111111111111111
0111111111111111
1101100011100101
1000000000000000
1000000000000000
1000000000000000
0111111111111111
0111111111111111
0111111111111111
0111111111111111
1000000000000000
1000000000000000
1000000000000000
1101000010101101
0111111111111111
0111111111111111
0111111111111111
1101011111111110
1000000000000000
1000000000000000
1000000000000000
0111111111111111
0111111111111111
0111111111111111
0111111111111111
1000000000000000
1000000000000000
1000000000000000
1101000011000110
0111111111111111
0111111111111111
0111111111111111
1101100001000011
1000000000000000
1000000000000000
1000000000000000
0111111111111111
0111111111111111
0111111111111111
0111111111111111
1000000000000000
1000000000000000
1000000000000000
1101000100000001
0111111111111111
0111111111111111
0111111111111111
1101011110010011
1000000000000000
1000000000000000
1000000000000000
0111111111111111
0111111111111111
0111111111111111
0111111111111111
1000000000000000
1000000000000000
1000000000000000
1100111111000100
0111111111111111
0111111111111111
0111111111111111
1101100000101101
1000000000000000
1000000000000000
1000000000000000
0111111111111111
0111111111111111
0111111111111111
0111111111111111
1000000000000000
1000000000000000
1000000000000000
1101000001001000
0111111111111111
0111111111111111
0111111111111111
1101100001110000
1000000000000000
1000000000000000
1000000000000000
0111111111111111
0111111111111111
0111111111111111
0111111111111111
1000000000000000
1000000000000000
1000000000000000
1101000011000001
0111111111111111
0111111111111111
0111111111111111
1101011111001100
1000000000000000
1000000000000000
1000000000000000
0111111111111111
0111111111111111
0111111111111111
0111111111111111
1000000000000000
1000000000000000
1000000000000000
1101000001101101
0111111111111111
0111111111111111
0111111111111111
1101011111110011
1000000000000000
1000000000000000
1000000000000000
0111111111111111
0111111111111111
0111111111111111
0111111111111111
1000000000000000
1000000000000000
1000000000000000
1101000011001101
0111111111111111
0111111111111111
0111111111111111
1101100001101000
1000000000000000
1000000000000000
1000000000000000
0111111111111111
0111111111111111
0111111111111111
0111111111111111
1000000000000000
1000000000000000
1000000000000000
1101000010000101
0111111111111111
0111111111111111
0111111111111111
1101100001001001
1000000000000000
1000000000000000
1000000000000000
0111111111111111
0111111111111111
0111111111111111
0111111111111111
1000000000000000
1000000000000000
1000000000000000
1101000010011110
0111111111111111
0111111111111111
0111111111111111
1101100010000111
1000000000000000
1000000000000000
1000000000000000
0111111111111111
0111111111111111
0111111111111111
0111111111111111
1000000000000000
1000000000000000
1000000000000000
1101000000010111
0111111111111111
0111111111111111
0111111111111111
1101100011010111
1000000000000000
1000000000000000
1000000000000000
0111111111111111
0111111111111111
0111111111111111
0111111111111111
1000000000000000
1000000000000000
1000000000000000
1101000010010011
0111111111111111
0111111111111111
0111111111111111
1101100010010100
1000000000000000
1000000000000000
1000000000000000
0111111111111111
0111111111111111
0111111111111111
0111111111111111
1000000000000000
1000000000000000
1000000000000000
1101000010100100
0111111111111111
0111111111111111
0111111111111111
1101011111111001
1000000000000000
1000000000000000
1000000000000000
0111111111111111
0111111111111111
0111111111111111
0111111111111111
1000000000000000
1000000000000000
1000000000000000
1101000010111110
0111111111111111
0111111111111111
0111111111111111
1101100010110001
1000000000000000
1000000000000000
1000000000000000
0111111111111111
0111111111111111
0111111111111111
0111111111111111
1000000000000000
1000000000000000
1000000000000000
1101000100011001
0111111111111111
0111111111111111
0111111111111111
1101100001011111
1000000000000000
1000000000000000
1000000000000000
0111111111111111
0111111111111111
0111111111111111
0111111111111111
1000000000000000
1000000000000000
1000000000000000
1101000100001001
0111111111111111
0111111111111111
0111111111111111
1101100100100111
1000000000000000
1000000000000000
1000000000000000
0111111111111111
0111111111111111
0111111111111111
0111111111111111
1000000000000000
1000000000000000
1000000000000000
1101000010100101
0111111111111111
0111111111111111
0111111111111111
1101011111100000
1000000000000000
1000000000000000
1000000000000000
0111111111111111
0111111111111111
0111111111111111
0111111111111111
1000000000000000
1000000000000000
1000000000000000
1101000010011010
0111111111111111
0111111111111111
0111111111111111
1101100001111111
1000000000000000
1000000000000000
1000000000000000
0111111111111111
0111111111111111
0111111111111111
0111111111111111
1000000000000000
1000000000000000
1000000000000000
1101000001110100
0111111111111111
0111111111111111
0111111111111111
1101011111110000
1000000000000000
1000000000000000
1000000000000000
0111111111111111
0111111111111111
0111111111111111
0111111111111111
1000000000000000
1000000000000000
1000000000000000
1101000000110001
0111111111111111
0111111111111111
0111111111111111
1101100011010100
1000000000000000
1000000000000000
1000000000000000
0111111111111111
0111111111111111
0111111111111111
0111111111111111
1000000000000000
1000000000000000
1000000000000000
1101000101010100
0111111111111111
0111111111111111
0111111111111111
1101100001111001
1000000000000000
1000000000000000
1000000000000000
0111111111111111
0111111111111111
0111111111111111
0111111111111111
1000000000000000
1000000000000000
1000000000000000
1101000010011110
0111111111111111
0111111111111111
0111111111111111
1101100000101000
1000000000000000
1000000000000000
1000000000000000
0111111111111111
0111111111111111
0111111111111111
0111111111111111
1000000000000000
1000000000000000
1000000000000000
1101000000110101
0111111111111111
0111111111111111
0111111111111111
1101100100000000
1000000000000000
1000000000000000
1000000000000000
0111111111111111
0111111111111111
0111111111111111
0111111111111111
1000000000000000
1000000000000000
1000000000000000
1100111111110101
0111111111111111
0111111111111111
0111111111111111
1101100010100110
1000000000000000
1000000000000000
1000000000000000
0111111111111111
0111111111111111
0111111111111111
0111111111111111
1000000000000000
1000000000000000
1000000000000000
1100111111010010
0111111111111111
0111111111111111
0111111111111111
1101100000111110
1000000000000000
1000000000000000
1000000000000000
0111111111111111
0111111111111111
0111111111111111
0111111111111111
1000000000000000
1000000000000000
1000000000000000
1101000000011000
0111111111111111
0111111111111111
0111111111111111
1101100010100111
1000000000000000
1000000000000000
1000000000000000
0111111111111111
0111111111111111
0111111111111111
0111111111111111
1000000000000000
1000000000000000
1000000000000000
1101000010000010
0111111111111111
0111111111111111
0111111111111111
1101100000110100
1000000000000000
1000000000000000
1000000000000000
0111111111111111
0111111111111111
0111111111111111
0111111111111111
1000000000000000
1000000000000000
1000000000000000
1101000100100100
0111111111111111
0111111111111111
0111111111111111
1101100010010010
1000000000000000
1000000000000000
1000000000000000
0111111111111111
0111111111111111
0111111111111111
0111111111111111
1000000000000000
1000000000000000
1000000000000000
1101000011101010
0111111111111111
0111111111111111
0111111111111111
1101011110100100
1000000000000000
1000000000000000
1000000000000000
0111111111111111
0111111111111111
0111111111111111
0111111111111111
1000000000000000
1000000000000000
1000000000000000
1101000000001101
0111111111111111
0111111111111111
0111111111111111
1101100100011000
1000000000000000
1000000000000000
1000000000000000
0111111111111111
0111111111111111
0111111111111111
0111111111111111
1000000000000000
1000000000000000
1000000000000000
1101000011011101
0111111111111111
0111111111111111
0111111111111111
1101011111100101
1000000000000000
1000000000000000
1000000000000000
0111111111111111
0111111111111111
0111111111111111
0111111111111111
1000000000000000
1000000000000000
1000000000000000
1101000000100010
0111111111111111
0111111111111111
0111111111111111
1101100000111111
1000000000000000
1000000000000000
1000000000000000
0111111111111111
0111111111111111
0111111111111111
0111111111111111
1000000000000000
1000000000000000
1000000000000000
1101000011001111
0111111111111111
0111111111111111
0111111111111111
1101011110110101
1000000000000000
1000000000000000
1000000000000000
0111111111111111
0111111111111111
0111111111111111
0111111111111111
1000000000000000
1000000000000000
1000000000000000
1101000010100100
0111111111111111
0111111111111111
0111111111111111
1101100000000010
1000000000000000
1000000000000000
1000000000000000
0111111111111111
0111111111111111
0111111111111111
0111111111111111
1000000000000000
1000000000000000
1000000000000000
1100111111111101
0111111111111111
0111111111111111
0111111111111111
1101100100011110
1000000000000000
1000000000000000
1000000000000000
0111111111111111
0111111111111111
0111111111111111
0111111111111111
1000000000000000
1000000000000000
1000000000000000
1101000011100111
0111111111111111
0111111111111111
0111111111111111
1101100011000011
1000000000000000
1000000000000000
1000000000000000
0111111111111111
0111111111111111
0111111111111111
0111111111111111
1000000000000000
1000000000000000
1000000000000000
1101000000111101
0111111111111111
0111111111111111
0111111111111111
1101100000111010
1000000000000000
1000000000000000
1000000000000000
0111111111111111
0111111111111111
0111111111111111
0111111111111111
1000000000000000
1000000000000000
1000000000000000
1101000010111000
0111111111111111
0111111111111111
0111111111111111
1101011111010110
1000000000000000
1000000000000000
1000000000000000
0111111111111111
0111111111111111
0111111111111111
0111111111111111
1000000000000000
1000000000000000
1000000000000000
1101000000011010
0111111111111111
0111111111111111
0111111111111111
1101100010001110
1000000000000000
1000000000000000
1000000000000000
0111111111111111
0111111111111111
0111111111111111
0111111111111111
1000000000000000
1000000000000000
1000000000000000
1101000101100000
0111111111111111
0111111111111111
0111111111111111
1101011111011010
1000000000000000
1000000000000000
1000000000000000
0111111111111111
0111111111111111
0111111111111111
0111111111111111
1000000000000000
1000000000000000
1000000000000000
1101000011110000
0111111111111111
0111111111111111
0111111111111111
1101100010100100
1000000000000000
1000000000000000
1000000000000000
0111111111111111
0111111111111111
0111111111111111
0111111111111111
1000000000000000
1000000000000000
1000000000000000
1101000010101010
0111111111111111
0111111111111111
0111111111111111
1101011111110111
1000000000000000
1000000000000000
1000000000000000
0111111111111111
0111111111111111
0111111111111111
0111111111111111
1000000000000000
1000000000000000
1000000000000000
1101000011010010
0111111111111111
0111111111111111
0111111111111111
1101011111100100
1000000000000000
1000000000000000
1000000000000000
0111111111111111
0111111111111111
0111111111111111
0111111111111111
1000000000000000
1000000000000000
1000000000000000
1101000010111010
0111111111111111
0111111111111111
0111111111111111
1101100001000100
1000000000000000
1000000000000000
1000000000000000
0111111111111111
0111111111111111
0111111111111111
0111111111111111
1000000000000000
1000000000000000
1000000000000000
1101000000111100
0111111111111111
0111111111111111
0111111111111111
1101100010101001
1000000000000000
1000000000000000
1000000000000000
0111111111111111
0111111111111111
0111111111111111
0111111111111111
1000000000000000
1000000000000000
1000000000000000
1101000000101100
0111111111111111
0111111111111111
0111111111111111
1101100010011011
1000000000000000
1000000000000000
1000000000000000
0111111111111111
0111111111111111
0111111111111111
0111111111111111
1000000000000000
1000000000000000
1000000000000000
1101000001110110
0111111111111111
0111111111111111
0111111111111111
1101011110101010
1000000000000000
1000000000000000
1000000000000000
0111111111111111
0111111111111111
0111111111111111
0111111111111111
1000000000000000
1000000000000000
1000000000000000
1101000001011001
0111111111111111
0111111111111111
0111111111111111
1101100010110001
1000000000000000
1000000000000000
1000000000000000
0111111111111111
0111111111111111
0111111111111111
0111111111111111
1000000000000000
1000000000000000
1000000000000000
1101000000001011
0111111111111111
0111111111111111
0111111111111111
1101100001000011
1000000000000000
1000000000000000
1000000000000000
0111111111111111
0111111111111111
0111111111111111
0111111111111111
1000000000000000
1000000000000000
1000000000000000
1101000001100111
0111111111111111
0111111111111111
0111111111111111
1101100100001100
1000000000000000
1000000000000000
1000000000000000
0111111111111111
0111111111111111
0111111111111111
0111111111111111
1000000000000000
1000000000000000
1000000000000000
1101000010000011
0111111111111111
0111111111111111
0111111111111111
1101100001101010
1000000000000000
1000000000000000
1000000000000000
0111111111111111
0111111111111111
0111111111111111
0111111111111111
1000000000000000
1000000000000000
1000000000000000
1101000001011111
0111111111111111
0111111111111111
0111111111111111
1101100011001011
1000000000000000
1000000000000000
1000000000000000
0111111111111111
0111111111111111
0111111111111111
0111111111111111
1000000000000000
1000000000000000
1000000000000000
1101000010111110
0111111111111111
0111111111111111
0111111111111111
1101100100000000
1000000000000000
1000000000000000
1000000000000000
0111111111111111
0111111111111111
0111111111111111
0111111111111111
1000000000000000
1000000000000000
1000000000000000
1101000100100001
0111111111111111
0111111111111111
0111111111111111
1101100000110010
1000000000000000
1000000000000000
1000000000000000
0111111111111111
0111111111111111
0111111111111111
0111111111111111
1000000000000000
1000000000000000
1000000000000000
1101000001101000
0111111111111111
0111111111111111
0111111111111111
1101100011111011
1000000000000000
1000000000000000
1000000000000000
0111111111111111
0111111111111111
0111111111111111
0111111111111111
1000000000000000
1000000000000000
1000000000000000
1101000010100011
0111111111111111
0111111111111111
0111111111111111
1101011110101011
1000000000000000
1000000000000000
1000000000000000
0111111111111111
0111111111111111
0111111111111111
0111111111111111
1000000000000000
1000000000000000
1000000000000000
1101000011011000
0111111111111111
0111111111111111
0111111111111111
1101100001011110
1000000000000000
1000000000000000
1000000000000000
0111111111111111
0111111111111111
0111111111111111
0111111111111111
1000000000000000
1000000000000000
1000000000000000
1101000000111001
0111111111111111
0111111111111111
0111111111111111
1101100000000001
1000000000000000
1000000000000000
1000000000000000
0111111111111111
0111111111111111
0111111111111111
0111111111111111
1000000000000000
1000000000000000
1000000000000000
1101000100000111
0111111111111111
0111111111111111
0111111111111111
1101100001111010
1000000000000000
1000000000000000
1000000000000000
0111111111111111
0111111111111111
0111111111111111
0111111111111111
1000000000000000
1000000000000000
1000000000000000
1101000100111011
0111111111111111
0111111111111111
0111111111111111
1101011111100101
1000000000000000
1000000000000000
1000000000000000
0111111111111111
0111111111111111
0111111111111111
0111111111111111
1000000000000000
1000000000000000
1000000000000000
1101000101010100
0111111111111111
0111111111111111
0111111111111111
1101100100000000
1000000000000000
1000000000000000
1000000000000000
0111111111111111
0111111111111111
0111111111111111
0111111111111111
1000000000000000
1000000000000000
1000000000000000
1101000011010001
0111111111111111
0111111111111111
0111111111111111
1101011110011111
1000000000000000
1000000000000000
1000000000000000
0111111111111111
0111111111111111
0111111111111111
0111111111111111
1000000000000000
1000000000000000
1000000000000000
1101000000000010
0111111111111111
0111111111111111
0111111111111111
1101100011100001
1000000000000000
1000000000000000
1000000000000000
0111111111111111
0111111111111111
0111111111111111
0111111111111111
1000000000000000
1000000000000000
1000000000000000
1101000000111011
0111111111111111
0111111111111111
0111111111111111
1101100001100000
1000000000000000
1000000000000000
1000000000000000
0111111111111111
0111111111111111
0111111111111111
0111111111111111
1000000000000000
1000000000000000
1000000000000000
1101000001101100
0111111111111111
0111111111111111
0111111111111111
1101100100110110
1000000000000000
1000000000000000
1000000000000000
0111111111111111
0111111111111111
0111111111111111
0111111111111111
1000000000000000
1000000000000000
1000000000000000
1101000010101100
0111111111111111
0111111111111111
0111111111111111
1101100011110001
1000000000000000
1000000000000000
1000000000000000
0111111111111111
0111111111111111
0111111111111111
0111111111111111
1000000000000000
1000000000000000
1000000000000000
1101000100000000
0111111111111111
0111111111111111
0111111111111111
1101100011110000
1000000000000000
1000000000000000
1000000000000000
0111111111111111
0111111111111111
0111111111111111
0111111111111111
1000000000000000
1000000000000000
1000000000000000
1101000010000100
0111111111111111
0111111111111111
0111111111111111
1101100001101011
1000000000000000
1000000000000000
1000000000000000
0111111111111111
0111111111111111
0111111111111111
0111111111111111
1000000000000000
1000000000000000
1000000000000000
1101000000111101
0111111111111111
0111111111111111
0111111111111111
1101100100101111
1000000000000000
1000000000000000
1000000000000000
0111111111111111
0111111111111111
0111111111111111
0111111111111111
1000000000000000
1000000000000000
1000000000000000
1101000010010110
0111111111111111
0111111111111111
0111111111111111
1101100001010001
1000000000000000
1000000000000000
1000000000000000
0111111111111111
0111111111111111
0111111111111111
0111111111111111
1000000000000000
1000000000000000
1000000000000000
1101000101001100
0111111111111111
0111111111111111
0111111111111111
1101011101101011
1000000000000000
1000000000000000
1000000000000000
0111111111111111
0111111111111111
0111111111111111
0111111111111111
1000000000000000
1000000000000000
1000000000000000
1100111111101001
0111111111111111
0111111111111111
0111111111111111
1101100011000101
1000000000000000
1000000000000000
1000000000000000
0111111111111111
0111111111111111
0111111111111111
0111111111111111
1000000000000000
1000000000000000
1000000000000000
1101000101000010
0111111111111111
0111111111111111
0111111111111111
1101100011001100
1000000000000000
1000000000000000
1000000000000000
0111111111111111
0111111111111111
0111111111111111
0111111111111111
1000000000000000
1000000000000000
1000000000000000
1100111111101100
0111111111111111
0111111111111111
0111111111111111
1101100001001001
1000000000000000
1000000000000000
1000000000000000
0111111111111111
0111111111111111
0111111111111111
0111111111111111
1000000000000000
1000000000000000
1000000000000000
1101000011111100
0111111111111111
0111111111111111
0111111111111111
1101011111111001
1000000000000000
1000000000000000
1000000000000000
0111111111111111
0111111111111111
0111111111111111
0111111111111111
1000000000000000
1000000000000000
1000000000000000
1101000000101011
0111111111111111
0111111111111111
0111111111111111
1101100011001001
1000000000000000
1000000000000000
1000000000000000
0111111111111111
0111111111111111
0111111111111111
0111111111111111
1000000000000000
1000000000000000
1000000000000000
1101000100111001
0111111111111111
0111111111111111
0111111111111111
1101100010010110
1000000000000000
1000000000000000
1000000000000000
0111111111111111
0111111111111111
0111111111111111
0111111111111111
1000000000000000
1000000000000000
1000000000000000
1101000000100010
0111111111111111
0111111111111111
0111111111111111
1101100011110110
1000000000000000
1000000000000000
1000000000000000
0111111111111111
0111111111111111
0111111111111111
0111111111111111
1000000000000000
1000000000000000
1000000000000000
1101000011011100
0111111111111111
0111111111111111
0111111111111111
1101011111110111
1000000000000000
1000000000000000
1000000000000000
0111111111111111
0111111111111111
0111111111111111
0111111111111111
1000000000000000
1000000000000000
1000000000000000
1101000010111111
0111111111111111
0111111111111111
0111111111111111
1101100110000011
1000000000000000
1000000000000000
1000000000000000
0111111111111111
0111111111111111
0111111111111111
0111111111111111
1000000000000000
1000000000000000
1000000000000000
1101000010000101
0111111111111111
0111111111111111
0111111111111111
1101100011000110
1000000000000000
1000000000000000
1000000000000000
0111111111111111
0111111111111111
0111111111111111
0111111111111111
1000000000000000
1000000000000000
1000000000000000
1101000100011100
0111111111111111
0111111111111111
0111111111111111
1101100011000001
1000000000000000
1000000000000000
1000000000000000
0111111111111111
0111111111111111
0111111111111111
0111111111111111
1000000000000000
1000000000000000
1000000000000000
1101000001011111
0111111111111111
0111111111111111
0111111111111111
1101100011111011
1000000000000000
1000000000000000
1000000000000000
0111111111111111
0111111111111111
0111111111111111
0111111111111111
1000000000000000
1000000000000000
1000000000000000
1101000001111111
0111111111111111
0111111111111111
0111111111111111
1101100001111010
1000000000000000
1000000000000000
1000000000000000
0111111111111111
0111111111111111
0111111111111111
0111111111111111
1000000000000000
1000000000000000
1000000000000000
1101000001101010
0111111111111111
0111111111111111
0111111111111111
1101011111111011
1000000000000000
1000000000000000
1000000000000000
0111111111111111
0111111111111111
0111111111111111
0111111111111111
1000000000000000
1000000000000000
1000000000000000
1101000101010111
0111111111111111
0111111111111111
0111111111111111
1101100010110101
1000000000000000
1000000000000000
1000000000000000
0111111111111111
0111111111111111
0111111111111111
0111111111111111
1000000000000000
1000000000000000
1000000000000000
1101000010010001
0111111111111111
0111111111111111
0111111111111111
1101100001001111
1000000000000000
1000000000000000
1000000000000000
0111111111111111
0111111111111111
0111111111111111
0111111111111111
1000000000000000
1000000000000000
1000000000000000
1101000011100001
0111111111111111
0111111111111111
0111111111111111
1101100001011111
1000000000000000
1000000000000000
1000000000000000
0111111111111111
0111111111111111
0111111111111111
0111111111111111
1000000000000000
1000000000000000
1000000000000000
1101000100010011
0111111111111111
0111111111111111
0111111111111111
1101100100001110
1000000000000000
1000000000000000
1000000000000000
0111111111111111
0111111111111111
0111111111111111
0111111111111111
1000000000000000
1000000000000000
1000000000000000
1101000010010100
0111111111111111
0111111111111111
0111111111111111
1101100100111010
1000000000000000
1000000000000000
1000000000000000
0111111111111111
0111111111111111
0111111111111111
0111111111111111
1000000000000000
1000000000000000
1000000000000000
1101000100100111
0111111111111111
0111111111111111
0111111111111111
1101100001110000
1000000000000000
1000000000000000
1000000000000000
0111111111111111
0111111111111111
0111111111111111
0111111111111111
1000000000000000
1000000000000000
1000000000000000
1101000010100111
0111111111111111
0111111111111111
0111111111111111
1101100011101111
1000000000000000
1000000000000000
1000000000000000
0111111111111111
0111111111111111
0111111111111111
0111111111111111
1000000000000000
1000000000000000
1000000000000000
1101000100010010
0111111111111111
0111111111111111
0111111111111111
1101100000011100
1000000000000000
1000000000000000
1000000000000000
0111111111111111
0111111111111111
0111111111111111
0111111111111111
1000000000000000
1000000000000000
1000000000000000
1101000011001000
0111111111111111
0111111111111111
0111111111111111
1101011100000101
1000000000000000
1000000000000000
1000000000000000
0111111111111111
0111111111111111
0111111111111111
0111111111111111
1000000000000000
1000000000000000
1000000000000000
1100111111011000
0111111111111111
0111111111111111
0111111111111111
1101100000100110
1000000000000000
1000000000000000
1000000000000000
0111111111111111
0111111111111111
0111111111111111
0111111111111111
1000000000000000
1000000000000000
1000000000000000
1101000010111011
0111111111111111
0111111111111111
0111111111111111
1101100000011001
1000000000000000
1000000000000000
1000000000000000
0111111111111111
0111111111111111
0111111111111111
0111111111111111
1000000000000000
1000000000000000
1000000000000000
1101000010011000
0111111111111111
0111111111111111
0111111111111111
1101100010101111
1000000000000000
1000000000000000
1000000000000000
0111111111111111
0111111111111111
0111111111111111
0111111111111111
1000000000000000
1000000000000000
1000000000000000
1101000001101111
0111111111111111
0111111111111111
0111111111111111
1101011111011000
1000000000000000
1000000000000000
1000000000000000
0111111111111111
0111111111111111
0111111111111111
0111111111111111
1000000000000000
1000000000000000
1000000000000000
1100111110111111
0111111111111111
0111111111111111
0111111111111111
1101100001000100
1000000000000000
1000000000000000
1000000000000000
0111111111111111
0111111111111111
0111111111111111
0111111111111111
1000000000000000
1000000000000000
1000000000000000
1101000011000000
0111111111111111
0111111111111111
0111111111111111
1101100011010111
1000000000000000
1000000000000000
1000000000000000
0111111111111111
0111111111111111
0111111111111111
0111111111111111
1000000000000000
1000000000000000
1000000000000000
1101000001110100
0111111111111111
0111111111111111
0111111111111111
1101100100001000
1000000000000000
1000000000000000
1000000000000000
0111111111111111
0111111111111111
0111111111111111
0111111111111111
1000000000000000
1000000000000000
1000000000000000
1101000100010101
0111111111111111
0111111111111111
0111111111111111
1101100001001100
1000000000000000
1000000000000000
1000000000000000
0111111111111111
0111111111111111
0111111111111111
0111111111111111
1000000000000000
1000000000000000
1000000000000000
1101000000110011
0111111111111111
0111111111111111
0111111111111111
1101011101111100
1000000000000000
1000000000000000
1000000000000000
0111111111111111
0111111111111111
0111111111111111
0111111111111111
1000000000000000
1000000000000000
1000000000000000
1101000010000000
0111111111111111
0111111111111111
0111111111111111
1101011110010000
1000000000000000
1000000000000000
1000000000000000
0111111111111111
0111111111111111
0111111111111111
0111111111111111
1000000000000000
1000000000000000
1000000000000000
1101000010011001
0111111111111111
0111111111111111
0111111111111111
1101011110111101
1000000000000000
1000000000000000
1000000000000000
0111111111111111
0111111111111111
0111111111111111
0111111111111111
1000000000000000
1000000000000000
1000000000000000
1101000100001111
0111111111111111
0111111111111111
0111111111111111
1101011111011101
1000000000000000
1000000000000000
1000000000000000
0111111111111111
0111111111111111
0111111111111111
0111111111111111
1000000000000000
1000000000000000
1000000000000000
1100111110101000
0111111111111111
0111111111111111
0111111111111111
1101100101111001
1000000000000000
1000000000000000
1000000000000000
0111111111111111
0111111111111111
0111111111111111
0111111111111111
1000000000000000
1000000000000000
1000000000000000
1101000011001110
0111111111111111
0111111111111111
0111111111111111
1101100001011010
1000000000000000
1000000000000000
1000000000000000
0111111111111111
0111111111111111
0111111111111111
0111111111111111
1000000000000000
1000000000000000
1000000000000000
1101000000101001
0111111111111111
0111111111111111
0111111111111111
1101100010101011
1000000000000000
1000000000000000
1000000000000000
0111111111111111
0111111111111111
0111111111111111
0111111111111111
1000000000000000
1000000000000000
1000000000000000
1101000101110101
0111111111111111
0111111111111111
0111111111111111
1101100000111001
1000000000000000
1000000000000000
1000000000000000
0111111111111111
0111111111111111
0111111111111111
0111111111111111
1000000000000000
1000000000000000
1000000000000000
1101000001100110
0111111111111111
0111111111111111
0111111111111111
1101100010001010
1000000000000000
1000000000000000
1000000000000000
0111111111111111
0111111111111111
0111111111111111
0111111111111111
1000000000000000
1000000000000000
1000000000000000
1101000110010001
0111111111111111
0111111111111111
0111111111111111
1101100011101011
1000000000000000
1000000000000000
1000000000000000
0111111111111111
0111111111111111
0111111111111111
0111111111111111
1000000000000000
1000000000000000
1000000000000000
1100111111110000
0111111111111111
0111111111111111
0111111111111111
1101011110010000
1000000000000000
1000000000000000
1000000000000000
0111111111111111
0111111111111111
0111111111111111
0111111111111111
1000000000000000
1000000000000000
1000000000000000
1101000010000111
0111111111111111
0111111111111111
0111111111111111
1101100101101000
1000000000000000
1000000000000000
1000000000000000
0111111111111111
0111111111111111
0111111111111111
0111111111111111
1000000000000000
1000000000000000
1000000000000000
1101000001100010
0111111111111111
0111111111111111
0111111111111111
1101100011000001
1000000000000000
1000000000000000
1000000000000000
0111111111111111
0111111111111111
0111111111111111
0111111111111111
1000000000000000
1000000000000000
1000000000000000
1101000000101001
0111111111111111
0111111111111111
0111111111111111
1101011101010010
1000000000000000
1000000000000000
1000000000000000
0111111111111111
0111111111111111
0111111111111111
0111111111111111
1000000000000000
1000000000000000
1000000000000000
1101000000101110
0111111111111111
0111111111111111
0111111111111111
1101011111100100
1000000000000000
1000000000000000
1000000000000000
0111111111111111
0111111111111111
0111111111111111
0111111111111111
1000000000000000
1000000000000000
1000000000000000
1101000010000000
0111111111111111
0111111111111111
0111111111111111
1101100110001010
1000000000000000
1000000000000000
1000000000000000
0111111111111111
0111111111111111
0111111111111111
0111111111111111
1000000000000000
1000000000000000
1000000000000000
1101000000100011
0111111111111111
0111111111111111
0111111111111111
1101100011110111
1000000000000000
1000000000000000
1000000000000000
0111111111111111
0111111111111111
0111111111111111
0111111111111111
1000000000000000
1000000000000000
1000000000000000
1101000001001010
0111111111111111
0111111111111111
0111111111111111
1101011111111111
1000000000000000
1000000000000000
1000000000000000
0111111111111111
0111111111111111
0111111111111111
0111111111111111
1000000000000000
1000000000000000
1000000000000000
1101000010101000
0111111111111111
0111111111111111
0111111111111111
1101100100100110
1000000000000000
1000000000000000
1000000000000000
0111111111111111
0111111111111111
0111111111111111
0111111111111111
1000000000000000
1000000000000000
1000000000000000
1101000001001011
0111111111111111
0111111111111111
0111111111111111
1101100111001110
1000000000000000
1000000000000000
1000000000000000
0111111111111111
0111111111111111
0111111111111111
0111111111111111
1000000000000000
1000000000000000
1000000000000000
1101000010100100
0111111111111111
0111111111111111
0111111111111111
1101011111011011
1000000000000000
1000000000000000
1000000000000000
0111111111111111
0111111111111111
0111111111111111
0111111111111111
1000000000000000
1000000000000000
1000000000000000
1101000011011011
0111111111111111
0111111111111111
0111111111111111
1101100000100010
1000000000000000
1000000000000000
1000000000000000
0111111111111111
0111111111111111
0111111111111111
0111111111111111
1000000000000000
1000000000000000
1000000000000000
1101000011011010
0111111111111111
0111111111111111
0111111111111111
1101100000110001
1000000000000000
1000000000000000
1000000000000000
0111111111111111
0111111111111111
0111111111111111
0111111111111111
1000000000000000
1000000000000000
1000000000000000
1101000100100010
0111111111111111
0111111111111111
0111111111111111
1101011011011111
1000000000000000
1000000000000000
1000000000000000
0111111111111111
0111111111111111
0111111111111111
0111111111111111
1000000000000000
1000000000000000
1000000000000000
1101000110001001
0111111111111111
0111111111111111
0111111111111111
1101100010001000
1000000000000000
1000000000000000
1000000000000000
0111111111111111
0111111111111111
0111111111111111
0111111111111111
1000000000000000
1000000000000000
1000000000000000
1101000000100101
0111111111111111
0111111111111111
0111111111111111
1101011110111111
1000000000000000
1000000000000000
1000000000000000
0111111111111111
0111111111111111
0111111111111111
0111111111111111
1000000000000000
1000000000000000
1000000000000000
1101000000110011
0111111111111111
0111111111111111
0111111111111111
1101100000010011
1000000000000000
1000000000000000
1000000000000000
0111111111111111
0111111111111111
0111111111111111
0111111111111111
1000000000000000
1000000000000000
1000000000000000
1100111100111110
0111111111111111
0111111111111111
0111111111111111
1101100000101000
1000000000000000
1000000000000000
1000000000000000
0111111111111111
0111111111111111
0111111111111111
0111111111111111
1000000000000000
1000000000000000
1000000000000000
1101000001110011
0111111111111111
0111111111111111
0111111111111111
1101011111110001
1000000000000000
1000000000000000
1000000000000000
0111111111111111
0111111111111111
0111111111111111
0111111111111111
1000000000000000
1000000000000000
1000000000000000
1101000010111111
0111111111111111
0111111111111111
0111111111111111
1101100001001010
1000000000000000
1000000000000000
1000000000000000
0111111111111111
0111111111111111
0111111111111111
0111111111111111
1000000000000000
1000000000000000
1000000000000000
1101000100111111
0111111111111111
0111111111111111
0111111111111111
1101100011000100
1000000000000000
1000000000000000
1000000000000000
0111111111111111
0111111111111111
0111111111111111
0111111111111111
1000000000000000
1000000000000000
1000000000000000
1101000001011100
0111111111111111
0111111111111111
0111111111111111
1101100001011110
1000000000000000
1000000000000000
1000000000000000
0111111111111111
0111111111111111
0111111111111111
0111111111111111
1000000000000000
1000000000000000
1000000000000000
1101000001000111
0111111111111111
0111111111111111
0111111111111111
1101100011110011
1000000000000000
1000000000000000
1000000000000000
0111111111111111
0111111111111111
0111111111111111
0111111111111111
1000000000000000
1000000000000000
1000000000000000
1101000011100101
0111111111111111
0111111111111111
0111111111111111
1101100001001011
1000000000000000
1000000000000000
1000000000000000
0111111111111111
0111111111111111
0111111111111111
0111111111111111
1000000000000000
1000000000000000
1000000000000000
1101000100100100
0111111111111111
0111111111111111
0111111111111111
1101100001100011
1000000000000000
1000000000000000
1000000000000000
0111111111111111
0111111111111111
0111111111111111
0111111111111111
1000000000000000
1000000000000000
1000000000000000
1101000010011110
0111111111111111
0111111111111111
0111111111111111
1101011111011001
1000000000000000
1000000000000000
1000000000000000
0111111111111111
0111111111111111
0111111111111111
0111111111111111
1000000000000000
1000000000000000
1000000000000000
1101000100100101
0111111111111111
0111111111111111
0111111111111111
1101100010000101
1000000000000000
1000000000000000
1000000000000000
0111111111111111
0111111111111111
0111111111111111
0111111111111111
1000000000000000
1000000000000000
1000000000000000
1100111111101010
0111111111111111
0111111111111111
0111111111111111
1101100011000010
1000000000000000
1000000000000000
1000000000000000
0111111111111111
0111111111111111
0111111111111111
0111111111111111
1000000000000000
1000000000000000
1000000000000000
1101000011000011
0111111111111111
0111111111111111
0111111111111111
1101100010110101
1000000000000000
1000000000000000
1000000000000000
0111111111111111
0111111111111111
0111111111111111
0111111111111111
1000000000000000
1000000000000000
1000000000000000
1101000000011111
0111111111111111
0111111111111111
0111111111111111
1101100010111111
1000000000000000
1000000000000000
1000000000000000
0111111111111111
0111111111111111
0111111111111111
0111111111111111
1000000000000000
1000000000000000
1000000000000000
1101000111000011
0111111111111111
0111111111111111
0111111111111111
1101100011010010
1000000000000000
1000000000000000
1000000000000000
0111111111111111
0111111111111111
0111111111111111
0111111111111111
1000000000000000
1000000000000000
1000000000000000
1101000101011001
0111111111111111
0111111111111111
0111111111111111
1101100010101110
1000000000000000
1000000000000000
1000000000000000
0111111111111111
0111111111111111
0111111111111111
0111111111111111
1000000000000000
1000000000000000
1000000000000000
1101000010110101
0111111111111111
0111111111111111
0111111111111111
1101100000010010
1000000000000000
1000000000000000
1000000000000000
0111111111111111
0111111111111111
0111111111111111
0111111111111111
1000000000000000
1000000000000000
1000000000000000
1101000011011011
0111111111111111
0111111111111111
0111111111111111
1101100010010001
1000000000000000
1000000000000000
1000000000000000
0111111111111111
0111111111111111
0111111111111111
0111111111111111
1000000000000000
1000000000000000
1000000000000000
1101000100101001
0111111111111111
0111111111111111
0111111111111111
1101100010000100
1000000000000000
1000000000000000
1000000000000000
0111111111111111
0111111111111111
0111111111111111
0111111111111111
1000000000000000
1000000000000000
1000000000000000
1101000100101011
0111111111111111
0111111111111111
0111111111111111
1101011111000010
1000000000000000
1000000000000000
1000000000000000
0111111111111111
0111111111111111
0111111111111111
0111111111111111
1000000000000000
1000000000000000
1000000000000000
1101000100111110
0111111111111111
0111111111111111
0111111111111111
1101100000111111
1000000000000000
1000000000000000
1000000000000000
0111111111111111
0111111111111111
0111111111111111
0111111111111111
1000000000000000
1000000000000000
1000000000000000
1101000000111001
0111111111111111
0111111111111111
0111111111111111
1101100011100101
1000000000000000
1000000000000000
1000000000000000
0111111111111111
0111111111111111
0111111111111111
0111111111111111
1000000000000000
1000000000000000
1000000000000000
1101000010111100
0111111111111111
0111111111111111
0111111111111111
1101011111101111
1000000000000000
1000000000000000
1000000000000000
0111111111111111
0111111111111111
0111111111111111
0111111111111111
1000000000000000
1000000000000000
1000000000000000
1101000011111100
0111111111111111
0111111111111111
0111111111111111
1101100001111100
1000000000000000
1000000000000000
1000000000000000
0111111111111111
0111111111111111
0111111111111111
0111111111111111
1000000000000000
1000000000000000
1000000000000000
1100111111000010
0111111111111111
0111111111111111
0111111111111111
1101100000000111
1000000000000000
1000000000000000
1000000000000000
0111111111111111
0111111111111111
0111111111111111
0111111111111111
1000000000000000
1000000000000000
1000000000000000
1101000000101100
0111111111111111
0111111111111111
0111111111111111
1101100000010101
1000000000000000
1000000000000000
1000000000000000
0111111111111111
0111111111111111
0111111111111111
0111111111111111
1000000000000000
1000000000000000
1000000000000000
1101000001011100
0111111111111111
0111111111111111
0111111111111111
1101011110111001
1000000000000000
1000000000000000
1000000000000000
0111111111111111
0111111111111111
0111111111111111
0111111111111111
1000000000000000
1000000000000000
1000000000000000
1101000001110011
0111111111111111
0111111111111111
0111111111111111
1101100011000100
1000000000000000
1000000000000000
1000000000000000
0111111111111111
0111111111111111
0111111111111111
0111111111111111
1000000000000000
1000000000000000
1000000000000000
1100111110010101
0111111111111111
0111111111111111
0111111111111111
1101100000111111
1000000000000000
1000000000000000
1000000000000000
0111111111111111
0111111111111111
0111111111111111
0111111111111111
1000000000000000
1000000000000000
1000000000000000
1101000100011100
0111111111111111
0111111111111111
0111111111111111
1101100010100000
1000000000000000
1000000000000000
1000000000000000
0111111111111111
0111111111111111
0111111111111111
0111111111111111
1000000000000000
1000000000000000
1000000000000000
1101000001001011
0111111111111111
0111111111111111
0111111111111111
1101100000000110
1000000000000000
1000000000000000
1000000000000000
0111111111111111
0111111111111111
0111111111111111
0111111111111111
1000000000000000
1000000000000000
1000000000000000
1101000100110011
0111111111111111
0111111111111111
0111111111111111
1101100001000011
1000000000000000
1000000000000000
1000000000000000
0111111111111111
0111111111111111
0111111111111111
0111111111111111
1000000000000000
1000000000000000
1000000000000000
1101000010001111
0111111111111111
0111111111111111
0111111111111111
1101100011101111
1000000000000000
1000000000000000
1000000000000000
0111111111111111
0111111111111111
0111111111111111
0111111111111111
1000000000000000
1000000000000000
1000000000000000
1101000100110001
0111111111111111
0111111111111111
0111111111111111
1101100001101000
1000000000000000
1000000000000000
1000000000000000
0111111111111111
0111111111111111
0111111111111111
0111111111111111
1000000000000000
1000000000000000
1000000000000000
1101000100111001
0111111111111111
0111111111111111
0111111111111111
1101011111011001
1000000000000000
1000000000000000
1000000000000000
0111111111111111
0111111111111111
0111111111111111
0111111111111111
1000000000000000
1000000000000000
1000000000000000
1101000100001101
0111111111111111
0111111111111111
0111111111111111
1101100001011111
1000000000000000
1000000000000000
1000000000000000
0111111111111111
0111111111111111
0111111111111111
0111111111111111
1000000000000000
1000000000000000
1000000000000000
1101000100100011
0111111111111111
0111111111111111
0111111111111111
1101011101101000
1000000000000000
1000000000000000
1000000000000000
0111111111111111
0111111111111111
0111111111111111
0111111111111111
1000000000000000
1000000000000000
1000000000000000
1101000010101110
0111111111111111
0111111111111111
0111111111111111
1101100011011110
1000000000000000
1000000000000000
1000000000000000
0111111111111111
0111111111111111
0111111111111111
0111111111111111
1000000000000000
1000000000000000
1000000000000000
1101000011011010
0111111111111111
0111111111111111
0111111111111111
1101100010011111
1000000000000000
1000000000000000
1000000000000000
0111111111111111
0111111111111111
0111111111111111
0111111111111111
1000000000000000
1000000000000000
1000000000000000
1101000001100111
0111111111111111
0111111111111111
0111111111111111
1101100000110111
1000000000000000
1000000000000000
1000000000000000
0111111111111111
0111111111111111
0111111111111111
0111111111111111
1000000000000000
1000000000000000
1000000000000000
1101000100001111
0111111111111111
0111111111111111
0111111111111111
1101100001010111
1000000000000000
1000000000000000
1000000000000000
0111111111111111
0111111111111111
0111111111111111
0111111111111111
1000000000000000
1000000000000000
1000000000000000
1101000000101110
0111111111111111
0111111111111111
0111111111111111
1101100001011001
1000000000000000
1000000000000000
1000000000000000
0111111111111111
0111111111111111
0111111111111111
0111111111111111
1000000000000000
1000000000000000
1000000000000000
1101000000000000
0111111111111111
0111111111111111
0111111111111111
1101100000001101
1000000000000000
1000000000000000
1000000000000000
0111111111111111
0111111111111111
0111111111111111
0111111111111111
1000000000000000
1000000000000000
1000000000000000
1101000000011101
0111111111111111
0111111111111111
0111111111111111
1101100001101111
1000000000000000
1000000000000000
1000000000000000
0111111111111111
0111111111111111
0111111111111111
0111111111111111
1000000000000000
1000000000000000
1000000000000000
1101000011000101
0111111111111111
0111111111111111
0111111111111111
1101100001011111
1000000000000000
1000000000000000
1000000000000000
0111111111111111
0111111111111111
0111111111111111
0111111111111111
1000000000000000
1000000000000000
1000000000000000
1101000011111001
0111111111111111
0111111111111111
0111111111111111
1101100010101100
1000000000000000
1000000000000000
1000000000000000
0111111111111111
0111111111111111
0111111111111111
0111111111111111
1000000000000000
1000000000000000
1000000000000000
1101000100001011
0111111111111111
0111111111111111
0111111111111111
1101100000110100
1000000000000000
1000000000000000
1000000000000000
0111111111111111
0111111111111111
0111111111111111
0111111111111111
1000000000000000
1000000000000000
1000000000000000
1101000001010110
0111111111111111
0111111111111111
0111111111111111
1101100001000110
1000000000000000
1000000000000000
1000000000000000
0111111111111111
0111111111111111
0111111111111111
0111111111111111
1000000000000000
1000000000000000
1000000000000000
1101000100101101
0111111111111111
0111111111111111
0111111111111111
1101011111100010
1000000000000000
1000000000000000
1000000000000000
0111111111111111
0111111111111111
0111111111111111
0111111111111111
1000000000000000
1000000000000000
1000000000000000
1101000000110111
0111111111111111
0111111111111111
0111111111111111
1101100000011100
1000000000000000
1000000000000000
1000000000000000
0111111111111111
0111111111111111
0111111111111111
0111111111111111
1000000000000000
1000000000000000
1000000000000000
1101000001111111
0111111111111111
0111111111111111
0111111111111111
1101011110111010
1000000000000000
1000000000000000
1000000000000000
0111111111111111
0111111111111111
0111111111111111
0111111111111111
1000000000000000
1000000000000000
1000000000000000
1100111111110110
0111111111111111
0111111111111111
0111111111111111
1101100001000000
1000000000000000
1000000000000000
1000000000000000
0111111111111111
0111111111111111
0111111111111111
0111111111111111
1000000000000000
1000000000000000
1000000000000000
1101000001111101
0111111111111111
0111111111111111
0111111111111111
1101011111001011
1000000000000000
1000000000000000
1000000000000000
0111111111111111
0111111111111111
0111111111111111
0111111111111111
1000000000000000
1000000000000000
1000000000000000
1101000001000100
0111111111111111
0111111111111111
0111111111111111
1101100001110100
1000000000000000
1000000000000000
1000000000000000
0111111111111111
0111111111111111
0111111111111111
0111111111111111
1000000000000000
1000000000000000
1000000000000000
1100111110100101
0111111111111111
0111111111111111
0111111111111111
1101011110100010
1000000000000000
1000000000000000
1000000000000000
0111111111111111
0111111111111111
0111111111111111
0111111111111111
1000000000000000
1000000000000000
1000000000000000
1101000001100111
0111111111111111
0111111111111111
0111111111111111
1101100010000100
1000000000000000
1000000000000000
1000000000000000
0111111111111111
0111111111111111
0111111111111111
0111111111111111
1000000000000000
1000000000000000
1000000000000000
1101000000111011
0111111111111111
0111111111111111
0111111111111111
1101100000100101
1000000000000000
1000000000000000
1000000000000000
0111111111111111
0111111111111111
0111111111111111
0111111111111111
1000000000000000
1000000000000000
1000000000000000
1100111111110000
0111111111111111
0111111111111111
0111111111111111
1101100000010101
1000000000000000
1000000000000000
1000000000000000
0111111111111111
0111111111111111
0111111111111111
0111111111111111
1000000000000000
1000000000000000
1000000000000000
1101000010011100
0111111111111111
0111111111111111
0111111111111111
1101100010111010
1000000000000000
1000000000000000
1000000000000000
0111111111111111
0111111111111111
0111111111111111
0111111111111111
1000000000000000
1000000000000000
1000000000000000
1101000011100111
0111111111111111
0111111111111111
0111111111111111
1101011111010110
1000000000000000
1000000000000000
1000000000000000
0111111111111111
0111111111111111
0111111111111111
0111111111111111
1000000000000000
1000000000000000
1000000000000000
1100111111111011
0111111111111111
0111111111111111
0111111111111111
1101100010001001
1000000000000000
1000000000000000
1000000000000000
0111111111111111
0111111111111111
0111111111111111
0111111111111111
1000000000000000
1000000000000000
1000000000000000
1101000000111111
0111111111111111
0111111111111111
0111111111111111
1101100001001110
1000000000000000
1000000000000000
1000000000000000
0111111111111111
0111111111111111
0111111111111111
0111111111111111
1000000000000000
1000000000000000
1000000000000000
1101000000110011
0111111111111111
0111111111111111
0111111111111111
1101100010011011
1000000000000000
1000000000000000
1000000000000000
0111111111111111
0111111111111111
0111111111111111
0111111111111111
1000000000000000
1000000000000000
1000000000000000
1100111111100111
0111111111111111
0111111111111111
0111111111111111
1101100000000101
1000000000000000
1000000000000000
1000000000000000
0111111111111111
0111111111111111
0111111111111111
0111111111111111
1000000000000000
1000000000000000
1000000000000000
1101000011000100
0111111111111111
0111111111111111
0111111111111111
1101100001110000
1000000000000000
1000000000000000
1000000000000000
0111111111111111
0111111111111111
0111111111111111
0111111111111111
1000000000000000
1000000000000000
1000000000000000
1101000110010010
0111111111111111
0111111111111111
0111111111111111
1101100001110110
1000000000000000
1000000000000000
1000000000000000
0111111111111111
0111111111111111
0111111111111111
0111111111111111
1000000000000000
1000000000000000
1000000000000000
1100111111010010
0111111111111111
0111111111111111
0111111111111111
1101100010101110
1000000000000000
1000000000000000
1000000000000000
0111111111111111
0111111111111111
0111111111111111
0111111111111111
1000000000000000
1000000000000000
1000000000000000
1101000110010101
0111111111111111
0111111111111111
0111111111111111
1101100000011110
1000000000000000
1000000000000000
1000000000000000
0111111111111111
0111111111111111
0111111111111111
0111111111111111
1000000000000000
1000000000000000
1000000000000000
1101000000100000
0111111111111111
0111111111111111
0111111111111111
1101100000101101
1000000000000000
1000000000000000
1000000000000000
0111111111111111
0111111111111111
0111111111111111
0111111111111111
1000000000000000
1000000000000000
1000000000000000
1101000100011000
0111111111111111
0111111111111111
0111111111111111
1101100000111010
1000000000000000
1000000000000000
1000000000000000
0111111111111111
0111111111111111
0111111111111111
0111111111111111
1000000000000000
1000000000000000
1000000000000000
1101000001000111
0111111111111111
0111111111111111
0111111111111111
1101011111010101
1000000000000000
1000000000000000
1000000000000000
0111111111111111
0111111111111111
0111111111111111
0111111111111111
1000000000000000
1000000000000000
1000000000000000
1101000001001001
0111111111111111
0111111111111111
0111111111111111
1101011101101011
1000000000000000
1000000000000000
1000000000000000
0111111111111111
0111111111111111
0111111111111111
0111111111111111
1000000000000000
1000000000000000
1000000000000000
1101000000110101
0111111111111111
0111111111111111
0111111111111111
1101100011110000
1000000000000000
1000000000000000
1000000000000000
0111111111111111
0111111111111111
0111111111111111
0111111111111111
1000000000000000
1000000000000000
1000000000000000
1101000100101011
0111111111111111
0111111111111111
0111111111111111
1101100000100110
1000000000000000
1000000000000000
1000000000000000
0111111111111111
0111111111111111
0111111111111111
0111111111111111
1000000000000000
1000000000000000
1000000000000000
1101000011000001
0111111111111111
0111111111111111
0111111111111111
1101100011110000
1000000000000000
1000000000000000
1000000000000000
0111111111111111
0111111111111111
0111111111111111
0111111111111111
1000000000000000
1000000000000000
1000000000000000
1101000001110100
0111111111111111
0111111111111111
0111111111111111
1101100101000000
1000000000000000
1000000000000000
1000000000000000
0111111111111111
0111111111111111
0111111111111111
0111111111111111
1000000000000000
1000000000000000
1000000000000000
1101000011110110
0111111111111111
0111111111111111
0111111111111111
1101100010011011
1000000000000000
1000000000000000
1000000000000000
0111111111111111
0111111111111111
0111111111111111
0111111111111111
1000000000000000
1000000000000000
1000000000000000
1101000011011010
0111111111111111
0111111111111111
0111111111111111
1101100000001000
1000000000000000
1000000000000000
1000000000000000
0111111111111111
0111111111111111
0111111111111111
0111111111111111
1000000000000000
1000000000000000
1000000000000000
1101000100111000
0111111111111111
0111111111111111
0111111111111111
1101011110111100
1000000000000000
1000000000000000
1000000000000000
0111111111111111
0111111111111111
0111111111111111
0111111111111111
1000000000000000
1000000000000000
1000000000000000
1101000000011101
0111111111111111
0111111111111111
0111111111111111
1101100011000011
1000000000000000
1000000000000000
1000000000000000
0111111111111111
0111111111111111
0111111111111111
0111111111111111
1000000000000000
1000000000000000
1000000000000000
1101000001011110
0111111111111111
0111111111111111
0111111111111111
1101100000101100
1000000000000000
1000000000000000
1000000000000000
0111111111111111
0111111111111111
0111111111111111
0111111111111111
1000000000000000
1000000000000000
1000000000000000
1101000101001101
0111111111111111
0111111111111111
0111111111111111
1101100000101111
1000000000000000
1000000000000000
1000000000000000
0111111111111111
0111111111111111
0111111111111111
0111111111111111
1000000000000000
1000000000000000
1000000000000000
1101000011111100
0111111111111111
0111111111111111
0111111111111111
1101011111001111
1000000000000000
1000000000000000
1000000000000000
0111111111111111
0111111111111111
0111111111111111
0111111111111111
1000000000000000
1000000000000000
1000000000000000
1101000011111101
0111111111111111
0111111111111111
0111111111111111
1101100010000101
1000000000000000
1000000000000000
1000000000000000
0111111111111111
0111111111111111
0111111111111111
0111111111111111
1000000000000000
1000000000000000
1000000000000000
1100111111010110
0111111111111111
0111111111111111
0111111111111111
1101011111010110
1000000000000000
1000000000000000
1000000000000000
0111111111111111
0111111111111111
0111111111111111
0111111111111111
1000000000000000
1000000000000000
1000000000000000
1101000010100000
0111111111111111
0111111111111111
0111111111111111
1101100000101010
1000000000000000
1000000000000000
1000000000000000
0111111111111111
0111111111111111
0111111111111111
0111111111111111
1000000000000000
1000000000000000
1000000000000000
1101000101010000
0111111111111111
0111111111111111
0111111111111111
1101100001010110
1000000000000000
1000000000000000
1000000000000000
0111111111111111
0111111111111111
0111111111111111
0111111111111111
1000000000000000
1000000000000000
1000000000000000
1101000001100010
0111111111111111
0111111111111111
0111111111111111
1101011110101010
1000000000000000
1000000000000000
1000000000000000
0111111111111111
0111111111111111
0111111111111111
0111111111111111
1000000000000000
1000000000000000
1000000000000000
1101000011100000
0111111111111111
0111111111111111
0111111111111111
1101100010011000
1000000000000000
1000000000000000
1000000000000000
0111111111111111
0111111111111111
0111111111111111
0111111111111111
1000000000000000
1000000000000000
1000000000000000
1101000010001100
0111111111111111
0111111111111111
0111111111111111
1101100001001101
1000000000000000
1000000000000000
1000000000000000
0111111111111111
0111111111111111
0111111111111111
0111111111111111
1000000000000000
1000000000000000
1000000000000000
1101000100010111
0111111111111111
0111111111111111
0111111111111111
1101011111100101
1000000000000000
1000000000000000
1000000000000000
0111111111111111
0111111111111111
0111111111111111
0111111111111111
1000000000000000
1000000000000000
1000000000000000
1101000001011110
0111111111111111
0111111111111111
0111111111111111
1101100100000100
1000000000000000
1000000000000000
1000000000000000
0111111111111111
0111111111111111
0111111111111111
0111111111111111
1000000000000000
1000000000000000
1000000000000000
1101000011010001
0111111111111111
0111111111111111
0111111111111111
1101011111110111
1000000000000000
1000000000000000
1000000000000000
0111111111111111
0111111111111111
0111111111111111
0111111111111111
1000000000000000
1000000000000000
1000000000000000
1101000001111101
0111111111111111
0111111111111111
0111111111111111
1101100011001101
1000000000000000
1000000000000000
1000000000000000
0111111111111111
0111111111111111
0111111111111111
0111111111111111
1000000000000000
1000000000000000
1000000000000000
1101000010111000
0111111111111111
0111111111111111
0111111111111111
1101100011000000
1000000000000000
1000000000000000
1000000000000000
0111111111111111
0111111111111111
0111111111111111
0111111111111111
1000000000000000
1000000000000000
1000000000000000
1101000100000001
0111111111111111
0111111111111111
0111111111111111
1101100010111100
1000000000000000
1000000000000000
1000000000000000
0111111111111111
0111111111111111
0111111111111111
0111111111111111
1000000000000000
1000000000000000
1000000000000000
1101000001001101
0111111111111111
0111111111111111
0111111111111111
1101100000001101
1000000000000000
1000000000000000
1000000000000000
0111111111111111
0111111111111111
0111111111111111
0111111111111111
1000000000000000
1000000000000000
1000000000000000
1101000011100011
0111111111111111
0111111111111111
0111111111111111
1101011111010000
1000000000000000
1000000000000000
1000000000000000
0111111111111111
0111111111111111
0111111111111111
0111111111111111
1000000000000000
1000000000000000
1000000000000000
1101000000011111
0111111111111111
0111111111111111
0111111111111111
1101100100111000
1000000000000000
1000000000000000
1000000000000000
0111111111111111
0111111111111111
0111111111111111
0111111111111111
1000000000000000
1000000000000000
1000000000000000
1101000011111011
0111111111111111
0111111111111111
0111111111111111
1101100001010000
1000000000000000
1000000000000000
1000000000000000
0111111111111111
0111111111111111
0111111111111111
0111111111111111
1000000000000000
1000000000000000
1000000000000000
1100111111111010
0111111111111111
0111111111111111
0111111111111111
1101100000001001
1000000000000000
1000000000000000
1000000000000000
0111111111111111
0111111111111111
0111111111111111
0111111111111111
1000000000000000
1000000000000000
1000000000000000
1101000010110100
0111111111111111
0111111111111111
0111111111111111
1101011101111000
1000000000000000
1000000000000000
1000000000000000
0111111111111111
0111111111111111
0111111111111111
0111111111111111
1000000000000000
1000000000000000
1000000000000000
1101000011010011
0111111111111111
0111111111111111
0111111111111111
1101100010001110
1000000000000000
1000000000000000
1000000000000000
0111111111111111
0111111111111111
0111111111111111
0111111111111111
1000000000000000
1000000000000000
1000000000000000
1101000100000010
0111111111111111
0111111111111111
0111111111111111
1101100001011111
1000000000000000
1000000000000000
1000000000000000
0111111111111111
0111111111111111
0111111111111111
0111111111111111
1000000000000000
1000000000000000
1000000000000000
1101000010000001
0111111111111111
0111111111111111
0111111111111111
1101100000111010
1000000000000000
1000000000000000
1000000000000000
0111111111111111
0111111111111111
0111111111111111
0111111111111111
1000000000000000
1000000000000000
1000000000000000
1101000001110010
0111111111111111
0111111111111111
0111111111111111
1101100100101101
1000000000000000
1000000000000000
1000000000000000
0111111111111111
0111111111111111
0111111111111111
0111111111111111
1000000000000000
1000000000000000
1000000000000000
1101000011110111
0111111111111111
0111111111111111
0111111111111111
1101100000111100
1000000000000000
1000000000000000
1000000000000000
0111111111111111
0111111111111111
0111111111111111
0111111111111111
1000000000000000
1000000000000000
1000000000000000
1101000101010110
0111111111111111
0111111111111111
0111111111111111
1101100001010101
1000000000000000
1000000000000000
1000000000000000
0111111111111111
0111111111111111
0111111111111111
0111111111111111
1000000000000000
1000000000000000
1000000000000000
1101000001000111
0111111111111111
0111111111111111
0111111111111111
1101100010011110
1000000000000000
1000000000000000
1000000000000000
0111111111111111
0111111111111111
0111111111111111
0111111111111111
1000000000000000
1000000000000000
1000000000000000
1101000101001101
0111111111111111
0111111111111111
0111111111111111
1101011111001000
1000000000000000
1000000000000000
1000000000000000
0111111111111111
0111111111111111
0111111111111111
0111111111111111
1000000000000000
1000000000000000
1000000000000000
1101000011001111
0111111111111111
0111111111111111
0111111111111111
1101100000101100
1000000000000000
1000000000000000
1000000000000000
0111111111111111
0111111111111111
0111111111111111
0111111111111111
1000000000000000
1000000000000000
1000000000000000
1101000011001001
0111111111111111
0111111111111111
0111111111111111
1101100011100111
1000000000000000
1000000000000000
1000000000000000
0111111111111111
0111111111111111
0111111111111111
0111111111111111
1000000000000000
1000000000000000
1000000000000000
1101000001001010
0111111111111111
0111111111111111
0111111111111111
1101100001010000
1000000000000000
1000000000000000
1000000000000000
0111111111111111
0111111111111111
0111111111111111
0111111111111111
1000000000000000
1000000000000000
1000000000000000
1100111111001011
0111111111111111
0111111111111111
0111111111111111
1101100011010101
1000000000000000
1000000000000000
1000000000000000
0111111111111111
0111111111111111
0111111111111111
0111111111111111
1000000000000000
1000000000000000
1000000000000000
1101000011001110
0111111111111111
0111111111111111
0111111111111111
1101100001110000
1000000000000000
1000000000000000
1000000000000000
0111111111111111
0111111111111111
0111111111111111
0111111111111111
1000000000000000
1000000000000000
1000000000000000
1101000100010001
0111111111111111
0111111111111111
0111111111111111
1101011110010110
1000000000000000
1000000000000000
1000000000000000
0111111111111111
0111111111111111
0111111111111111
0111111111111111
1000000000000000
1000000000000000
1000000000000000
1101000011001110
0111111111111111
0111111111111111
0111111111111111
1101100011110011
1000000000000000
1000000000000000
1000000000000000
0111111111111111
0111111111111111
0111111111111111
0111111111111111
1000000000000000
1000000000000000
1000000000000000
1101000010000111
0111111111111111
0111111111111111
0111111111111111
1101100001101100
1000000000000000
1000000000000000
1000000000000000
0111111111111111
0111111111111111
0111111111111111
0111111111111111
1000000000000000
1000000000000000
1000000000000000
1101000010000101
0111111111111111
0111111111111111
0111111111111111
1101011111011111
1000000000000000
1000000000000000
1000000000000000
0111111111111111
0111111111111111
0111111111111111
0111111111111111
1000000000000000
1000000000000000
1000000000000000
1100111110111101
0111111111111111
0111111111111111
0111111111111111
1101100010110011
1000000000000000
1000000000000000
1000000000000000
0111111111111111
0111111111111111
0111111111111111
0111111111111111
1000000000000000
1000000000000000
1000000000000000
1101000001110111
0111111111111111
0111111111111111
0111111111111111
1101100010011001
1000000000000000
1000000000000000
1000000000000000
0111111111111111
0111111111111111
0111111111111111
0111111111111111
1000000000000000
1000000000000000
1000000000000000
1100111111101010
0111111111111111
0111111111111111
0111111111111111
1101011110101000
1000000000000000
1000000000000000
1000000000000000
0111111111111111
0111111111111111
0111111111111111
0111111111111111
1000000000000000
1000000000000000
1000000000000000
1101000010100010
0111111111111111
0111111111111111
0111111111111111
1101100001001001
1000000000000000
1000000000000000
1000000000000000
0111111111111111
0111111111111111
0111111111111111
0111111111111111
1000000000000000
1000000000000000
1000000000000000
1101000100010010
0111111111111111
0111111111111111
0111111111111111
1101100001001000
1000000000000000
1000000000000000
1000000000000000
0111111111111111
0111111111111111
0111111111111111
0111111111111111
1000000000000000
1000000000000000
1000000000000000
1101000000100100
0111111111111111
0111111111111111
0111111111111111
1101011110010110
1000000000000000
1000000000000000
1000000000000000
0111111111111111
0111111111111111
0111111111111111
0111111111111111
1000000000000000
1000000000000000
