0000000000000000
1111101011100010
0111111111111111
0111111111111111
1011000100001111
1000000000000000
0111111111111111
0111111111111111
1000000000000000
1000000000000000
0111111111111111
0111111111111111
1000000000000000
1000000000000000
0111111111111111
0111111111111111
1000000000000000
1010000001100111
0111111111111111
1011000100011101
1000000000000000
0111111111111111
0111111111111111
1000000000000000
1000000000000000
0111111111111111
0111111111111111
1000000000000000
1000000000000000
0111111111111111
0111111111111111
1000000000000000
1010000010011100
0111111111111111
1011000101100001
1000000000000000
0111111111111111
0111111111111111
1000000000000000
1000000000000000
0111111111111111
0111111111111111
1000000000000000
1000000000000000
0111111111111111
0111111111111111
1000000000000000
1010000111100111
0111111111111111
1011000011010001
1000000000000000
0111111111111111
0111111111111111
1000000000000000
1000000000000000
0111111111111111
0111111111111111
1000000000000000
1000000000000000
0111111111111111
0111111111111111
1000000000000000
1010000000100010
0111111111111111
1011001011000000
1000000000000000
0111111111111111
0111111111111111
1000000000000000
1000000000000000
0111111111111111
0111111111111111
1000000000000000
1000000000000000
0111111111111111
0111111111111111
1000000000000000
1010000011011101
0111111111111111
1011000111001100
1000000000000000
0111111111111111
0111111111111111
1000000000000000
1000000000000000
0111111111111111
0111111111111111
1000000000000000
1000000000000000
0111111111111111
0111111111111111
1000000000000000
1001111110010001
0111111111111111
1011001000101010
1000000000000000
0111111111111111
0111111111111111
1000000000000000
1000000000000000
0111111111111111
0111111111111111
1000000000000000
1000000000000000
0111111111111111
0111111111111111
1000000000000000
1010000001010111
0111111111111111
1011000011000010
1000000000000000
0111111111111111
0111111111111111
1000000000000000
1000000000000000
0111111111111111
0111111111111111
1000000000000000
1000000000000000
0111111111111111
0111111111111111
1000000000000000
1001111111111011
0111111111111111
1011000100100000
1000000000000000
0111111111111111
0111111111111111
1000000000000000
1000000000000000
0111111111111111
0111111111111111
1000000000000000
1000000000000000
0111111111111111
0111111111111111
1000000000000000
1010000110011101
0111111111111111
1011001000100011
1000000000000000
0111111111111111
0111111111111111
1000000000000000
1000000000000000
0111111111111111
0111111111111111
1000000000000000
1000000000000000
0111111111111111
0111111111111111
1000000000000000
1001111110010100
0111111111111111
1011000110000111
1000000000000000
0111111111111111
0111111111111111
1000000000000000
1000000000000000
0111111111111111
0111111111111111
1000000000000000
1000000000000000
0111111111111111
0111111111111111
1000000000000000
1010000010010100
0111111111111111
1011000010100101
1000000000000000
0111111111111111
0111111111111111
1000000000000000
1000000000000000
0111111111111111
0111111111111111
1000000000000000
1000000000000000
0111111111111111
0111111111111111
1000000000000000
1010000011101111
0111111111111111
1011001001001101
1000000000000000
0111111111111111
0111111111111111
1000000000000000
1000000000000000
0111111111111111
0111111111111111
1000000000000000
1000000000000000
0111111111111111
0111111111111111
1000000000000000
1010000010010110
0111111111111111
1011000010001110
1000000000000000
0111111111111111
0111111111111111
1000000000000000
1000000000000000
0111111111111111
0111111111111111
1000000000000000
1000000000000000
0111111111111111
0111111111111111
1000000000000000
1010000011010011
0111111111111111
1011000011001100
1000000000000000
0111111111111111
0111111111111111
1000000000000000
1000000000000000
0111111111111111
0111111111111111
1000000000000000
1000000000000000
0111111111111111
0111111111111111
1000000000000000
1010000010101010
0111111111111111
1011000101011011
1000000000000000
0111111111111111
0111111111111111
1000000000000000
1000000000000000
0111111111111111
0111111111111111
1000000000000000
1000000000000000
0111111111111111
0111111111111111
1000000000000000
1010000011111010
0111111111111111
1011000101111100
1000000000000000
0111111111111111
0111111111111111
1000000000000000
1000000000000000
0111111111111111
0111111111111111
1000000000000000
1000000000000000
0111111111111111
0111111111111111
1000000000000000
1010000100010110
0111111111111111
1011000010110111
1000000000000000
0111111111111111
0111111111111111
1000000000000000
1000000000000000
0111111111111111
0111111111111111
1000000000000000
1000000000000000
0111111111111111
0111111111111111
1000000000000000
1010000100001011
0111111111111111
1011000100100011
1000000000000000
0111111111111111
0111111111111111
1000000000000000
1000000000000000
0111111111111111
0111111111111111
1000000000000000
1000000000000000
0111111111111111
0111111111111111
1000000000000000
1010000010111101
0111111111111111
1011000111101011
1000000000000000
0111111111111111
0111111111111111
1000000000000000
1000000000000000
0111111111111111
0111111111111111
1000000000000000
1000000000000000
0111111111111111
0111111111111111
1000000000000000
1010000001000101
0111111111111111
1011000101100100
1000000000000000
0111111111111111
0111111111111111
1000000000000000
1000000000000000
0111111111111111
0111111111111111
1000000000000000
1000000000000000
0111111111111111
0111111111111111
1000000000000000
1010000001111000
0111111111111111
1011000101111111
1000000000000000
0111111111111111
0111111111111111
1000000000000000
1000000000000000
0111111111111111
0111111111111111
1000000000000000
1000000000000000
0111111111111111
0111111111111111
1000000000000000
1010000001010010
0111111111111111
1011000011110101
1000000000000000
0111111111111111
0111111111111111
1000000000000000
1000000000000000
0111111111111111
0111111111111111
1000000000000000
1000000000000000
0111111111111111
0111111111111111
1000000000000000
1010000100010110
0111111111111111
1011000011111000
1000000000000000
0111111111111111
0111111111111111
1000000000000000
1000000000000000
0111111111111111
0111111111111111
1000000000000000
1000000000000000
0111111111111111
0111111111111111
1000000000000000
1010000110010110
0111111111111111
1011000010000010
1000000000000000
0111111111111111
0111111111111111
1000000000000000
1000000000000000
0111111111111111
0111111111111111
1000000000000000
1000000000000000
0111111111111111
0111111111111111
1000000000000000
1010000001010001
0111111111111111
1011000010111101
1000000000000000
0111111111111111
0111111111111111
1000000000000000
1000000000000000
0111111111111111
0111111111111111
1000000000000000
1000000000000000
0111111111111111
0111111111111111
1000000000000000
1001111111100010
0111111111111111
1011000110110110
1000000000000000
0111111111111111
0111111111111111
1000000000000000
1000000000000000
0111111111111111
0111111111111111
1000000000000000
1000000000000000
0111111111111111
0111111111111111
1000000000000000
1001111111010010
0111111111111111
1011000010001011
1000000000000000
0111111111111111
0111111111111111
1000000000000000
1000000000000000
0111111111111111
0111111111111111
1000000000000000
1000000000000000
0111111111111111
0111111111111111
1000000000000000
1001111111111110
0111111111111111
1011000011110011
1000000000000000
0111111111111111
0111111111111111
1000000000000000
1000000000000000
0111111111111111
0111111111111111
1000000000000000
1000000000000000
0111111111111111
0111111111111111
1000000000000000
1001111111100011
0111111111111111
1011000101000011
1000000000000000
0111111111111111
0111111111111111
1000000000000000
1000000000000000
0111111111111111
0111111111111111
1000000000000000
1000000000000000
0111111111111111
0111111111111111
1000000000000000
1010000110001100
0111111111111111
1011001000111001
1000000000000000
0111111111111111
0111111111111111
1000000000000000
1000000000000000
0111111111111111
0111111111111111
1000000000000000
1000000000000000
0111111111111111
0111111111111111
1000000000000000
1010000111110000
0111111111111111
1011000011111010
1000000000000000
0111111111111111
0111111111111111
1000000000000000
1000000000000000
0111111111111111
0111111111111111
1000000000000000
1000000000000000
0111111111111111
0111111111111111
1000000000000000
1010000100111010
0111111111111111
1011000011110110
1000000000000000
0111111111111111
0111111111111111
1000000000000000
1000000000000000
0111111111111111
0111111111111111
1000000000000000
1000000000000000
0111111111111111
0111111111111111
1000000000000000
1010000011110101
0111111111111111
1011000011010001
1000000000000000
0111111111111111
0111111111111111
1000000000000000
1000000000000000
0111111111111111
0111111111111111
1000000000000000
1000000000000000
0111111111111111
0111111111111111
1000000000000000
1010001000101101
0111111111111111
1011000110001111
1000000000000000
0111111111111111
0111111111111111
1000000000000000
1000000000000000
0111111111111111
0111111111111111
1000000000000000
1000000000000000
0111111111111111
0111111111111111
1000000000000000
1010000100001100
0111111111111111
1011000101100101
1000000000000000
0111111111111111
0111111111111111
1000000000000000
1000000000000000
0111111111111111
0111111111111111
1000000000000000
1000000000000000
0111111111111111
0111111111111111
1000000000000000
1001111110100100
0111111111111111
1011000101111011
1000000000000000
0111111111111111
0111111111111111
1000000000000000
1000000000000000
0111111111111111
0111111111111111
1000000000000000
1000000000000000
0111111111111111
0111111111111111
1000000000000000
1001111101011101
0111111111111111
1011000110100101
1000000000000000
0111111111111111
0111111111111111
1000000000000000
1000000000000000
0111111111111111
0111111111111111
1000000000000000
1000000000000000
0111111111111111
0111111111111111
1000000000000000
1010000101100001
0111111111111111
1011000011110001
1000000000000000
0111111111111111
0111111111111111
1000000000000000
1000000000000000
0111111111111111
0111111111111111
1000000000000000
1000000000000000
0111111111111111
0111111111111111
1000000000000000
1010000010000111
0111111111111111
1011000111011000
1000000000000000
0111111111111111
0111111111111111
1000000000000000
1000000000000000
0111111111111111
0111111111111111
1000000000000000
1000000000000000
0111111111111111
0111111111111111
1000000000000000
1010000010110100
0111111111111111
1011000100100111
1000000000000000
0111111111111111
0111111111111111
1000000000000000
1000000000000000
0111111111111111
0111111111111111
1000000000000000
1000000000000000
0111111111111111
0111111111111111
1000000000000000
1010000111100111
0111111111111111
1011000111001001
1000000000000000
0111111111111111
0111111111111111
1000000000000000
1000000000000000
0111111111111111
0111111111111111
1000000000000000
1000000000000000
0111111111111111
0111111111111111
1000000000000000
1010000011110100
0111111111111111
1011000011110000
1000000000000000
0111111111111111
0111111111111111
1000000000000000
1000000000000000
0111111111111111
0111111111111111
1000000000000000
1000000000000000
0111111111111111
0111111111111111
1000000000000000
1010000010000100
0111111111111111
1011000111110001
1000000000000000
0111111111111111
0111111111111111
1000000000000000
1000000000000000
0111111111111111
0111111111111111
1000000000000000
1000000000000000
0111111111111111
0111111111111111
1000000000000000
1010000011101010
0111111111111111
1011000100010100
1000000000000000
0111111111111111
0111111111111111
1000000000000000
1000000000000000
0111111111111111
0111111111111111
1000000000000000
1000000000000000
0111111111111111
0111111111111111
1000000000000000
1001111100000110
0111111111111111
1011000001110111
1000000000000000
0111111111111111
0111111111111111
1000000000000000
1000000000000000
0111111111111111
0111111111111111
1000000000000000
1000000000000000
0111111111111111
0111111111111111
1000000000000000
1010000111010100
0111111111111111
1011000110010110
1000000000000000
0111111111111111
0111111111111111
1000000000000000
1000000000000000
0111111111111111
0111111111111111
1000000000000000
1000000000000000
0111111111111111
0111111111111111
1000000000000000
1010000000110110
0111111111111111
1011000001100000
1000000000000000
0111111111111111
0111111111111111
1000000000000000
1000000000000000
0111111111111111
0111111111111111
1000000000000000
1000000000000000
0111111111111111
0111111111111111
1000000000000000
1010000010100010
0111111111111111
1011000000101001
1000000000000000
0111111111111111
0111111111111111
1000000000000000
1000000000000000
0111111111111111
0111111111111111
1000000000000000
1000000000000000
0111111111111111
0111111111111111
1000000000000000
1010000101000001
0111111111111111
1011000100101110
1000000000000000
0111111111111111
0111111111111111
1000000000000000
1000000000000000
0111111111111111
0111111111111111
1000000000000000
1000000000000000
0111111111111111
0111111111111111
1000000000000000
1010000111010100
0111111111111111
1011000110010101
1000000000000000
0111111111111111
0111111111111111
1000000000000000
1000000000000000
0111111111111111
0111111111111111
1000000000000000
1000000000000000
0111111111111111
0111111111111111
1000000000000000
1001111111111101
0111111111111111
1011000110111100
1000000000000000
0111111111111111
0111111111111111
1000000000000000
1000000000000000
0111111111111111
0111111111111111
1000000000000000
1000000000000000
0111111111111111
0111111111111111
1000000000000000
1010000111100101
0111111111111111
1011001010010010
1000000000000000
0111111111111111
0111111111111111
1000000000000000
1000000000000000
0111111111111111
0111111111111111
1000000000000000
1000000000000000
0111111111111111
0111111111111111
1000000000000000
1010000111000101
0111111111111111
1011000010111001
1000000000000000
0111111111111111
0111111111111111
1000000000000000
1000000000000000
0111111111111111
0111111111111111
1000000000000000
1000000000000000
0111111111111111
0111111111111111
1000000000000000
1010000000010110
0111111111111111
1011001010011001
1000000000000000
0111111111111111
0111111111111111
1000000000000000
1000000000000000
0111111111111111
0111111111111111
1000000000000000
1000000000000000
0111111111111111
0111111111111111
1000000000000000
1010000000011111
0111111111111111
1011000110011111
1000000000000000
0111111111111111
0111111111111111
1000000000000000
1000000000000000
0111111111111111
0111111111111111
1000000000000000
1000000000000000
0111111111111111
0111111111111111
1000000000000000
1010000001111110
0111111111111111
1011000011011001
1000000000000000
0111111111111111
0111111111111111
1000000000000000
1000000000000000
0111111111111111
0111111111111111
1000000000000000
1000000000000000
0111111111111111
0111111111111111
1000000000000000
1010000010110001
0111111111111111
1011001000010100
1000000000000000
0111111111111111
0111111111111111
1000000000000000
1000000000000000
0111111111111111
0111111111111111
1000000000000000
1000000000000000
0111111111111111
0111111111111111
1000000000000000
1001111110110010
0111111111111111
1011000011110110
1000000000000000
0111111111111111
0111111111111111
1000000000000000
1000000000000000
0111111111111111
0111111111111111
1000000000000000
1000000000000000
0111111111111111
0111111111111111
1000000000000000
1010000011101101
0111111111111111
1011000111001100
1000000000000000
0111111111111111
0111111111111111
1000000000000000
1000000000000000
0111111111111111
0111111111111111
1000000000000000
1000000000000000
0111111111111111
0111111111111111
1000000000000000
1010000010100101
0111111111111111
1011000111011001
1000000000000000
0111111111111111
0111111111111111
1000000000000000
1000000000000000
0111111111111111
0111111111111111
1000000000000000
1000000000000000
0111111111111111
0111111111111111
1000000000000000
1010000101010111
0111111111111111
1011000111110000
1000000000000000
0111111111111111
0111111111111111
1000000000000000
1000000000000000
0111111111111111
0111111111111111
1000000000000000
1000000000000000
0111111111111111
0111111111111111
1000000000000000
1010000011110001
0111111111111111
1011000110101101
1000000000000000
0111111111111111
0111111111111111
1000000000000000
1000000000000000
0111111111111111
0111111111111111
1000000000000000
1000000000000000
0111111111111111
0111111111111111
1000000000000000
1010000101011000
0111111111111111
1011000111100000
1000000000000000
0111111111111111
0111111111111111
1000000000000000
1000000000000000
0111111111111111
0111111111111111
1000000000000000
1000000000000000
0111111111111111
0111111111111111
1000000000000000
1010000000110011
0111111111111111
1011000111000110
1000000000000000
0111111111111111
0111111111111111
1000000000000000
1000000000000000
0111111111111111
0111111111111111
1000000000000000
1000000000000000
0111111111111111
0111111111111111
1000000000000000
1010000100010111
0111111111111111
1011001010111110
1000000000000000
0111111111111111
0111111111111111
1000000000000000
1000000000000000
0111111111111111
0111111111111111
1000000000000000
1000000000000000
0111111111111111
0111111111111111
1000000000000000
1010000011000111
0111111111111111
1011000100110101
1000000000000000
0111111111111111
0111111111111111
1000000000000000
1000000000000000
0111111111111111
0111111111111111
1000000000000000
1000000000000000
0111111111111111
0111111111111111
1000000000000000
1010000110010010
0111111111111111
1011001000000011
1000000000000000
0111111111111111
0111111111111111
1000000000000000
1000000000000000
0111111111111111
0111111111111111
1000000000000000
1000000000000000
0111111111111111
0111111111111111
1000000000000000
1010000001100100
0111111111111111
1011000001011011
1000000000000000
0111111111111111
0111111111111111
1000000000000000
1000000000000000
0111111111111111
0111111111111111
1000000000000000
1000000000000000
0111111111111111
0111111111111111
1000000000000000
1001111110000000
0111111111111111
1011001000010000
1000000000000000
0111111111111111
0111111111111111
1000000000000000
1000000000000000
0111111111111111
0111111111111111
1000000000000000
1000000000000000
0111111111111111
0111111111111111
1000000000000000
1010000010110110
0111111111111111
1011000101010000
1000000000000000
0111111111111111
0111111111111111
1000000000000000
1000000000000000
0111111111111111
0111111111111111
1000000000000000
1000000000000000
0111111111111111
0111111111111111
1000000000000000
1010000001110011
0111111111111111
1011000111110101
1000000000000000
0111111111111111
0111111111111111
1000000000000000
1000000000000000
0111111111111111
0111111111111111
1000000000000000
1000000000000000
0111111111111111
0111111111111111
1000000000000000
1010000101010001
0111111111111111
1011000111010010
1000000000000000
0111111111111111
0111111111111111
1000000000000000
1000000000000000
0111111111111111
0111111111111111
1000000000000000
1000000000000000
0111111111111111
0111111111111111
1000000000000000
1010000011110111
0111111111111111
1011000111101100
1000000000000000
0111111111111111
0111111111111111
1000000000000000
1000000000000000
0111111111111111
0111111111111111
1000000000000000
1000000000000000
0111111111111111
0111111111111111
1000000000000000
1010000100101101
0111111111111111
1011000000111100
1000000000000000
0111111111111111
0111111111111111
1000000000000000
1000000000000000
0111111111111111
0111111111111111
1000000000000000
1000000000000000
0111111111111111
0111111111111111
1000000000000000
1010001000010111
0111111111111111
1011000100100001
1000000000000000
0111111111111111
0111111111111111
1000000000000000
1000000000000000
0111111111111111
0111111111111111
1000000000000000
1000000000000000
0111111111111111
0111111111111111
1000000000000000
1010000111111001
0111111111111111
1011000111100101
1000000000000000
0111111111111111
0111111111111111
1000000000000000
1000000000000000
0111111111111111
0111111111111111
1000000000000000
1000000000000000
0111111111111111
0111111111111111
1000000000000000
1001111110110101
0111111111111111
1011000100101001
1000000000000000
0111111111111111
0111111111111111
1000000000000000
1000000000000000
0111111111111111
0111111111111111
1000000000000000
1000000000000000
0111111111111111
0111111111111111
1000000000000000
1010000011011010
0111111111111111
1011000000000110
1000000000000000
0111111111111111
0111111111111111
1000000000000000
1000000000000000
0111111111111111
0111111111111111
1000000000000000
1000000000000000
0111111111111111
0111111111111111
1000000000000000
1010000010011100
0111111111111111
1011000011001001
1000000000000000
0111111111111111
0111111111111111
1000000000000000
1000000000000000
0111111111111111
0111111111111111
1000000000000000
1000000000000000
0111111111111111
0111111111111111
1000000000000000
1010000111001010
0111111111111111
1011000111110001
1000000000000000
0111111111111111
0111111111111111
1000000000000000
1000000000000000
0111111111111111
0111111111111111
1000000000000000
1000000000000000
0111111111111111
0111111111111111
1000000000000000
1010000001110111
0111111111111111
1011001001111110
1000000000000000
0111111111111111
0111111111111111
1000000000000000
1000000000000000
0111111111111111
0111111111111111
1000000000000000
1000000000000000
0111111111111111
0111111111111111
1000000000000000
1010000100000011
0111111111111111
1011001000110100
1000000000000000
0111111111111111
0111111111111111
1000000000000000
1000000000000000
0111111111111111
0111111111111111
1000000000000000
1000000000000000
0111111111111111
0111111111111111
1000000000000000
1010000101110101
0111111111111111
1011000101011101
1000000000000000
0111111111111111
0111111111111111
1000000000000000
1000000000000000
0111111111111111
0111111111111111
1000000000000000
1000000000000000
0111111111111111
0111111111111111
1000000000000000
1010000011001001
0111111111111111
1011000101101111
1000000000000000
0111111111111111
0111111111111111
1000000000000000
1000000000000000
0111111111111111
0111111111111111
1000000000000000
1000000000000000
0111111111111111
0111111111111111
1000000000000000
1010000000010011
0111111111111111
1011000100110010
1000000000000000
0111111111111111
0111111111111111
1000000000000000
1000000000000000
0111111111111111
0111111111111111
1000000000000000
1000000000000000
0111111111111111
0111111111111111
1000000000000000
1001111110001001
0111111111111111
1011001000111111
1000000000000000
0111111111111111
0111111111111111
1000000000000000
1000000000000000
0111111111111111
0111111111111111
1000000000000000
1000000000000000
0111111111111111
0111111111111111
1000000000000000
1010000011110111
0111111111111111
1011000010111111
1000000000000000
0111111111111111
0111111111111111
1000000000000000
1000000000000000
0111111111111111
0111111111111111
1000000000000000
1000000000000000
0111111111111111
0111111111111111
1000000000000000
1010000100011000
0111111111111111
1011000011001110
1000000000000000
0111111111111111
0111111111111111
1000000000000000
1000000000000000
0111111111111111
0111111111111111
1000000000000000
1000000000000000
0111111111111111
0111111111111111
1000000000000000
1010000010110011
0111111111111111
1011000101100000
1000000000000000
0111111111111111
0111111111111111
1000000000000000
1000000000000000
0111111111111111
0111111111111111
1000000000000000
1000000000000000
0111111111111111
0111111111111111
1000000000000000
1010000001010101
0111111111111111
1011000111001101
1000000000000000
0111111111111111
0111111111111111
1000000000000000
1000000000000000
0111111111111111
0111111111111111
1000000000000000
1000000000000000
0111111111111111
0111111111111111
1000000000000000
1010000011011101
0111111111111111
1011000001101010
1000000000000000
0111111111111111
0111111111111111
1000000000000000
1000000000000000
0111111111111111
0111111111111111
1000000000000000
1000000000000000
0111111111111111
0111111111111111
1000000000000000
1010000011111011
0111111111111111
1011000110011011
1000000000000000
0111111111111111
0111111111111111
1000000000000000
1000000000000000
0111111111111111
0111111111111111
1000000000000000
1000000000000000
0111111111111111
0111111111111111
1000000000000000
1010000010111011
0111111111111111
1011000111111011
1000000000000000
0111111111111111
0111111111111111
1000000000000000
1000000000000000
0111111111111111
0111111111111111
1000000000000000
1000000000000000
0111111111111111
0111111111111111
1000000000000000
1010000110001110
0111111111111111
1011001010100110
1000000000000000
0111111111111111
0111111111111111
1000000000000000
1000000000000000
0111111111111111
0111111111111111
1000000000000000
1000000000000000
0111111111111111
0111111111111111
1000000000000000
1010000110110101
0111111111111111
1011000010111001
1000000000000000
0111111111111111
0111111111111111
1000000000000000
1000000000000000
0111111111111111
0111111111111111
1000000000000000
1000000000000000
0111111111111111
0111111111111111
1000000000000000
1010000000011110
0111111111111111
1011000001011000
1000000000000000
0111111111111111
0111111111111111
1000000000000000
1000000000000000
0111111111111111
0111111111111111
1000000000000000
1000000000000000
0111111111111111
0111111111111111
1000000000000000
1010000000101011
0111111111111111
1011000111001110
1000000000000000
0111111111111111
0111111111111111
1000000000000000
1000000000000000
0111111111111111
0111111111111111
1000000000000000
1000000000000000
0111111111111111
0111111111111111
1000000000000000
1010000100011100
0111111111111111
1011000011101000
1000000000000000
0111111111111111
0111111111111111
1000000000000000
1000000000000000
0111111111111111
0111111111111111
1000000000000000
1000000000000000
0111111111111111
0111111111111111
1000000000000000
1010000100110011
0111111111111111
1011000010010010
1000000000000000
0111111111111111
0111111111111111
1000000000000000
1000000000000000
0111111111111111
0111111111111111
1000000000000000
1000000000000000
0111111111111111
0111111111111111
1000000000000000
1010000101011111
0111111111111111
1011000100011111
1000000000000000
0111111111111111
0111111111111111
1000000000000000
1000000000000000
0111111111111111
0111111111111111
1000000000000000
1000000000000000
0111111111111111
0111111111111111
1000000000000000
1010000011100110
0111111111111111
1011000110110101
1000000000000000
0111111111111111
0111111111111111
1000000000000000
1000000000000000
0111111111111111
0111111111111111
1000000000000000
1000000000000000
0111111111111111
0111111111111111
1000000000000000
1010000011000101
0111111111111111
1011000010011010
1000000000000000
0111111111111111
0111111111111111
1000000000000000
1000000000000000
0111111111111111
0111111111111111
1000000000000000
1000000000000000
0111111111111111
0111111111111111
1000000000000000
1010000101011010
0111111111111111
1011000100110110
1000000000000000
0111111111111111
0111111111111111
1000000000000000
1000000000000000
0111111111111111
0111111111111111
1000000000000000
1000000000000000
0111111111111111
0111111111111111
1000000000000000
1010000101101010
0111111111111111
1011000100000001
1000000000000000
0111111111111111
0111111111111111
1000000000000000
1000000000000000
0111111111111111
0111111111111111
1000000000000000
1000000000000000
0111111111111111
0111111111111111
1000000000000000
1010000000110100
0111111111111111
1011000101110010
1000000000000000
0111111111111111
0111111111111111
1000000000000000
1000000000000000
0111111111111111
0111111111111111
1000000000000000
1000000000000000
0111111111111111
0111111111111111
1000000000000000
1010000010000011
0111111111111111
1011000100000011
1000000000000000
0111111111111111
0111111111111111
1000000000000000
1000000000000000
0111111111111111
0111111111111111
1000000000000000
1000000000000000
0111111111111111
0111111111111111
1000000000000000
1010000000101010
0111111111111111
1011000010110101
1000000000000000
0111111111111111
0111111111111111
1000000000000000
1000000000000000
0111111111111111
0111111111111111
1000000000000000
1000000000000000
0111111111111111
0111111111111111
1000000000000000
1010000011011011
0111111111111111
1011000011111011
1000000000000000
0111111111111111
0111111111111111
1000000000000000
1000000000000000
0111111111111111
0111111111111111
1000000000000000
1000000000000000
0111111111111111
0111111111111111
1000000000000000
1010000001110011
0111111111111111
1011000011110010
1000000000000000
0111111111111111
0111111111111111
1000000000000000
1000000000000000
0111111111111111
0111111111111111
1000000000000000
1000000000000000
0111111111111111
0111111111111111
1000000000000000
1001111111011100
0111111111111111
1011000101001100
1000000000000000
0111111111111111
0111111111111111
1000000000000000
1000000000000000
0111111111111111
0111111111111111
1000000000000000
1000000000000000
0111111111111111
0111111111111111
1000000000000000
1010000001111100
0111111111111111
1011000101111100
1000000000000000
0111111111111111
0111111111111111
1000000000000000
1000000000000000
0111111111111111
0111111111111111
1000000000000000
1000000000000000
0111111111111111
0111111111111111
1000000000000000
1010000011111001
0111111111111111
1011000110000001
1000000000000000
0111111111111111
0111111111111111
1000000000000000
1000000000000000
0111111111111111
0111111111111111
1000000000000000
1000000000000000
0111111111111111
0111111111111111
1000000000000000
1010000100000100
0111111111111111
1011000111000010
1000000000000000
0111111111111111
0111111111111111
1000000000000000
1000000000000000
0111111111111111
0111111111111111
1000000000000000
1000000000000000
0111111111111111
0111111111111111
1000000000000000
1010000000111001
0111111111111111
1011001000110000
1000000000000000
0111111111111111
0111111111111111
1000000000000000
1000000000000000
0111111111111111
0111111111111111
1000000000000000
1000000000000000
0111111111111111
0111111111111111
1000000000000000
1001111111011101
0111111111111111
1011000011010010
1000000000000000
0111111111111111
0111111111111111
1000000000000000
1000000000000000
0111111111111111
0111111111111111
1000000000000000
1000000000000000
0111111111111111
0111111111111111
1000000000000000
1001111111110110
0111111111111111
1011000101010011
1000000000000000
0111111111111111
0111111111111111
1000000000000000
1000000000000000
0111111111111111
0111111111111111
1000000000000000
1000000000000000
0111111111111111
0111111111111111
1000000000000000
1010000001101110
0111111111111111
1011000111111110
1000000000000000
0111111111111111
0111111111111111
1000000000000000
1000000000000000
0111111111111111
0111111111111111
1000000000000000
1000000000000000
0111111111111111
0111111111111111
1000000000000000
1010000101001001
0111111111111111
1011000010100010
1000000000000000
0111111111111111
0111111111111111
1000000000000000
1000000000000000
0111111111111111
0111111111111111
1000000000000000
1000000000000000
0111111111111111
0111111111111111
1000000000000000
1010000011100011
0111111111111111
1011000110001100
1000000000000000
0111111111111111
0111111111111111
1000000000000000
1000000000000000
0111111111111111
0111111111111111
1000000000000000
1000000000000000
0111111111111111
0111111111111111
1000000000000000
1010000010110011
0111111111111111
1011000101110000
1000000000000000
0111111111111111
0111111111111111
1000000000000000
1000000000000000
0111111111111111
0111111111111111
1000000000000000
1000000000000000
0111111111111111
0111111111111111
1000000000000000
1010000010101100
0111111111111111
1011000011011110
1000000000000000
0111111111111111
0111111111111111
1000000000000000
1000000000000000
0111111111111111
0111111111111111
1000000000000000
1000000000000000
0111111111111111
0111111111111111
1000000000000000
1010000100000000
0111111111111111
1011000110001011
1000000000000000
0111111111111111
0111111111111111
1000000000000000
1000000000000000
0111111111111111
0111111111111111
1000000000000000
1000000000000000
0111111111111111
0111111111111111
1000000000000000
1010000010001000
0111111111111111
1011000110110100
1000000000000000
0111111111111111
0111111111111111
1000000000000000
1000000000000000
0111111111111111
0111111111111111
1000000000000000
1000000000000000
0111111111111111
0111111111111111
1000000000000000
1010000100001111
0111111111111111
1011001000000011
1000000000000000
0111111111111111
0111111111111111
1000000000000000
1000000000000000
0111111111111111
0111111111111111
1000000000000000
1000000000000000
0111111111111111
0111111111111111
1000000000000000
1010000001101100
0111111111111111
1011000011101101
1000000000000000
0111111111111111
0111111111111111
1000000000000000
1000000000000000
0111111111111111
0111111111111111
1000000000000000
1000000000000000
0111111111111111
0111111111111111
1000000000000000
1001111011100100
0111111111111111
1011001001001100
1000000000000000
0111111111111111
0111111111111111
1000000000000000
1000000000000000
0111111111111111
0111111111111111
1000000000000000
1000000000000000
0111111111111111
0111111111111111
1000000000000000
1001111111111101
0111111111111111
1011000111011111
1000000000000000
0111111111111111
0111111111111111
1000000000000000
1000000000000000
0111111111111111
0111111111111111
1000000000000000
1000000000000000
0111111111111111
0111111111111111
1000000000000000
1010000011000101
0111111111111111
1011000100010110
1000000000000000
0111111111111111
0111111111111111
1000000000000000
1000000000000000
0111111111111111
0111111111111111
1000000000000000
1000000000000000
0111111111111111
0111111111111111
1000000000000000
1001111100110010
0111111111111111
1011000100010000
1000000000000000
0111111111111111
0111111111111111
1000000000000000
1000000000000000
0111111111111111
0111111111111111
1000000000000000
1000000000000000
0111111111111111
0111111111111111
1000000000000000
1010000101000101
0111111111111111
1011001001100001
1000000000000000
0111111111111111
0111111111111111
1000000000000000
1000000000000000
0111111111111111
0111111111111111
1000000000000000
1000000000000000
0111111111111111
0111111111111111
1000000000000000
1010000011111001
0111111111111111
1011000101101100
1000000000000000
0111111111111111
0111111111111111
1000000000000000
1000000000000000
0111111111111111
0111111111111111
1000000000000000
1000000000000000
0111111111111111
0111111111111111
1000000000000000
1010001001011011
0111111111111111
1011000100010101
1000000000000000
0111111111111111
0111111111111111
1000000000000000
1000000000000000
0111111111111111
0111111111111111
1000000000000000
1000000000000000
0111111111111111
0111111111111111
1000000000000000
1010000101011110
0111111111111111
1011000010000111
